1
292,351,292,156,379,156,379,351
292,351,292,156,379,156,379,351
292,351,292,156,379,156,379,351
358.185,355.283,275.373,348.614,291.426,149.296,374.238,155.965
365.836,355.747,271.635,346.2,291.778,147.457,385.979,157.005
366.318,357.311,267.715,348.462,285.778,147.185,384.382,156.034
366.954,358.503,266.409,349.298,284.76,148.851,385.305,158.056
361.25,359.005,263.442,349.6,282.612,150.232,380.42,159.637
377.161,355.132,271.054,350.711,279.307,152.638,385.414,157.059
372.503,355.223,264.405,350.179,273.741,150.121,381.839,155.166
269.468,351.929,265.197,142.649,369.276,140.525,373.547,349.805
268,351,268,152,375,152,375,351
368.651,353.151,262.183,350.853,266.605,145.956,373.074,148.253
264.32,351.839,260.513,139.889,370.047,137.921,373.854,349.871
271.445,353.748,256.207,145.497,372.56,136.983,387.798,345.234
255,351,255,154,382,154,382,351
300.658,359.734,187.382,303.705,282.925,110.543,396.201,166.572
247,351,247,149,386,149,386,351
300.565,363.41,176.87,298.269,282.518,97.6573,406.213,162.798
296.316,361.478,172.352,294.23,288.097,80.8696,412.06,148.118
328.424,370.557,186.391,323.812,262.147,93.6306,404.18,140.376
295.374,363.646,166.798,290.973,294.842,64.4326,423.418,137.106
304.267,364.992,163.838,292.93,276.632,73.127,417.061,145.189
368.356,351.678,194.027,331.076,218.783,121.602,393.112,142.204
367.983,349.849,173.699,327.517,196.131,132.36,390.415,154.691
373.659,343.987,184.741,336.813,191.987,145.999,380.905,153.174
358.975,347.734,195.627,330.54,217.238,125.236,380.586,142.43
212,351,212,139,372,139,372,351
196,331,196,144,377,144,377,331
178,336,178,142,376,142,376,336
366.776,337.279,181.914,326.007,193.697,132.774,378.558,144.046
379.347,332.943,185.99,326.276,192.531,136.605,385.887,143.272
363.435,341.072,176.464,318.142,199.109,133.495,386.08,156.425
191,327,191,142,411,142,411,327
410.355,327.204,138.565,319.655,143.44,144.151,415.231,151.701
345.452,346.281,138.9,289.58,188.217,109.923,394.77,166.623
370.563,336.034,164.828,316.625,182.331,131.088,388.066,150.497
358.269,329.61,165.742,318.449,176.447,133.78,368.974,144.941
341.889,336.701,156.765,294.083,197.067,119.023,382.191,161.641
335.275,324.738,155.646,259.812,215.096,95.3357,394.725,160.262
342.377,342.679,148.226,287.208,195.924,120.264,390.076,175.736
178,319,178,137,376,137,376,319
317.986,334.873,137.319,240.926,214.926,91.6814,395.593,185.628
357.26,327.809,158.728,297.266,184.416,130.295,382.948,160.838
366.3,328.9,163.72,299.96,187.52,133.36,390.1,162.3
367.507,324.695,169.405,305.759,186.233,129.721,384.334,148.657
183.386,322.777,169.04,142.255,378.768,125.588,393.115,306.11
169,312,169,139,393,139,393,312
369.996,318.46,155.215,303.008,167.323,134.707,382.104,150.158
367.875,318.353,154.077,295.282,171.588,133.02,385.386,156.092
360.251,315.491,150.657,291.306,169.708,126.197,379.302,150.381
363.681,317.871,150.54,286.188,174.977,121.794,388.118,153.477
343.746,317.941,140.892,270.85,181.017,98.0039,383.871,145.095
355.767,318.529,139.427,285.5,166.715,106.766,383.054,139.795
361.1,316.3,141.16,284.88,166.38,108.34,386.32,139.76
365.125,320.48,136.731,280.828,166.801,107.625,395.195,147.277
356.315,324.312,121.78,262.147,166.013,95.2685,400.547,157.434
321.116,388.422,173.812,233.186,288.185,124.657,435.49,279.893
372.711,319.906,134.508,270.392,166.499,116.491,404.701,166.005
395.964,309.602,159.503,301.284,165.573,128.719,402.034,137.036
374.106,321.668,132.48,258.845,175.06,95.0757,416.686,157.898
384.413,314.505,141.652,281.021,164.341,116.53,407.102,150.014
394.491,313.893,143.269,282.686,162.915,124.536,414.138,155.744
394.491,313.893,143.269,282.686,162.915,124.536,414.138,155.744
391.097,306.269,146.607,290.237,157.462,124.702,401.952,140.735
367.962,312.25,125.088,246.674,167.255,90.499,410.13,156.075
367.962,312.25,125.088,246.674,167.255,90.499,410.13,156.075
408.922,301.281,149.056,296.152,152.411,126.199,412.276,131.328
424.97,312.026,133.544,268.463,155.528,121.398,446.954,164.962
392.22,314.649,130.719,269.054,157.778,113.859,419.28,159.454
397.834,316.812,127.723,264.772,158.023,107.5,428.134,159.54
404.049,316.548,130.142,267.79,158.436,108.847,432.342,157.605
400.889,309.551,134.303,272.568,155.156,122.253,421.742,159.236
400.889,309.551,134.303,272.568,155.156,122.253,421.742,159.236
390.876,315.854,116.462,247.555,153.692,97.9679,428.107,166.267
402.265,322.093,106.93,238.689,148.919,90.0095,444.253,173.414
402.265,322.093,106.93,238.689,148.919,90.0095,444.253,173.414
397.695,310.34,116.407,246.411,151.436,92.2809,432.725,156.21
405.936,314.746,114.913,247.154,150.298,94.7984,441.322,162.391
407.35,309.142,117.472,246.293,149.773,97.3136,439.65,160.163
404.865,313.29,113.67,255.314,144.985,98.0287,436.18,156.004
404.262,309.686,109.781,254.085,139.241,98.0594,433.721,153.661
404.262,309.686,109.781,254.085,139.241,98.0594,433.721,153.661
413.215,297.757,89.1501,253.566,111.477,89.8377,435.542,134.028
411.605,301.772,112.369,252.858,138.335,94.0067,437.571,142.92
415.644,299.311,106.009,256.141,128.972,91.4432,438.607,134.613
431.134,293.392,126.576,277.773,135.065,112.234,439.623,127.853
145.968,309.225,127.868,127.402,462.372,94.1032,480.472,275.926
415.513,311.675,85.7401,233.066,125.024,68.2672,454.797,146.876
496.163,267.903,116.163,247.903,123.279,112.699,503.279,132.699
117,256,117,115,450,115,450,256
121,253,121,108,437,108,437,253
117,251,117,113,437,113,437,251
117,251,117,105,445,105,445,251
469.839,275.576,99.0626,247.95,109.528,107.494,480.305,135.121
439.139,276.403,89.7373,246.021,102.041,104.525,451.443,134.908
434.951,277.541,92.3279,246.393,104.828,108.894,447.451,140.041
99.4807,263.133,91.7569,116.381,448.348,97.6133,456.072,244.365
447.919,261.826,92.5807,251.674,96.8426,102.51,452.181,112.662
88.1109,253.873,86.1531,106.058,443.905,101.319,445.863,249.134
438.582,293.494,66.7648,251.772,83.8634,99.3939,455.68,141.116
450.357,287.647,64.9979,250.355,80.3134,92.0948,465.672,129.388
65,261,65,103,454,103,454,261
437.08,293.411,48.3344,240.542,68.2795,93.886,457.025,146.755
55.794,262.85,51.1956,95.7744,452.066,84.7413,456.665,251.817
57.757,273.513,45.63,105.083,441.124,76.6071,453.251,245.038
443.827,285.854,23.8878,248.744,37.7685,91.6725,457.708,128.783
450.701,309.719,18.0282,258.572,38.9027,81.9853,471.576,133.132
180.635,344.47,134.552,138.312,462.372,65.0345,508.455,271.193
423.568,314.333,6.8872,233.395,39.1243,67.4342,455.805,148.372
504.334,278.99,7.2364,260.16,14.1047,78.8373,511.202,97.6667
424.764,323.117,-12.9074,230.719,26.9227,42.0503,464.594,134.448
468.952,274.184,7.0571,266.686,9.8716,93.3096,471.766,100.808
461.798,296.124,-9.5933,251.229,6.4247,83.0405,477.816,127.935
443.216,297.243,-14.6847,254.192,1.5875,81.1151,459.489,124.166
434.969,300.32,-15.9371,256.684,1.1288,80.3351,452.035,123.971
465.292,295.262,-4.8166,262.84,7.5668,83.2805,477.676,115.702
470.813,292.404,-4.1847,263.769,7.0723,77.0363,482.069,105.671
472.493,280.688,-3.7298,268.197,1.2325,79.0127,477.456,91.5038
473.039,295.74,-3.672,270.414,6.6738,75.6702,483.385,100.995
469.784,285.598,-0.5963,271.515,5.1838,78.4606,475.565,92.5439
475.229,287.736,-5.6845,269.851,1.3801,79.8901,482.293,97.7753
474.322,287.275,-6.1987,268.206,1.321,78.7112,481.842,97.7795
478.208,291.594,-7.7068,268.39,1.7905,69.5041,487.705,92.7078
482.93,289.036,-3.4743,279.224,0.5609,79.1957,486.965,89.0079
488.171,286.935,-2.9595,278.611,0.4989,74.5678,491.629,82.8921
487.187,292.915,-2.6361,274.381,4.9905,72.8213,494.814,91.3551
488.428,299.869,-5.1448,258.738,11.2828,61.6069,504.855,102.738
470.94,285.733,34.3999,282.712,35.9022,65.6325,472.442,68.6536
148.019,346.488,106.296,85.3315,438.918,32.1906,480.641,293.347
470.602,298.318,25.008,288.631,29.5229,80.9462,475.117,90.6331
480.518,328.332,17.3388,285.999,36.7374,73.7556,499.917,116.089
4,290,4,71,471,71,471,290
7.5637,296.141,3.5541,73.2059,467.149,64.8679,471.158,287.803
470.021,303.903,-1.4123,280.717,9.3249,62.393,480.758,85.5782
471.749,325.135,-11.0733,275.239,11.5734,56.0987,494.396,105.995
468.283,317.015,13.4211,272.908,33.2986,67.9199,488.161,112.028
479.541,315.98,14.439,267.641,34.4987,74.6334,499.601,122.973
469.473,333.961,8.7721,277.496,33.6743,74.3166,494.375,130.781
474.43,305.101,11.3852,291.979,17.3124,82.8348,480.358,95.9575
9,297,9,88,493,88,493,297
466.714,301.635,-0.6826,294.047,2.6919,86.1769,470.088,93.7644
470.496,309.375,20.7339,299.251,25.4261,90.7813,475.189,100.905
472.633,339.327,16.63,293.873,38.203,77.4478,494.206,122.901
464.814,351.724,-5.1573,298.787,20.1283,74.3002,490.1,127.237
471.454,343.801,-4.2056,302.85,15.6,72.8,491.26,113.751
470.883,309.708,-0.3483,306.587,1.118,85.1862,472.349,88.3069
469.105,355.65,20.3563,305.461,46.2099,74.2998,494.958,124.489
0,307,0,90,476,90,476,307
475.124,322.622,-1.5113,306.944,5.6727,88.5485,482.308,104.227
496.18,331.128,-2.48,305.772,8.5771,88.3175,507.237,113.673
22,324,22,95,484,95,484,324
23.2184,315.303,18.1685,106.813,501.034,95.1168,506.084,303.607
500.908,309.88,21.7312,306.799,23.0334,104.299,502.21,107.381
22,331,22,81,497,81,497,331
16.2491,331.441,4.9089,106.526,473.86,82.881,485.2,307.797
511.429,325.576,13.9804,303.236,22.699,109.103,520.148,131.444
502.258,331.672,36.6143,297.704,50.877,102.186,516.521,136.154
31.0691,309.155,27.5996,117.176,505.16,108.545,508.63,300.525
499.787,323.108,32.2184,292.519,44.9003,98.6664,512.469,129.255
498.157,311.894,16.7585,287.519,26.1407,102.222,507.539,126.597
475.979,327.946,48.9298,287.098,68.9888,77.3903,496.038,118.238
460.094,332.454,-2.6802,269.108,25.3294,64.4824,488.103,127.828
479.655,321.717,-5.3039,280.682,9.3449,107.56,494.303,148.595
507.694,348.609,-9.0644,268.396,21.1482,73.7574,537.906,153.971
469.24,333.32,-3.4,265.8,24.12,73.16,496.76,140.68
517.454,319.984,12.6403,290.405,24.6956,84.6618,529.509,114.241
566.213,352.891,14.6879,274.34,43.6077,71.2866,595.132,149.837
29.4432,316.917,21.9361,107.792,520.95,89.8788,528.456,299.004
509.341,320.32,34.2707,282.662,48.9144,97.9262,523.984,135.584
470.497,332.281,41.2084,267.372,68.6928,85.5996,497.981,150.509
490.591,325.537,49.8393,277.352,69.9492,93.406,510.701,141.591
476.671,336.951,35.6793,284.201,59.0316,88.9751,500.023,141.725
487.682,326.184,64.5361,278.973,85.0781,94.8558,508.224,142.066
460.504,324.309,65.5236,277.063,87.0235,97.3234,482.004,144.57
454.328,317.12,75.8697,286.315,89.9769,112.998,468.435,143.803
473.924,308.869,89.2224,303.873,91.369,138.589,476.07,143.585
478.261,308.272,92.0513,299.69,95.5336,142.99,481.743,151.572
231.179,350.287,173.2,168.393,466.863,74.7873,524.842,256.681
467.622,311.299,93.6183,292.242,101.498,137.605,475.501,156.663
459.633,317.601,88.0016,277.103,104.195,128.508,475.826,169.007
466.147,324.344,90.0593,276.434,110.435,116.482,486.523,164.391
447.578,345.314,86.467,242.999,132.466,80.6488,493.577,182.964
138.157,323.064,125.249,153.638,527.466,122.993,540.375,292.419
158.464,365.947,114.868,204.799,455.62,112.615,499.216,273.763
486.36,327.121,106.407,295.237,121.352,117.141,501.306,149.026
475.461,322.775,111.458,295.812,124.607,118.304,488.61,145.267
493.232,322.28,110.463,302.864,119.364,127.402,502.132,146.818
485.026,326.002,120.264,297.762,133.585,125.697,498.347,153.937
135.928,327.121,128.481,147.335,502.101,131.86,509.547,311.646
141.498,339.709,120.365,163.353,496.847,118.237,517.98,294.593
521.794,321.475,124.163,316.344,126.43,140.689,524.06,145.82
510.253,327.589,122.454,305.302,132.669,127.556,520.469,149.843
505.636,328.4,123.125,308.384,132.413,130.888,514.924,150.903
516.51,341.648,116.086,294.045,137.283,115.74,537.708,163.343
531.98,338.806,122.897,299.471,139.815,123.521,548.898,162.856
156.062,344.108,131.361,167.089,522.513,112.51,547.213,289.528
525.639,324.788,134.97,313.23,140.352,131.318,531.021,142.876
134.01,323.456,129.944,139.119,542.883,130.01,546.949,314.347
157.831,339.63,137.423,163.383,523.687,118.657,544.094,294.905
162.452,342.181,139.739,163.319,552.699,110.88,575.412,289.741
155.621,330.091,144.673,147.105,550.69,122.813,561.638,305.799
323.802,374.472,231.773,170.611,512.354,43.9488,604.383,247.81
153.641,327.443,145.248,146.155,530.69,128.311,539.083,309.598
149.627,322.584,146.094,138.864,539.179,131.304,542.712,315.025
560.102,323.72,144.444,315.649,147.951,135.018,563.61,143.089
144,319,144,135,549,135,549,319
158.429,327.146,149.894,141.087,548.486,122.803,557.021,308.861
134.761,352.742,105.433,170.005,552.257,98.2921,581.585,281.03
195.915,349.728,155.456,165.287,541.15,80.6833,581.608,265.125
185.197,341.731,157.629,163.69,550.538,102.852,578.106,280.893
564.88,324.197,161.038,312.658,166.078,136.259,569.92,147.798
189.014,339.635,161.994,170.146,549.833,108.316,576.853,277.806
187.106,338.058,162.25,168.207,551.714,111.213,576.57,281.063
160,317,160,137,580,137,580,317
172.063,317.72,167.92,139.56,564.612,130.335,568.756,308.494
186.014,323.921,173.854,144.99,564.37,118.451,576.531,297.381
569.38,328.792,166.549,305.641,177.169,120.86,579.999,144.011
190.677,334.522,165.596,152.267,560.989,97.8547,586.07,280.11
573.844,342.775,138.878,299.794,157.632,110.007,592.598,152.988
582.592,332.634,138.984,307.285,150.277,109.644,593.886,134.993
180.521,323.958,176.661,121.936,590.956,114.02,594.816,316.042
182.072,321.512,176.54,127.899,598.081,115.855,603.613,309.468
178,317,178,125,597,125,597,317
586.542,323.021,167.46,315.836,170.815,120.145,589.897,127.33
184.801,323.223,181.006,128.894,590.81,120.89,594.606,315.219
606.248,357.448,210.4,302.848,239.679,90.5764,635.527,145.176
295.622,332.717,244.877,91.2432,562.496,24.4973,613.24,265.971
200.277,327.891,182.609,143.64,594.303,104.163,611.971,288.414
192.069,321.614,184.084,133.975,585.145,116.909,593.13,304.548
181.368,318.983,176.783,132.489,581.038,122.548,585.624,309.042
169.598,314.231,163.763,116.989,595.084,104.228,600.919,301.47
582.7,320.374,132.541,312.613,136.027,110.432,586.186,118.193
581.136,343.474,83.2069,283.483,107.046,85.6199,604.974,145.611
581.158,353.855,78.3161,277.15,108.785,77.408,611.627,154.113
581.567,348.318,86.0636,272.087,115.486,80.8439,610.989,157.075
578.657,349.895,123.08,275.21,153.447,89.9749,609.023,164.66
591.079,323.88,148.868,313.753,153.216,123.913,595.427,134.04
194.138,357.013,154.868,171.655,561.132,85.5822,600.403,270.94
580.37,360.687,190.049,293.966,225.543,86.3235,615.864,153.045
585.654,352.224,209.282,299.345,236.673,104.384,613.046,157.263
585.654,352.224,209.282,299.345,236.673,104.384,613.046,157.263
568.023,352.174,211.154,299.949,241.43,93.0629,598.299,145.288
572.079,356.099,178.271,294.082,210.969,86.444,604.778,148.461
502.355,435.127,142.436,254.006,251.51,37.2565,611.429,218.377
204.088,350.409,191.779,119.599,585.193,98.6164,597.503,329.427
560.48,352.835,128.518,315.596,147.693,93.1632,579.655,130.401
195,319,195,115,606,115,606,319
193.383,320.745,185.755,119.895,578.303,104.989,585.93,305.838
182.061,327.525,170.875,127.775,576.723,105.048,587.909,304.797
209.229,378.649,152.622,188.119,562.694,66.2866,619.301,256.816
316.534,382.425,236.685,169.493,545.507,53.6849,625.356,266.616
581.394,339.306,170.914,304.86,187.636,105.585,598.116,140.031
581.709,350.652,166.984,297.833,193.17,92.2198,607.896,145.039
585.569,341.204,174.229,305.744,191.626,103.933,602.966,139.394
565.07,357.671,149.507,279.531,188.194,73.7885,603.757,151.929
590.732,331.856,167.824,316.597,175.442,105.454,598.351,120.714
580.985,352.519,145.49,291.333,174.139,87.4244,609.633,148.61
591.363,330.721,128.175,319.354,133.43,105.238,596.617,116.604
589.168,334.234,118.873,314.995,127.509,103.889,597.804,123.128
591.249,326.552,112.321,320.711,114.91,108.413,593.838,114.254
574.321,321.198,116.472,316.502,118.622,106.878,576.471,111.574
579.734,318.118,112.72,315.686,113.784,111.41,580.798,113.843
115.557,334.931,107.448,119.462,556.564,102.559,564.673,318.028
565.095,340.054,88.0647,299.69,105.584,92.6417,582.615,133.006
573.542,328.824,85.6953,317.318,90.7792,101.764,578.626,113.27
555.457,330.74,12.5166,312.018,20.2957,86.4241,563.236,105.146
577.992,333.521,14.9917,316.524,21.8507,89.3201,584.851,106.316
566.574,359.359,60.9473,292.775,90.4709,68.5805,596.098,135.165
573.828,332.939,54.6547,322.955,59.1789,87.6957,578.352,97.6799
573.021,335.596,47.8853,319.259,55.197,84.2417,580.333,100.579
39.5152,331.722,37.7348,101.16,578.911,96.9814,580.692,327.543
88.1377,338.7,80.5286,106.622,560.324,90.891,567.933,322.969
556.644,330.923,94.2509,321.409,99.1293,84.3155,561.522,93.8297
57.6911,350.784,31.4094,118.142,553.21,59.1938,579.492,291.836
579.763,365.889,26.3828,321.295,45.9434,78.5668,599.324,123.162
82,327,82,100,601,100,601,327
82.6769,339.021,71.0991,113.699,576.543,87.727,588.121,313.049
527.034,322.576,16.0473,314.684,19.5352,88.8461,530.521,96.7378
65,329,65,93,536,93,536,329
115.796,362.995,79.8221,123.876,540.597,54.5562,576.571,293.675
51.377,390.942,5.7725,167.065,552.405,55.7138,598.009,279.591
577.185,368.057,47.0141,350.085,55.9122,87.5902,586.083,105.562
34.5531,356.254,7.2577,114.937,562.755,52.1049,590.05,293.421
28.408,357.422,-3.6379,94.9921,483.202,35.5431,515.248,297.973
24.4165,358.518,-7.6941,95.4847,479.27,36.0372,511.38,299.071
493.09,345.249,10.4293,324.34,20.9479,81.5357,503.609,102.445
27.7349,338.241,9.703,98.5224,494.733,62.0378,512.765,301.757
24.291,331.405,18.0993,97.8875,508.141,84.894,514.333,318.412
22,327,22,90,480,90,480,327
8.8398,333.951,-7.9203,102.103,479.041,66.9006,495.801,298.749
34.7549,334.135,18.4472,93.5968,461.411,63.5653,477.719,304.104
25.9745,339.233,4.6446,98.6308,469.685,57.4038,491.015,298.006
30.7629,340.249,8.0448,95.8025,438.188,55.8264,460.906,300.273
23.1611,343.969,-0.0203,95.3685,443.512,54.0101,466.694,302.611
17.8949,342.687,5.8515,77.734,453.563,57.3835,465.606,322.336
15.921,354.812,-15.5108,98.5747,444.038,42.2033,475.47,298.441
475.104,408.86,-9.9916,346.363,26.3716,64.1154,511.467,126.612
0.0197,351.242,-22.0821,78.8706,538.16,33.4095,560.261,305.781
498.626,375.481,-3.1197,350.394,10.8678,70.6434,512.614,95.7307
0,351,0,71,515,71,515,351
502.257,375.189,-4.0658,332.701,17.7938,72.2065,524.117,114.695
0,341,0,73,497,73,497,341
468.102,396.447,-12.0995,349.825,15.0216,70.4779,495.223,117.099
0,351,0,66,471,66,471,351
491.317,361.593,-14.7306,320.233,6.2535,63.4871,512.301,104.847
477.635,358.531,-13.5093,322.341,5.7935,60.3743,496.937,96.5638
462.022,344.871,-9.3201,323.376,2.5901,62.2028,473.932,83.6972
1.6653,330.447,-2.5163,2.8874,445.466,-2.8315,449.648,324.728
0,351,0,0,493,0,493,351
0,351,0,7,493,7,493,351
0,336,0,0,480,0,480,336
0,351,0,5,454,5,454,351
4,331,4,5,454,5,454,331
0,351,0,5,436,5,436,351
448.249,375.372,-3.3953,346.947,18.4055,0.557,470.05,28.9821
0,351,0,5,454,5,454,351
0,351,0,2,454,2,454,351
0,351,0,2,437,2,437,351
0,351,0,5,441,5,441,351
453.584,359.646,-0.6137,350.911,6.0773,2.9822,460.275,11.7168
443.893,359.907,-31.7663,296.572,9.7659,-15.3437,485.425,47.9914
599.649,331.484,-0.4683,324.34,2.8328,47.0457,602.95,54.1899
4.4085,351.939,-1.0887,2.8675,451.681,-4.2627,457.178,344.808
4.4963,351.892,-1.1046,3.2386,460.604,-4.1784,466.204,344.475
1.1648,354.569,-21.7802,8.4827,420.59,-20.8458,443.535,325.241
0.7167,342.821,-12.8456,5.5729,429.169,-12.2025,442.731,325.046
0,339,0,5,441,5,441,339
3.5859,355.049,-14.8671,61.4774,450.802,32.2068,469.255,325.778
429.483,350.813,3.0474,335.462,15.0346,2.4813,441.47,17.8329
4,336,4,7,454,7,454,336
0,351,0,2,441,2,441,351
436.156,353.499,-0.5008,347.305,4.4438,-1.2845,441.101,4.9093
433.62,366.527,-11.3017,326.737,18.3637,-4.9756,463.285,34.8142
9,351,9,2,428,2,428,351
441.303,366.514,-18.673,323.082,11.8168,0.1673,471.793,43.5985
425.809,361.857,-17.851,329.487,6.2221,-0.456,449.882,31.9141
432.833,357.865,3.099,349.757,9.6883,0.5224,439.422,8.6305
424.994,361.526,9.9056,327.915,36.3975,0.7407,451.486,34.3511
29.241,368.93,10.8793,80.3895,440.512,53.0492,458.874,341.59
35,351,35,71,432,71,432,351
426.34,354.598,36.8924,343.928,44.9179,50.9977,434.365,61.6676
47.0452,403.507,-16.2472,161.441,434.124,43.6833,497.416,285.749
39,351,39,56,458,56,458,351
56.0814,423.721,-13.9922,165.555,431.568,44.6173,501.641,302.783
17,351,17,61,493,61,493,351
17,351,17,71,488,71,488,351
56.1838,398.097,-13.6757,171.054,446.313,29.5189,516.173,256.562
10.1113,341.827,5.6815,83.4226,509.088,74.7928,513.518,333.197
23.041,368.426,8.0321,90.2609,456.267,66.0755,471.276,344.241
18.0806,367.459,4.8068,99.7699,487.62,75.8288,500.893,343.518
9,351,9,78,523,78,523,351
0,351,0,73,515,73,515,351
502.312,364.947,21.1588,327.935,42.5588,49.7352,523.712,86.7471
26,351,26,73,532,73,532,351
62.4872,423.836,-3.8232,138.413,476.658,26.7866,542.968,312.21
72.5753,396.969,25.3774,102.89,518.166,23.8006,565.363,317.88
9,351,9,56,545,56,545,351
541.042,369.129,22.5327,322.833,48.39,33.2313,566.899,79.5267
122.589,412.373,50.7737,120.527,491.283,12.1293,563.099,303.976
366.676,509.322,69.5093,264.596,283.551,4.6887,580.718,249.414
121.788,489.446,-10.0912,217.93,432.726,2.8474,564.605,274.363
93.5891,461.089,-13.1201,178.623,471.67,-4.5199,578.38,277.946
561.135,391.417,31.6822,304.123,79.4301,14.5225,608.883,101.816
556.657,416.643,39.7542,302.265,100.47,27.8743,617.374,142.253
