1.0224,0,0,0,0,0,0,0,0,0,0,0,0,0,0
44.524,0,0,0,0,0,0,0,0,0,0,0,0,0,0
13.171,0,0,0,0,0,0,0,0,0,0,0,0,0,0
13.257,0,0,0,0,0,0,0,0,0,0,0,0,0,0
13.081,0,0,0,0,0,0,0,0,0,0,0,0,0,0
13.239,0,0,0,0,0,0,0,0,0,0,0,0,0,0
12.87,0,0,0,0,0,0,0,0,0,0,0,0,0,0
12.855,0,0,0,0,0,0,0,0,0,0,0,0,0,0
13.129,0,0,0,0,0,0,0,0,0,0,0,0,0,0
13.126,0,0,0,0,0,0,0,0,0,0,0,0,0,0
13.008,0,0,0,0,0,0,0,0,0,0,0,0,0,0
13.099,0,0,0,0,0,0,0,0,0,0,0,0,0,0
13.173,0,0,0,0,0,0,0,0,0,0,0,0,0,0
12.987,0,0,0,0,0,0,0,0,0,0,0,0,0,0
13.075,0,0,0,0,0,0,0,0,0,0,0,0,0,0
12.894,0,0,0,0,0,0,0,0,0,0,0,0,0,0
13.041,0,0,0,0,0,0,0,0,0,0,0,0,0,0
13.044,0,0,0,0,0,0,0,0,0,0,0,0,0,0
13.455,0,0,0,0,0,0,0,0,0,0,0,0,0,0
13.775,0,0,0,0,0,0,0,0,0,0,0,0,0,0
13.114,0,0,0,0,0,0,0,0,0,0,0,0,0,0
12.199,0,0,0,0,0,0,0,0,0,0,0,0,0,0
12.281,0,0,0,0,0,0,0,0,0,0,0,0,0,0
11.96,0,0,0,0,0,0,0,0,0,0,0,0,0,0
12.366,0,0,0,0,0,0,0,0,0,0,0,0,0,0
12.613,0,0,0,0,0,0,0,0,0,0,0,0,0,0
12.585,0,0,0,0,0,0,0,0,0,0,0,0,0,0
12.686,0,0,0,0,0,0,0,0,0,0,0,0,0,0
12.536,0,0,0,0,0,0,0,0,0,0,0,0,0,0
12.438,0,0,0,0,0,0,0,0,0,0,0,0,0,0
13.935,0,0,0,0,0,0,0,0,0,0,0,0,0,0
14.063,0,0,0,0,0,0,0,0,0,0,0,0,0,0
14.114,0,0,0,0,0,0,0,0,0,0,0,0,0,0
12.531,0,0,0,0,0,0,0,0,0,0,0,0,0,0
12.732,0,0,0,0,0,0,0,0,0,0,0,0,0,0
12.882,0,0,0,0,0,0,0,0,0,0,0,0,0,0
12.565,0,0,0,0,0,0,0,0,0,0,0,0,0,0
12.797,0,0,0,0,0,0,0,0,0,0,0,0,0,0
12.494,0,0,0,0,0,0,0,0,0,0,0,0,0,0
12.803,0,0,0,0,0,0,0,0,0,0,0,0,0,0
12.449,0,0,0,0,0,0,0,0,0,0,0,0,0,0
12.787,0,0,0,0,0,0,0,0,0,0,0,0,0,0
12.56,0,0,0,0,0,0,0,0,0,0,0,0,0,0
12.419,0,0,0,0,0,0,0,0,0,0,0,0,0,0
12.349,0,0,0,0,0,0,0,0,0,0,0,0,0,0
12.224,0,0,0,0,0,0,0,0,0,0,0,0,0,0
12.438,0,0,0,0,0,0,0,0,0,0,0,0,0,0
12.657,0,0,0,0,0,0,0,0,0,0,0,0,0,0
12.662,0,0,0,0,0,0,0,0,0,0,0,0,0,0
12.358,0,0,0,0,0,0,0,0,0,0,0,0,0,0
12.521,0,0,0,0,0,0,0,0,0,0,0,0,0,0
12.528,0,0,0,0,0,0,0,0,0,0,0,0,0,0
12.449,0,0,0,0,0,0,0,0,0,0,0,0,0,0
12.281,0,0,0,0,0,0,0,0,0,0,0,0,0,0
12.394,0,0,0,0,0,0,0,0,0,0,0,0,0,0
12.764,0,0,0,0,0,0,0,0,0,0,0,0,0,0
12.753,0,0,0,0,0,0,0,0,0,0,0,0,0,0
12.984,0,0,0,0,0,0,0,0,0,0,0,0,0,0
14.411,0,0,0,0,0,0,0,0,0,0,0,0,0,0
14.976,0,0,0,0,0,0,0,0,0,0,0,0,0,0
14.416,0,0,0,0,0,0,0,0,0,0,0,0,0,0
14.114,0,0,0,0,0,0,0,0,0,0,0,0,0,0
14.135,0,0,0,0,0,0,0,0,0,0,0,0,0,0
14.187,0,0,0,0,0,0,0,0,0,0,0,0,0,0
14.54,0,0,0,0,0,0,0,0,0,0,0,0,0,0
14.566,0,0,0,0,0,0,0,0,0,0,0,0,0,0
14.279,0,0,0,0,0,0,0,0,0,0,0,0,0,0
14.633,0,0,0,0,0,0,0,0,0,0,0,0,0,0
14.613,0,0,0,0,0,0,0,0,0,0,0,0,0,0
14.332,0,0,0,0,0,0,0,0,0,0,0,0,0,0
14.406,0,0,0,0,0,0,0,0,0,0,0,0,0,0
14.282,0,0,0,0,0,0,0,0,0,0,0,0,0,0
14.653,0,0,0,0,0,0,0,0,0,0,0,0,0,0
13.925,0,0,0,0,0,0,0,0,0,0,0,0,0,0
12.506,0,0,0,0,0,0,0,0,0,0,0,0,0,0
12.888,0,0,0,0,0,0,0,0,0,0,0,0,0,0
12.463,0,0,0,0,0,0,0,0,0,0,0,0,0,0
12.586,0,0,0,0,0,0,0,0,0,0,0,0,0,0
12.74,0,0,0,0,0,0,0,0,0,0,0,0,0,0
13.056,0,0,0,0,0,0,0,0,0,0,0,0,0,0
12.908,0,0,0,0,0,0,0,0,0,0,0,0,0,0
12.748,0,0,0,0,0,0,0,0,0,0,0,0,0,0
12.433,0,0,0,0,0,0,0,0,0,0,0,0,0,0
12.993,0,0,0,0,0,0,0,0,0,0,0,0,0,0
12.703,0,0,0,0,0,0,0,0,0,0,0,0,0,0
12.743,0,0,0,0,0,0,0,0,0,0,0,0,0,0
12.797,0,0,0,0,0,0,0,0,0,0,0,0,0,0
12.737,0,0,0,0,0,0,0,0,0,0,0,0,0,0
12.649,0,0,0,0,0,0,0,0,0,0,0,0,0,0
12.66,0,0,0,0,0,0,0,0,0,0,0,0,0,0
12.333,0,0,0,0,0,0,0,0,0,0,0,0,0,0
14.102,0,0,0,0,0,0,0,0,0,0,0,0,0,0
14.191,0,0,0,0,0,0,0,0,0,0,0,0,0,0
14.491,0,0,0,0,0,0,0,0,0,0,0,0,0,0
14.097,0,0,0,0,0,0,0,0,0,0,0,0,0,0
14.214,0,0,0,0,0,0,0,0,0,0,0,0,0,0
14.092,0,0,0,0,0,0,0,0,0,0,0,0,0,0
13.9,0,0,0,0,0,0,0,0,0,0,0,0,0,0
13.724,0,0,0,0,0,0,0,0,0,0,0,0,0,0
13.762,0,0,0,0,0,0,0,0,0,0,0,0,0,0
14.092,0,0,0,0,0,0,0,0,0,0,0,0,0,0
14.118,0,0,0,0,0,0,0,0,0,0,0,0,0,0
14.454,0,0,0,0,0,0,0,0,0,0,0,0,0,0
14.487,0,0,0,0,0,0,0,0,0,0,0,0,0,0
14.512,0,0,0,0,0,0,0,0,0,0,0,0,0,0
14.343,0,0,0,0,0,0,0,0,0,0,0,0,0,0
14.719,0,0,0,0,0,0,0,0,0,0,0,0,0,0
14.372,0,0,0,0,0,0,0,0,0,0,0,0,0,0
10.715,0,0,0,0,0,0,0,0,0,0,0,0,0,0
14.205,0,0,0,0,0,0,0,0,0,0,0,0,0,0
14.243,0,0,0,0,0,0,0,0,0,0,0,0,0,0
14.252,0,0,0,0,0,0,0,0,0,0,0,0,0,0
14.057,0,0,0,0,0,0,0,0,0,0,0,0,0,0
14.043,0,0,0,0,0,0,0,0,0,0,0,0,0,0
14.087,0,0,0,0,0,0,0,0,0,0,0,0,0,0
14.627,0,0,0,0,0,0,0,0,0,0,0,0,0,0
14.009,0,0,0,0,0,0,0,0,0,0,0,0,0,0
14.035,0,0,0,0,0,0,0,0,0,0,0,0,0,0
14.308,0,0,0,0,0,0,0,0,0,0,0,0,0,0
13.78,0,0,0,0,0,0,0,0,0,0,0,0,0,0
13.85,0,0,0,0,0,0,0,0,0,0,0,0,0,0
13.915,0,0,0,0,0,0,0,0,0,0,0,0,0,0
14.104,0,0,0,0,0,0,0,0,0,0,0,0,0,0
14.421,0,0,0,0,0,0,0,0,0,0,0,0,0,0
14.583,0,0,0,0,0,0,0,0,0,0,0,0,0,0
14.2,0,0,0,0,0,0,0,0,0,0,0,0,0,0
14.093,0,0,0,0,0,0,0,0,0,0,0,0,0,0
14.172,0,0,0,0,0,0,0,0,0,0,0,0,0,0
14.418,0,0,0,0,0,0,0,0,0,0,0,0,0,0
14.503,0,0,0,0,0,0,0,0,0,0,0,0,0,0
14.243,0,0,0,0,0,0,0,0,0,0,0,0,0,0
14.036,0,0,0,0,0,0,0,0,0,0,0,0,0,0
14.377,0,0,0,0,0,0,0,0,0,0,0,0,0,0
14.386,0,0,0,0,0,0,0,0,0,0,0,0,0,0
14.566,0,0,0,0,0,0,0,0,0,0,0,0,0,0
14.519,0,0,0,0,0,0,0,0,0,0,0,0,0,0
14.095,0,0,0,0,0,0,0,0,0,0,0,0,0,0
14.513,0,0,0,0,0,0,0,0,0,0,0,0,0,0
13.98,0,0,0,0,0,0,0,0,0,0,0,0,0,0
14.167,0,0,0,0,0,0,0,0,0,0,0,0,0,0
14.657,0,0,0,0,0,0,0,0,0,0,0,0,0,0
14.625,0,0,0,0,0,0,0,0,0,0,0,0,0,0
14.518,0,0,0,0,0,0,0,0,0,0,0,0,0,0
14.334,0,0,0,0,0,0,0,0,0,0,0,0,0,0
14.376,0,0,0,0,0,0,0,0,0,0,0,0,0,0
14.666,0,0,0,0,0,0,0,0,0,0,0,0,0,0
15.02,0,0,0,0,0,0,0,0,0,0,0,0,0,0
14.551,0,0,0,0,0,0,0,0,0,0,0,0,0,0
15.171,0,0,0,0,0,0,0,0,0,0,0,0,0,0
14.558,0,0,0,0,0,0,0,0,0,0,0,0,0,0
14.66,0,0,0,0,0,0,0,0,0,0,0,0,0,0
15.071,0,0,0,0,0,0,0,0,0,0,0,0,0,0
14.477,0,0,0,0,0,0,0,0,0,0,0,0,0,0
14.78,0,0,0,0,0,0,0,0,0,0,0,0,0,0
14.605,0,0,0,0,0,0,0,0,0,0,0,0,0,0
14.617,0,0,0,0,0,0,0,0,0,0,0,0,0,0
14.885,0,0,0,0,0,0,0,0,0,0,0,0,0,0
15.135,0,0,0,0,0,0,0,0,0,0,0,0,0,0
14.586,0,0,0,0,0,0,0,0,0,0,0,0,0,0
14.472,0,0,0,0,0,0,0,0,0,0,0,0,0,0
14.15,0,0,0,0,0,0,0,0,0,0,0,0,0,0
13.852,0,0,0,0,0,0,0,0,0,0,0,0,0,0
13.92,0,0,0,0,0,0,0,0,0,0,0,0,0,0
14.309,0,0,0,0,0,0,0,0,0,0,0,0,0,0
14.433,0,0,0,0,0,0,0,0,0,0,0,0,0,0
14.287,0,0,0,0,0,0,0,0,0,0,0,0,0,0
14.309,0,0,0,0,0,0,0,0,0,0,0,0,0,0
14.209,0,0,0,0,0,0,0,0,0,0,0,0,0,0
14.13,0,0,0,0,0,0,0,0,0,0,0,0,0,0
14.009,0,0,0,0,0,0,0,0,0,0,0,0,0,0
12.433,0,0,0,0,0,0,0,0,0,0,0,0,0,0
12.632,0,0,0,0,0,0,0,0,0,0,0,0,0,0
12.408,0,0,0,0,0,0,0,0,0,0,0,0,0,0
12.106,0,0,0,0,0,0,0,0,0,0,0,0,0,0
12.4,0,0,0,0,0,0,0,0,0,0,0,0,0,0
12.682,0,0,0,0,0,0,0,0,0,0,0,0,0,0
12.58,0,0,0,0,0,0,0,0,0,0,0,0,0,0
12.508,0,0,0,0,0,0,0,0,0,0,0,0,0,0
12.505,0,0,0,0,0,0,0,0,0,0,0,0,0,0
12.341,0,0,0,0,0,0,0,0,0,0,0,0,0,0
13.404,0,0,0,0,0,0,0,0,0,0,0,0,0,0
15.359,0,0,0,0,0,0,0,0,0,0,0,0,0,0
14.814,0,0,0,0,0,0,0,0,0,0,0,0,0,0
14.045,0,0,0,0,0,0,0,0,0,0,0,0,0,0
12.547,0,0,0,0,0,0,0,0,0,0,0,0,0,0
12.969,0,0,0,0,0,0,0,0,0,0,0,0,0,0
12.574,0,0,0,0,0,0,0,0,0,0,0,0,0,0
12.583,0,0,0,0,0,0,0,0,0,0,0,0,0,0
12.75,0,0,0,0,0,0,0,0,0,0,0,0,0,0
12.422,0,0,0,0,0,0,0,0,0,0,0,0,0,0
12.206,0,0,0,0,0,0,0,0,0,0,0,0,0,0
12.376,0,0,0,0,0,0,0,0,0,0,0,0,0,0
12.819,0,0,0,0,0,0,0,0,0,0,0,0,0,0
12.927,0,0,0,0,0,0,0,0,0,0,0,0,0,0
12.886,0,0,0,0,0,0,0,0,0,0,0,0,0,0
12.813,0,0,0,0,0,0,0,0,0,0,0,0,0,0
12.495,0,0,0,0,0,0,0,0,0,0,0,0,0,0
12.49,0,0,0,0,0,0,0,0,0,0,0,0,0,0
12.103,0,0,0,0,0,0,0,0,0,0,0,0,0,0
12.107,0,0,0,0,0,0,0,0,0,0,0,0,0,0
12.82,0,0,0,0,0,0,0,0,0,0,0,0,0,0
12.463,0,0,0,0,0,0,0,0,0,0,0,0,0,0
12.189,0,0,0,0,0,0,0,0,0,0,0,0,0,0
12.799,0,0,0,0,0,0,0,0,0,0,0,0,0,0
12.393,0,0,0,0,0,0,0,0,0,0,0,0,0,0
12.435,0,0,0,0,0,0,0,0,0,0,0,0,0,0
12.468,0,0,0,0,0,0,0,0,0,0,0,0,0,0
12.456,0,0,0,0,0,0,0,0,0,0,0,0,0,0
12.573,0,0,0,0,0,0,0,0,0,0,0,0,0,0
12.569,0,0,0,0,0,0,0,0,0,0,0,0,0,0
12.321,0,0,0,0,0,0,0,0,0,0,0,0,0,0
12.384,0,0,0,0,0,0,0,0,0,0,0,0,0,0
12.451,0,0,0,0,0,0,0,0,0,0,0,0,0,0
12.2,0,0,0,0,0,0,0,0,0,0,0,0,0,0
12.407,0,0,0,0,0,0,0,0,0,0,0,0,0,0
12.433,0,0,0,0,0,0,0,0,0,0,0,0,0,0
12.536,0,0,0,0,0,0,0,0,0,0,0,0,0,0
12.424,0,0,0,0,0,0,0,0,0,0,0,0,0,0
12.94,0,0,0,0,0,0,0,0,0,0,0,0,0,0
12.833,0,0,0,0,0,0,0,0,0,0,0,0,0,0
12.899,0,0,0,0,0,0,0,0,0,0,0,0,0,0
12.928,0,0,0,0,0,0,0,0,0,0,0,0,0,0
12.617,0,0,0,0,0,0,0,0,0,0,0,0,0,0
12.591,0,0,0,0,0,0,0,0,0,0,0,0,0,0
12.568,0,0,0,0,0,0,0,0,0,0,0,0,0,0
12.301,0,0,0,0,0,0,0,0,0,0,0,0,0,0
12.063,0,0,0,0,0,0,0,0,0,0,0,0,0,0
12.524,0,0,0,0,0,0,0,0,0,0,0,0,0,0
12.578,0,0,0,0,0,0,0,0,0,0,0,0,0,0
12.552,0,0,0,0,0,0,0,0,0,0,0,0,0,0
12.502,0,0,0,0,0,0,0,0,0,0,0,0,0,0
12.199,0,0,0,0,0,0,0,0,0,0,0,0,0,0
12.032,0,0,0,0,0,0,0,0,0,0,0,0,0,0
12.108,0,0,0,0,0,0,0,0,0,0,0,0,0,0
12.422,0,0,0,0,0,0,0,0,0,0,0,0,0,0
13.555,0,0,0,0,0,0,0,0,0,0,0,0,0,0
14.332,0,0,0,0,0,0,0,0,0,0,0,0,0,0
14.074,0,0,0,0,0,0,0,0,0,0,0,0,0,0
13.866,0,0,0,0,0,0,0,0,0,0,0,0,0,0
13.912,0,0,0,0,0,0,0,0,0,0,0,0,0,0
14.042,0,0,0,0,0,0,0,0,0,0,0,0,0,0
13.995,0,0,0,0,0,0,0,0,0,0,0,0,0,0
14.038,0,0,0,0,0,0,0,0,0,0,0,0,0,0
13.947,0,0,0,0,0,0,0,0,0,0,0,0,0,0
14.237,0,0,0,0,0,0,0,0,0,0,0,0,0,0
14.022,0,0,0,0,0,0,0,0,0,0,0,0,0,0
14.199,0,0,0,0,0,0,0,0,0,0,0,0,0,0
14.102,0,0,0,0,0,0,0,0,0,0,0,0,0,0
14.011,0,0,0,0,0,0,0,0,0,0,0,0,0,0
13.83,0,0,0,0,0,0,0,0,0,0,0,0,0,0
13.728,0,0,0,0,0,0,0,0,0,0,0,0,0,0
13.867,0,0,0,0,0,0,0,0,0,0,0,0,0,0
14.357,0,0,0,0,0,0,0,0,0,0,0,0,0,0
12.349,0,0,0,0,0,0,0,0,0,0,0,0,0,0
14.461,0,0,0,0,0,0,0,0,0,0,0,0,0,0
14.099,0,0,0,0,0,0,0,0,0,0,0,0,0,0
14.104,0,0,0,0,0,0,0,0,0,0,0,0,0,0
14.002,0,0,0,0,0,0,0,0,0,0,0,0,0,0
14.703,0,0,0,0,0,0,0,0,0,0,0,0,0,0
14.837,0,0,0,0,0,0,0,0,0,0,0,0,0,0
15.083,0,0,0,0,0,0,0,0,0,0,0,0,0,0
14.635,0,0,0,0,0,0,0,0,0,0,0,0,0,0
14,0,0,0,0,0,0,0,0,0,0,0,0,0,0
13.905,0,0,0,0,0,0,0,0,0,0,0,0,0,0
14.127,0,0,0,0,0,0,0,0,0,0,0,0,0,0
14.008,0,0,0,0,0,0,0,0,0,0,0,0,0,0
13.892,0,0,0,0,0,0,0,0,0,0,0,0,0,0
14.076,0,0,0,0,0,0,0,0,0,0,0,0,0,0
14.086,0,0,0,0,0,0,0,0,0,0,0,0,0,0
15.009,0,0,0,0,0,0,0,0,0,0,0,0,0,0
13.3,0,0,0,0,0,0,0,0,0,0,0,0,0,0
12.777,0,0,0,0,0,0,0,0,0,0,0,0,0,0
9.3359,0,0,0,0,0,0,0,0,0,0,0,0,0,0
12.854,0,0,0,0,0,0,0,0,0,0,0,0,0,0
12.485,0,0,0,0,0,0,0,0,0,0,0,0,0,0
12.565,0,0,0,0,0,0,0,0,0,0,0,0,0,0
12.829,0,0,0,0,0,0,0,0,0,0,0,0,0,0
12.799,0,0,0,0,0,0,0,0,0,0,0,0,0,0
12.358,0,0,0,0,0,0,0,0,0,0,0,0,0,0
12.474,0,0,0,0,0,0,0,0,0,0,0,0,0,0
12.485,0,0,0,0,0,0,0,0,0,0,0,0,0,0
12.434,0,0,0,0,0,0,0,0,0,0,0,0,0,0
12.563,0,0,0,0,0,0,0,0,0,0,0,0,0,0
12.492,0,0,0,0,0,0,0,0,0,0,0,0,0,0
12.622,0,0,0,0,0,0,0,0,0,0,0,0,0,0
12.803,0,0,0,0,0,0,0,0,0,0,0,0,0,0
12.554,0,0,0,0,0,0,0,0,0,0,0,0,0,0
12.42,0,0,0,0,0,0,0,0,0,0,0,0,0,0
12.179,0,0,0,0,0,0,0,0,0,0,0,0,0,0
12.111,0,0,0,0,0,0,0,0,0,0,0,0,0,0
12.9,0,0,0,0,0,0,0,0,0,0,0,0,0,0
8.7697,0,0,0,0,0,0,0,0,0,0,0,0,0,0
11.987,0,0,0,0,0,0,0,0,0,0,0,0,0,0
14.391,0,0,0,0,0,0,0,0,0,0,0,0,0,0
14.972,0,0,0,0,0,0,0,0,0,0,0,0,0,0
14.39,0,0,0,0,0,0,0,0,0,0,0,0,0,0
14.35,0,0,0,0,0,0,0,0,0,0,0,0,0,0
14.988,0,0,0,0,0,0,0,0,0,0,0,0,0,0
13.765,0,0,0,0,0,0,0,0,0,0,0,0,0,0
14.176,0,0,0,0,0,0,0,0,0,0,0,0,0,0
14.664,0,0,0,0,0,0,0,0,0,0,0,0,0,0
14.494,0,0,0,0,0,0,0,0,0,0,0,0,0,0
14.97,0,0,0,0,0,0,0,0,0,0,0,0,0,0
14.349,0,0,0,0,0,0,0,0,0,0,0,0,0,0
14.156,0,0,0,0,0,0,0,0,0,0,0,0,0,0
15.584,0,0,0,0,0,0,0,0,0,0,0,0,0,0
15.054,0,0,0,0,0,0,0,0,0,0,0,0,0,0
14.216,0,0,0,0,0,0,0,0,0,0,0,0,0,0
14.193,0,0,0,0,0,0,0,0,0,0,0,0,0,0
14.836,0,0,0,0,0,0,0,0,0,0,0,0,0,0
14.624,0,0,0,0,0,0,0,0,0,0,0,0,0,0
15.282,0,0,0,0,0,0,0,0,0,0,0,0,0,0
15.253,0,0,0,0,0,0,0,0,0,0,0,0,0,0
15.291,0,0,0,0,0,0,0,0,0,0,0,0,0,0
16.473,0,0,0,0,0,0,0,0,0,0,0,0,0,0
15.975,0,0,0,0,0,0,0,0,0,0,0,0,0,0
15.457,0,0,0,0,0,0,0,0,0,0,0,0,0,0
16.184,0,0,0,0,0,0,0,0,0,0,0,0,0,0
15.563,0,0,0,0,0,0,0,0,0,0,0,0,0,0
16.386,0,0,0,0,0,0,0,0,0,0,0,0,0,0
15.917,0,0,0,0,0,0,0,0,0,0,0,0,0,0
15.937,0,0,0,0,0,0,0,0,0,0,0,0,0,0
16.371,0,0,0,0,0,0,0,0,0,0,0,0,0,0
16.571,0,0,0,0,0,0,0,0,0,0,0,0,0,0
17.068,0,0,0,0,0,0,0,0,0,0,0,0,0,0
17.492,0,0,0,0,0,0,0,0,0,0,0,0,0,0
17.056,0,0,0,0,0,0,0,0,0,0,0,0,0,0
16.924,0,0,0,0,0,0,0,0,0,0,0,0,0,0
15.825,0,0,0,0,0,0,0,0,0,0,0,0,0,0
15.525,0,0,0,0,0,0,0,0,0,0,0,0,0,0
15.267,0,0,0,0,0,0,0,0,0,0,0,0,0,0
15.583,0,0,0,0,0,0,0,0,0,0,0,0,0,0
16.128,0,0,0,0,0,0,0,0,0,0,0,0,0,0
16.381,0,0,0,0,0,0,0,0,0,0,0,0,0,0
15.807,0,0,0,0,0,0,0,0,0,0,0,0,0,0
16.214,0,0,0,0,0,0,0,0,0,0,0,0,0,0
16.963,0,0,0,0,0,0,0,0,0,0,0,0,0,0
17.379,0,0,0,0,0,0,0,0,0,0,0,0,0,0
16.841,0,0,0,0,0,0,0,0,0,0,0,0,0,0
16.712,0,0,0,0,0,0,0,0,0,0,0,0,0,0
17.044,0,0,0,0,0,0,0,0,0,0,0,0,0,0
17.243,0,0,0,0,0,0,0,0,0,0,0,0,0,0
17.291,0,0,0,0,0,0,0,0,0,0,0,0,0,0
17.348,0,0,0,0,0,0,0,0,0,0,0,0,0,0
16.969,0,0,0,0,0,0,0,0,0,0,0,0,0,0
17.183,0,0,0,0,0,0,0,0,0,0,0,0,0,0
15.466,0,0,0,0,0,0,0,0,0,0,0,0,0,0
16.633,0,0,0,0,0,0,0,0,0,0,0,0,0,0
16.154,0,0,0,0,0,0,0,0,0,0,0,0,0,0
16.541,0,0,0,0,0,0,0,0,0,0,0,0,0,0
15.269,0,0,0,0,0,0,0,0,0,0,0,0,0,0
15.855,0,0,0,0,0,0,0,0,0,0,0,0,0,0
15.724,0,0,0,0,0,0,0,0,0,0,0,0,0,0
16.038,0,0,0,0,0,0,0,0,0,0,0,0,0,0
15.999,0,0,0,0,0,0,0,0,0,0,0,0,0,0
16.136,0,0,0,0,0,0,0,0,0,0,0,0,0,0
15.568,0,0,0,0,0,0,0,0,0,0,0,0,0,0
16.39,0,0,0,0,0,0,0,0,0,0,0,0,0,0
15.966,0,0,0,0,0,0,0,0,0,0,0,0,0,0
16.222,0,0,0,0,0,0,0,0,0,0,0,0,0,0
16.178,0,0,0,0,0,0,0,0,0,0,0,0,0,0
16.118,0,0,0,0,0,0,0,0,0,0,0,0,0,0
15.638,0,0,0,0,0,0,0,0,0,0,0,0,0,0
16.41,0,0,0,0,0,0,0,0,0,0,0,0,0,0
16.363,0,0,0,0,0,0,0,0,0,0,0,0,0,0
16.119,0,0,0,0,0,0,0,0,0,0,0,0,0,0
15.537,0,0,0,0,0,0,0,0,0,0,0,0,0,0
15.661,0,0,0,0,0,0,0,0,0,0,0,0,0,0
15.945,0,0,0,0,0,0,0,0,0,0,0,0,0,0
16.498,0,0,0,0,0,0,0,0,0,0,0,0,0,0
15.945,0,0,0,0,0,0,0,0,0,0,0,0,0,0
15.7,0,0,0,0,0,0,0,0,0,0,0,0,0,0
16.328,0,0,0,0,0,0,0,0,0,0,0,0,0,0
16.3,0,0,0,0,0,0,0,0,0,0,0,0,0,0
15.783,0,0,0,0,0,0,0,0,0,0,0,0,0,0
16.282,0,0,0,0,0,0,0,0,0,0,0,0,0,0
16.719,0,0,0,0,0,0,0,0,0,0,0,0,0,0
16.559,0,0,0,0,0,0,0,0,0,0,0,0,0,0
16.561,0,0,0,0,0,0,0,0,0,0,0,0,0,0
16.188,0,0,0,0,0,0,0,0,0,0,0,0,0,0
16.199,0,0,0,0,0,0,0,0,0,0,0,0,0,0
16.243,0,0,0,0,0,0,0,0,0,0,0,0,0,0
16.174,0,0,0,0,0,0,0,0,0,0,0,0,0,0
16.82,0,0,0,0,0,0,0,0,0,0,0,0,0,0
16.333,0,0,0,0,0,0,0,0,0,0,0,0,0,0
16.55,0,0,0,0,0,0,0,0,0,0,0,0,0,0
17.195,0,0,0,0,0,0,0,0,0,0,0,0,0,0
16.528,0,0,0,0,0,0,0,0,0,0,0,0,0,0
17.237,0,0,0,0,0,0,0,0,0,0,0,0,0,0
17.283,0,0,0,0,0,0,0,0,0,0,0,0,0,0
17.954,0,0,0,0,0,0,0,0,0,0,0,0,0,0
17.568,0,0,0,0,0,0,0,0,0,0,0,0,0,0
17.747,0,0,0,0,0,0,0,0,0,0,0,0,0,0
17.864,0,0,0,0,0,0,0,0,0,0,0,0,0,0
15.655,0,0,0,0,0,0,0,0,0,0,0,0,0,0
17.362,0,0,0,0,0,0,0,0,0,0,0,0,0,0
16.916,0,0,0,0,0,0,0,0,0,0,0,0,0,0
15.595,0,0,0,0,0,0,0,0,0,0,0,0,0,0
15.735,0,0,0,0,0,0,0,0,0,0,0,0,0,0
15.569,0,0,0,0,0,0,0,0,0,0,0,0,0,0
17.298,0,0,0,0,0,0,0,0,0,0,0,0,0,0
17.092,0,0,0,0,0,0,0,0,0,0,0,0,0,0
16.582,0,0,0,0,0,0,0,0,0,0,0,0,0,0
16.324,0,0,0,0,0,0,0,0,0,0,0,0,0,0
16.348,0,0,0,0,0,0,0,0,0,0,0,0,0,0
16.073,0,0,0,0,0,0,0,0,0,0,0,0,0,0
15.868,0,0,0,0,0,0,0,0,0,0,0,0,0,0
15.829,0,0,0,0,0,0,0,0,0,0,0,0,0,0
16.436,0,0,0,0,0,0,0,0,0,0,0,0,0,0
16.55,0,0,0,0,0,0,0,0,0,0,0,0,0,0
16.955,0,0,0,0,0,0,0,0,0,0,0,0,0,0
16.625,0,0,0,0,0,0,0,0,0,0,0,0,0,0
16.658,0,0,0,0,0,0,0,0,0,0,0,0,0,0
15.993,0,0,0,0,0,0,0,0,0,0,0,0,0,0
15.764,0,0,0,0,0,0,0,0,0,0,0,0,0,0
16.498,0,0,0,0,0,0,0,0,0,0,0,0,0,0
15.341,0,0,0,0,0,0,0,0,0,0,0,0,0,0
17.156,0,0,0,0,0,0,0,0,0,0,0,0,0,0
16.366,0,0,0,0,0,0,0,0,0,0,0,0,0,0
16.265,0,0,0,0,0,0,0,0,0,0,0,0,0,0
15.802,0,0,0,0,0,0,0,0,0,0,0,0,0,0
15.893,0,0,0,0,0,0,0,0,0,0,0,0,0,0
15.958,0,0,0,0,0,0,0,0,0,0,0,0,0,0
16.142,0,0,0,0,0,0,0,0,0,0,0,0,0,0
16.65,0,0,0,0,0,0,0,0,0,0,0,0,0,0
16.031,0,0,0,0,0,0,0,0,0,0,0,0,0,0
16.29,0,0,0,0,0,0,0,0,0,0,0,0,0,0
15.836,0,0,0,0,0,0,0,0,0,0,0,0,0,0
16.043,0,0,0,0,0,0,0,0,0,0,0,0,0,0
15.622,0,0,0,0,0,0,0,0,0,0,0,0,0,0
15.648,0,0,0,0,0,0,0,0,0,0,0,0,0,0
15.65,0,0,0,0,0,0,0,0,0,0,0,0,0,0
15.657,0,0,0,0,0,0,0,0,0,0,0,0,0,0
15.725,0,0,0,0,0,0,0,0,0,0,0,0,0,0
15.789,0,0,0,0,0,0,0,0,0,0,0,0,0,0
15.935,0,0,0,0,0,0,0,0,0,0,0,0,0,0
15.789,0,0,0,0,0,0,0,0,0,0,0,0,0,0
16.155,0,0,0,0,0,0,0,0,0,0,0,0,0,0
15.61,0,0,0,0,0,0,0,0,0,0,0,0,0,0
15.916,0,0,0,0,0,0,0,0,0,0,0,0,0,0
15.97,0,0,0,0,0,0,0,0,0,0,0,0,0,0
15.855,0,0,0,0,0,0,0,0,0,0,0,0,0,0
15.77,0,0,0,0,0,0,0,0,0,0,0,0,0,0
16.006,0,0,0,0,0,0,0,0,0,0,0,0,0,0
15.143,0,0,0,0,0,0,0,0,0,0,0,0,0,0
16.015,0,0,0,0,0,0,0,0,0,0,0,0,0,0
15.518,0,0,0,0,0,0,0,0,0,0,0,0,0,0
15.77,0,0,0,0,0,0,0,0,0,0,0,0,0,0
15.929,0,0,0,0,0,0,0,0,0,0,0,0,0,0
15.475,0,0,0,0,0,0,0,0,0,0,0,0,0,0
15.372,0,0,0,0,0,0,0,0,0,0,0,0,0,0
15.729,0,0,0,0,0,0,0,0,0,0,0,0,0,0
15.471,0,0,0,0,0,0,0,0,0,0,0,0,0,0
15.562,0,0,0,0,0,0,0,0,0,0,0,0,0,0
15.307,0,0,0,0,0,0,0,0,0,0,0,0,0,0
15.483,0,0,0,0,0,0,0,0,0,0,0,0,0,0
15.84,0,0,0,0,0,0,0,0,0,0,0,0,0,0
15.14,0,0,0,0,0,0,0,0,0,0,0,0,0,0
15.378,0,0,0,0,0,0,0,0,0,0,0,0,0,0
15.594,0,0,0,0,0,0,0,0,0,0,0,0,0,0
12.244,0,0,0,0,0,0,0,0,0,0,0,0,0,0
15.717,0,0,0,0,0,0,0,0,0,0,0,0,0,0
15.678,0,0,0,0,0,0,0,0,0,0,0,0,0,0
15.12,0,0,0,0,0,0,0,0,0,0,0,0,0,0
15.572,0,0,0,0,0,0,0,0,0,0,0,0,0,0
15.507,0,0,0,0,0,0,0,0,0,0,0,0,0,0
14.944,0,0,0,0,0,0,0,0,0,0,0,0,0,0
15.163,0,0,0,0,0,0,0,0,0,0,0,0,0,0
11.906,0,0,0,0,0,0,0,0,0,0,0,0,0,0
12.118,0,0,0,0,0,0,0,0,0,0,0,0,0,0
16.259,0,0,0,0,0,0,0,0,0,0,0,0,0,0
15.103,0,0,0,0,0,0,0,0,0,0,0,0,0,0
11.839,0,0,0,0,0,0,0,0,0,0,0,0,0,0
12.153,0,0,0,0,0,0,0,0,0,0,0,0,0,0
14.865,0,0,0,0,0,0,0,0,0,0,0,0,0,0
14.442,0,0,0,0,0,0,0,0,0,0,0,0,0,0
15.032,0,0,0,0,0,0,0,0,0,0,0,0,0,0
14.906,0,0,0,0,0,0,0,0,0,0,0,0,0,0
14.381,0,0,0,0,0,0,0,0,0,0,0,0,0,0
14.657,0,0,0,0,0,0,0,0,0,0,0,0,0,0
14.613,0,0,0,0,0,0,0,0,0,0,0,0,0,0
14.773,0,0,0,0,0,0,0,0,0,0,0,0,0,0
11.212,0,0,0,0,0,0,0,0,0,0,0,0,0,0
14.857,0,0,0,0,0,0,0,0,0,0,0,0,0,0
14.802,0,0,0,0,0,0,0,0,0,0,0,0,0,0
14.515,0,0,0,0,0,0,0,0,0,0,0,0,0,0
14.656,0,0,0,0,0,0,0,0,0,0,0,0,0,0
14.836,0,0,0,0,0,0,0,0,0,0,0,0,0,0
14.871,0,0,0,0,0,0,0,0,0,0,0,0,0,0
14.631,0,0,0,0,0,0,0,0,0,0,0,0,0,0
14.441,0,0,0,0,0,0,0,0,0,0,0,0,0,0
14.662,0,0,0,0,0,0,0,0,0,0,0,0,0,0
14.585,0,0,0,0,0,0,0,0,0,0,0,0,0,0
14.733,0,0,0,0,0,0,0,0,0,0,0,0,0,0
14.663,0,0,0,0,0,0,0,0,0,0,0,0,0,0
14.922,0,0,0,0,0,0,0,0,0,0,0,0,0,0
14.799,0,0,0,0,0,0,0,0,0,0,0,0,0,0
14.814,0,0,0,0,0,0,0,0,0,0,0,0,0,0
14.283,0,0,0,0,0,0,0,0,0,0,0,0,0,0
14.745,0,0,0,0,0,0,0,0,0,0,0,0,0,0
14.607,0,0,0,0,0,0,0,0,0,0,0,0,0,0
14.772,0,0,0,0,0,0,0,0,0,0,0,0,0,0
14.599,0,0,0,0,0,0,0,0,0,0,0,0,0,0
14.795,0,0,0,0,0,0,0,0,0,0,0,0,0,0
14.622,0,0,0,0,0,0,0,0,0,0,0,0,0,0
14.572,0,0,0,0,0,0,0,0,0,0,0,0,0,0
14.141,0,0,0,0,0,0,0,0,0,0,0,0,0,0
14.222,0,0,0,0,0,0,0,0,0,0,0,0,0,0
14.301,0,0,0,0,0,0,0,0,0,0,0,0,0,0
14.378,0,0,0,0,0,0,0,0,0,0,0,0,0,0
14.461,0,0,0,0,0,0,0,0,0,0,0,0,0,0
14.247,0,0,0,0,0,0,0,0,0,0,0,0,0,0
14.405,0,0,0,0,0,0,0,0,0,0,0,0,0,0
14.23,0,0,0,0,0,0,0,0,0,0,0,0,0,0
14.544,0,0,0,0,0,0,0,0,0,0,0,0,0,0
14.041,0,0,0,0,0,0,0,0,0,0,0,0,0,0
14.065,0,0,0,0,0,0,0,0,0,0,0,0,0,0
14.256,0,0,0,0,0,0,0,0,0,0,0,0,0,0
14.83,0,0,0,0,0,0,0,0,0,0,0,0,0,0
15.124,0,0,0,0,0,0,0,0,0,0,0,0,0,0
15.22,0,0,0,0,0,0,0,0,0,0,0,0,0,0
15.769,0,0,0,0,0,0,0,0,0,0,0,0,0,0
15.055,0,0,0,0,0,0,0,0,0,0,0,0,0,0
14.797,0,0,0,0,0,0,0,0,0,0,0,0,0,0
14.337,0,0,0,0,0,0,0,0,0,0,0,0,0,0
14.656,0,0,0,0,0,0,0,0,0,0,0,0,0,0
14.185,0,0,0,0,0,0,0,0,0,0,0,0,0,0
14.344,0,0,0,0,0,0,0,0,0,0,0,0,0,0
14.943,0,0,0,0,0,0,0,0,0,0,0,0,0,0
14.978,0,0,0,0,0,0,0,0,0,0,0,0,0,0
14.936,0,0,0,0,0,0,0,0,0,0,0,0,0,0
14.782,0,0,0,0,0,0,0,0,0,0,0,0,0,0
15.089,0,0,0,0,0,0,0,0,0,0,0,0,0,0
15.151,0,0,0,0,0,0,0,0,0,0,0,0,0,0
15.151,0,0,0,0,0,0,0,0,0,0,0,0,0,0
14.664,0,0,0,0,0,0,0,0,0,0,0,0,0,0
14.472,0,0,0,0,0,0,0,0,0,0,0,0,0,0
14.408,0,0,0,0,0,0,0,0,0,0,0,0,0,0
14.148,0,0,0,0,0,0,0,0,0,0,0,0,0,0
14.114,0,0,0,0,0,0,0,0,0,0,0,0,0,0
13.916,0,0,0,0,0,0,0,0,0,0,0,0,0,0
13.792,0,0,0,0,0,0,0,0,0,0,0,0,0,0
13.491,0,0,0,0,0,0,0,0,0,0,0,0,0,0
13.329,0,0,0,0,0,0,0,0,0,0,0,0,0,0
13.059,0,0,0,0,0,0,0,0,0,0,0,0,0,0
12.739,0,0,0,0,0,0,0,0,0,0,0,0,0,0
12.555,0,0,0,0,0,0,0,0,0,0,0,0,0,0
12.445,0,0,0,0,0,0,0,0,0,0,0,0,0,0
12.674,0,0,0,0,0,0,0,0,0,0,0,0,0,0
12.816,0,0,0,0,0,0,0,0,0,0,0,0,0,0
12.423,0,0,0,0,0,0,0,0,0,0,0,0,0,0
12.295,0,0,0,0,0,0,0,0,0,0,0,0,0,0
12.057,0,0,0,0,0,0,0,0,0,0,0,0,0,0
11.799,0,0,0,0,0,0,0,0,0,0,0,0,0,0
12.187,0,0,0,0,0,0,0,0,0,0,0,0,0,0
11.963,0,0,0,0,0,0,0,0,0,0,0,0,0,0
12.165,0,0,0,0,0,0,0,0,0,0,0,0,0,0
11.839,0,0,0,0,0,0,0,0,0,0,0,0,0,0
12.069,0,0,0,0,0,0,0,0,0,0,0,0,0,0
11.899,0,0,0,0,0,0,0,0,0,0,0,0,0,0
12.202,0,0,0,0,0,0,0,0,0,0,0,0,0,0
12.244,0,0,0,0,0,0,0,0,0,0,0,0,0,0
12.462,0,0,0,0,0,0,0,0,0,0,0,0,0,0
12.066,0,0,0,0,0,0,0,0,0,0,0,0,0,0
12.131,0,0,0,0,0,0,0,0,0,0,0,0,0,0
11.851,0,0,0,0,0,0,0,0,0,0,0,0,0,0
11.707,0,0,0,0,0,0,0,0,0,0,0,0,0,0
12.133,0,0,0,0,0,0,0,0,0,0,0,0,0,0
12.038,0,0,0,0,0,0,0,0,0,0,0,0,0,0
11.982,0,0,0,0,0,0,0,0,0,0,0,0,0,0
11.642,0,0,0,0,0,0,0,0,0,0,0,0,0,0
11.706,0,0,0,0,0,0,0,0,0,0,0,0,0,0
11.629,0,0,0,0,0,0,0,0,0,0,0,0,0,0
12.4,0,0,0,0,0,0,0,0,0,0,0,0,0,0
12.521,0,0,0,0,0,0,0,0,0,0,0,0,0,0
12.507,0,0,0,0,0,0,0,0,0,0,0,0,0,0
12.276,0,0,0,0,0,0,0,0,0,0,0,0,0,0
12.036,0,0,0,0,0,0,0,0,0,0,0,0,0,0
12.132,0,0,0,0,0,0,0,0,0,0,0,0,0,0
12.245,0,0,0,0,0,0,0,0,0,0,0,0,0,0
12.081,0,0,0,0,0,0,0,0,0,0,0,0,0,0
12.173,0,0,0,0,0,0,0,0,0,0,0,0,0,0
12.131,0,0,0,0,0,0,0,0,0,0,0,0,0,0
12.055,0,0,0,0,0,0,0,0,0,0,0,0,0,0
12.119,0,0,0,0,0,0,0,0,0,0,0,0,0,0
11.921,0,0,0,0,0,0,0,0,0,0,0,0,0,0
11.667,0,0,0,0,0,0,0,0,0,0,0,0,0,0
11.669,0,0,0,0,0,0,0,0,0,0,0,0,0,0
11.754,0,0,0,0,0,0,0,0,0,0,0,0,0,0
11.878,0,0,0,0,0,0,0,0,0,0,0,0,0,0
11.893,0,0,0,0,0,0,0,0,0,0,0,0,0,0
11.437,0,0,0,0,0,0,0,0,0,0,0,0,0,0
11.6,0,0,0,0,0,0,0,0,0,0,0,0,0,0
11.762,0,0,0,0,0,0,0,0,0,0,0,0,0,0
11.609,0,0,0,0,0,0,0,0,0,0,0,0,0,0
11.716,0,0,0,0,0,0,0,0,0,0,0,0,0,0
11.604,0,0,0,0,0,0,0,0,0,0,0,0,0,0
12.352,0,0,0,0,0,0,0,0,0,0,0,0,0,0
11.838,0,0,0,0,0,0,0,0,0,0,0,0,0,0
11.979,0,0,0,0,0,0,0,0,0,0,0,0,0,0
12.093,0,0,0,0,0,0,0,0,0,0,0,0,0,0
12.27,0,0,0,0,0,0,0,0,0,0,0,0,0,0
12.289,0,0,0,0,0,0,0,0,0,0,0,0,0,0
12.007,0,0,0,0,0,0,0,0,0,0,0,0,0,0
12.2,0,0,0,0,0,0,0,0,0,0,0,0,0,0
11.831,0,0,0,0,0,0,0,0,0,0,0,0,0,0
12.073,0,0,0,0,0,0,0,0,0,0,0,0,0,0
11.862,0,0,0,0,0,0,0,0,0,0,0,0,0,0
11.928,0,0,0,0,0,0,0,0,0,0,0,0,0,0
11.804,0,0,0,0,0,0,0,0,0,0,0,0,0,0
11.925,0,0,0,0,0,0,0,0,0,0,0,0,0,0
11.869,0,0,0,0,0,0,0,0,0,0,0,0,0,0
12.023,0,0,0,0,0,0,0,0,0,0,0,0,0,0
11.888,0,0,0,0,0,0,0,0,0,0,0,0,0,0
8.6783,0,0,0,0,0,0,0,0,0,0,0,0,0,0
12.116,0,0,0,0,0,0,0,0,0,0,0,0,0,0
12.55,0,0,0,0,0,0,0,0,0,0,0,0,0,0
12.475,0,0,0,0,0,0,0,0,0,0,0,0,0,0
12.294,0,0,0,0,0,0,0,0,0,0,0,0,0,0
12.32,0,0,0,0,0,0,0,0,0,0,0,0,0,0
12.339,0,0,0,0,0,0,0,0,0,0,0,0,0,0
12.385,0,0,0,0,0,0,0,0,0,0,0,0,0,0
12.618,0,0,0,0,0,0,0,0,0,0,0,0,0,0
12.632,0,0,0,0,0,0,0,0,0,0,0,0,0,0
12.314,0,0,0,0,0,0,0,0,0,0,0,0,0,0
12.234,0,0,0,0,0,0,0,0,0,0,0,0,0,0
12.366,0,0,0,0,0,0,0,0,0,0,0,0,0,0
12.432,0,0,0,0,0,0,0,0,0,0,0,0,0,0
11.809,0,0,0,0,0,0,0,0,0,0,0,0,0,0
12.135,0,0,0,0,0,0,0,0,0,0,0,0,0,0
11.979,0,0,0,0,0,0,0,0,0,0,0,0,0,0
11.42,0,0,0,0,0,0,0,0,0,0,0,0,0,0
12.716,0,0,0,0,0,0,0,0,0,0,0,0,0,0
12.062,0,0,0,0,0,0,0,0,0,0,0,0,0,0
12.525,0,0,0,0,0,0,0,0,0,0,0,0,0,0
12.723,0,0,0,0,0,0,0,0,0,0,0,0,0,0
12.205,0,0,0,0,0,0,0,0,0,0,0,0,0,0
11.837,0,0,0,0,0,0,0,0,0,0,0,0,0,0
12.265,0,0,0,0,0,0,0,0,0,0,0,0,0,0
12.44,0,0,0,0,0,0,0,0,0,0,0,0,0,0
12.039,0,0,0,0,0,0,0,0,0,0,0,0,0,0
11.721,0,0,0,0,0,0,0,0,0,0,0,0,0,0
8.1194,0,0,0,0,0,0,0,0,0,0,0,0,0,0
8.6152,0,0,0,0,0,0,0,0,0,0,0,0,0,0
12.078,0,0,0,0,0,0,0,0,0,0,0,0,0,0
8.5455,0,0,0,0,0,0,0,0,0,0,0,0,0,0
8.6157,0,0,0,0,0,0,0,0,0,0,0,0,0,0
10.565,0,0,0,0,0,0,0,0,0,0,0,0,0,0
10.443,0,0,0,0,0,0,0,0,0,0,0,0,0,0
11.43,0,0,0,0,0,0,0,0,0,0,0,0,0,0
10.088,0,0,0,0,0,0,0,0,0,0,0,0,0,0
8.0916,0,0,0,0,0,0,0,0,0,0,0,0,0,0
10.401,0,0,0,0,0,0,0,0,0,0,0,0,0,0
10.18,0,0,0,0,0,0,0,0,0,0,0,0,0,0
11.42,0,0,0,0,0,0,0,0,0,0,0,0,0,0
11.515,0,0,0,0,0,0,0,0,0,0,0,0,0,0
8.1173,0,0,0,0,0,0,0,0,0,0,0,0,0,0
11.522,0,0,0,0,0,0,0,0,0,0,0,0,0,0
8.6079,0,0,0,0,0,0,0,0,0,0,0,0,0,0
8.1196,0,0,0,0,0,0,0,0,0,0,0,0,0,0
8.3533,0,0,0,0,0,0,0,0,0,0,0,0,0,0
10.93,0,0,0,0,0,0,0,0,0,0,0,0,0,0
11.925,0,0,0,0,0,0,0,0,0,0,0,0,0,0
12.04,0,0,0,0,0,0,0,0,0,0,0,0,0,0
11.479,0,0,0,0,0,0,0,0,0,0,0,0,0,0
11.736,0,0,0,0,0,0,0,0,0,0,0,0,0,0
11.619,0,0,0,0,0,0,0,0,0,0,0,0,0,0
11.368,0,0,0,0,0,0,0,0,0,0,0,0,0,0
11.685,0,0,0,0,0,0,0,0,0,0,0,0,0,0
10.949,0,0,0,0,0,0,0,0,0,0,0,0,0,0
11.638,0,0,0,0,0,0,0,0,0,0,0,0,0,0
11.505,0,0,0,0,0,0,0,0,0,0,0,0,0,0
11.519,0,0,0,0,0,0,0,0,0,0,0,0,0,0
11.532,0,0,0,0,0,0,0,0,0,0,0,0,0,0
11.486,0,0,0,0,0,0,0,0,0,0,0,0,0,0
11.189,0,0,0,0,0,0,0,0,0,0,0,0,0,0
11.278,0,0,0,0,0,0,0,0,0,0,0,0,0,0
11.88,0,0,0,0,0,0,0,0,0,0,0,0,0,0
10.856,0,0,0,0,0,0,0,0,0,0,0,0,0,0
11.351,0,0,0,0,0,0,0,0,0,0,0,0,0,0
11.42,0,0,0,0,0,0,0,0,0,0,0,0,0,0
11.541,0,0,0,0,0,0,0,0,0,0,0,0,0,0
10.73,0,0,0,0,0,0,0,0,0,0,0,0,0,0
10.509,0,0,0,0,0,0,0,0,0,0,0,0,0,0
11.567,0,0,0,0,0,0,0,0,0,0,0,0,0,0
10.233,0,0,0,0,0,0,0,0,0,0,0,0,0,0
10.592,0,0,0,0,0,0,0,0,0,0,0,0,0,0
7.9458,0,0,0,0,0,0,0,0,0,0,0,0,0,0
10.622,0,0,0,0,0,0,0,0,0,0,0,0,0,0
10.98,0,0,0,0,0,0,0,0,0,0,0,0,0,0
10.187,0,0,0,0,0,0,0,0,0,0,0,0,0,0
10.696,0,0,0,0,0,0,0,0,0,0,0,0,0,0
11.872,0,0,0,0,0,0,0,0,0,0,0,0,0,0
11.35,0,0,0,0,0,0,0,0,0,0,0,0,0,0
10.94,0,0,0,0,0,0,0,0,0,0,0,0,0,0
11.908,0,0,0,0,0,0,0,0,0,0,0,0,0,0
10.815,0,0,0,0,0,0,0,0,0,0,0,0,0,0
8.5811,0,0,0,0,0,0,0,0,0,0,0,0,0,0
9.3207,0,0,0,0,0,0,0,0,0,0,0,0,0,0
8.3996,0,0,0,0,0,0,0,0,0,0,0,0,0,0
10.372,0,0,0,0,0,0,0,0,0,0,0,0,0,0
8.4619,0,0,0,0,0,0,0,0,0,0,0,0,0,0
9.1757,0,0,0,0,0,0,0,0,0,0,0,0,0,0
11.374,0,0,0,0,0,0,0,0,0,0,0,0,0,0
10.236,0,0,0,0,0,0,0,0,0,0,0,0,0,0
11.014,0,0,0,0,0,0,0,0,0,0,0,0,0,0
11.015,0,0,0,0,0,0,0,0,0,0,0,0,0,0
8.8814,0,0,0,0,0,0,0,0,0,0,0,0,0,0
9.0165,0,0,0,0,0,0,0,0,0,0,0,0,0,0
11.075,0,0,0,0,0,0,0,0,0,0,0,0,0,0
10.513,0,0,0,0,0,0,0,0,0,0,0,0,0,0
10.365,0,0,0,0,0,0,0,0,0,0,0,0,0,0
8.7181,0,0,0,0,0,0,0,0,0,0,0,0,0,0
9.3278,0,0,0,0,0,0,0,0,0,0,0,0,0,0
10.728,0,0,0,0,0,0,0,0,0,0,0,0,0,0
10.833,0,0,0,0,0,0,0,0,0,0,0,0,0,0
10.885,0,0,0,0,0,0,0,0,0,0,0,0,0,0
8.8282,0,0,0,0,0,0,0,0,0,0,0,0,0,0
9.3396,0,0,0,0,0,0,0,0,0,0,0,0,0,0
9.1938,0,0,0,0,0,0,0,0,0,0,0,0,0,0
9.5296,0,0,0,0,0,0,0,0,0,0,0,0,0,0
11.171,0,0,0,0,0,0,0,0,0,0,0,0,0,0
11.235,0,0,0,0,0,0,0,0,0,0,0,0,0,0
11.144,0,0,0,0,0,0,0,0,0,0,0,0,0,0
11.419,0,0,0,0,0,0,0,0,0,0,0,0,0,0
9.2268,0,0,0,0,0,0,0,0,0,0,0,0,0,0
9.0086,0,0,0,0,0,0,0,0,0,0,0,0,0,0
9.1013,0,0,0,0,0,0,0,0,0,0,0,0,0,0
9.198,0,0,0,0,0,0,0,0,0,0,0,0,0,0
9.4083,0,0,0,0,0,0,0,0,0,0,0,0,0,0
9.2496,0,0,0,0,0,0,0,0,0,0,0,0,0,0
8.9403,0,0,0,0,0,0,0,0,0,0,0,0,0,0
9.1184,0,0,0,0,0,0,0,0,0,0,0,0,0,0
9.0609,0,0,0,0,0,0,0,0,0,0,0,0,0,0
9.8206,0,0,0,0,0,0,0,0,0,0,0,0,0,0
8.9761,0,0,0,0,0,0,0,0,0,0,0,0,0,0
9.6175,0,0,0,0,0,0,0,0,0,0,0,0,0,0
9.6738,0,0,0,0,0,0,0,0,0,0,0,0,0,0
9.9365,0,0,0,0,0,0,0,0,0,0,0,0,0,0
10.91,0,0,0,0,0,0,0,0,0,0,0,0,0,0
8.785,0,0,0,0,0,0,0,0,0,0,0,0,0,0
9.4007,0,0,0,0,0,0,0,0,0,0,0,0,0,0
9.5254,0,0,0,0,0,0,0,0,0,0,0,0,0,0
11.523,0,0,0,0,0,0,0,0,0,0,0,0,0,0
8.0069,0,0,0,0,0,0,0,0,0,0,0,0,0,0
10.257,0,0,0,0,0,0,0,0,0,0,0,0,0,0
8.1602,0,0,0,0,0,0,0,0,0,0,0,0,0,0
8.1819,0,0,0,0,0,0,0,0,0,0,0,0,0,0
8.2571,0,0,0,0,0,0,0,0,0,0,0,0,0,0
11.565,0,0,0,0,0,0,0,0,0,0,0,0,0,0
11.37,0,0,0,0,0,0,0,0,0,0,0,0,0,0
11.388,0,0,0,0,0,0,0,0,0,0,0,0,0,0
11.937,0,0,0,0,0,0,0,0,0,0,0,0,0,0
12.101,0,0,0,0,0,0,0,0,0,0,0,0,0,0
11.489,0,0,0,0,0,0,0,0,0,0,0,0,0,0
11.399,0,0,0,0,0,0,0,0,0,0,0,0,0,0
10.756,0,0,0,0,0,0,0,0,0,0,0,0,0,0
11.739,0,0,0,0,0,0,0,0,0,0,0,0,0,0
10.496,0,0,0,0,0,0,0,0,0,0,0,0,0,0
11.278,0,0,0,0,0,0,0,0,0,0,0,0,0,0
8.1654,0,0,0,0,0,0,0,0,0,0,0,0,0,0
9.8931,0,0,0,0,0,0,0,0,0,0,0,0,0,0
10.809,0,0,0,0,0,0,0,0,0,0,0,0,0,0
9.9361,0,0,0,0,0,0,0,0,0,0,0,0,0,0
10.512,0,0,0,0,0,0,0,0,0,0,0,0,0,0
11.224,0,0,0,0,0,0,0,0,0,0,0,0,0,0
11.4,0,0,0,0,0,0,0,0,0,0,0,0,0,0
10.369,0,0,0,0,0,0,0,0,0,0,0,0,0,0
9.9387,0,0,0,0,0,0,0,0,0,0,0,0,0,0
9.4856,0,0,0,0,0,0,0,0,0,0,0,0,0,0
NaN,0,0,0,0,0,0,0,0,0,0,0,0,0,0
NaN,0,0,0,0,0,0,0,0,0,0,0,0,0,0
NaN,0,0,0,0,0,0,0,0,0,0,0,0,0,0
NaN,0,0,0,0,0,0,0,0,0,0,0,0,0,0
1.0191,0,0,0,0,0,0,0,0,0,0,0,0,0,0
41.158,0,0,0,0,0,0,0,0,0,0,0,0,0,0
11.309,0,0,0,0,0,0,0,0,0,0,0,0,0,0
11.245,0,0,0,0,0,0,0,0,0,0,0,0,0,0
11.423,0,0,0,0,0,0,0,0,0,0,0,0,0,0
11.387,0,0,0,0,0,0,0,0,0,0,0,0,0,0
11.321,0,0,0,0,0,0,0,0,0,0,0,0,0,0
11.393,0,0,0,0,0,0,0,0,0,0,0,0,0,0
11.568,0,0,0,0,0,0,0,0,0,0,0,0,0,0
11.398,0,0,0,0,0,0,0,0,0,0,0,0,0,0
11.348,0,0,0,0,0,0,0,0,0,0,0,0,0,0
11.572,0,0,0,0,0,0,0,0,0,0,0,0,0,0
11.248,0,0,0,0,0,0,0,0,0,0,0,0,0,0
11.415,0,0,0,0,0,0,0,0,0,0,0,0,0,0
11.405,0,0,0,0,0,0,0,0,0,0,0,0,0,0
11.285,0,0,0,0,0,0,0,0,0,0,0,0,0,0
11.29,0,0,0,0,0,0,0,0,0,0,0,0,0,0
11.283,0,0,0,0,0,0,0,0,0,0,0,0,0,0
11.386,0,0,0,0,0,0,0,0,0,0,0,0,0,0
11.308,0,0,0,0,0,0,0,0,0,0,0,0,0,0
11.223,0,0,0,0,0,0,0,0,0,0,0,0,0,0
11.34,0,0,0,0,0,0,0,0,0,0,0,0,0,0
11.299,0,0,0,0,0,0,0,0,0,0,0,0,0,0
11.747,0,0,0,0,0,0,0,0,0,0,0,0,0,0
11.717,0,0,0,0,0,0,0,0,0,0,0,0,0,0
11.802,0,0,0,0,0,0,0,0,0,0,0,0,0,0
11.829,0,0,0,0,0,0,0,0,0,0,0,0,0,0
11.791,0,0,0,0,0,0,0,0,0,0,0,0,0,0
11.798,0,0,0,0,0,0,0,0,0,0,0,0,0,0
11.776,0,0,0,0,0,0,0,0,0,0,0,0,0,0
11.915,0,0,0,0,0,0,0,0,0,0,0,0,0,0
11.792,0,0,0,0,0,0,0,0,0,0,0,0,0,0
12.005,0,0,0,0,0,0,0,0,0,0,0,0,0,0
11.829,0,0,0,0,0,0,0,0,0,0,0,0,0,0
11.982,0,0,0,0,0,0,0,0,0,0,0,0,0,0
12.076,0,0,0,0,0,0,0,0,0,0,0,0,0,0
12.075,0,0,0,0,0,0,0,0,0,0,0,0,0,0
11.86,0,0,0,0,0,0,0,0,0,0,0,0,0,0
12.218,0,0,0,0,0,0,0,0,0,0,0,0,0,0
11.873,0,0,0,0,0,0,0,0,0,0,0,0,0,0
12.023,0,0,0,0,0,0,0,0,0,0,0,0,0,0
12.023,0,0,0,0,0,0,0,0,0,0,0,0,0,0
11.796,0,0,0,0,0,0,0,0,0,0,0,0,0,0
12.164,0,0,0,0,0,0,0,0,0,0,0,0,0,0
11.881,0,0,0,0,0,0,0,0,0,0,0,0,0,0
11.808,0,0,0,0,0,0,0,0,0,0,0,0,0,0
11.612,0,0,0,0,0,0,0,0,0,0,0,0,0,0
11.762,0,0,0,0,0,0,0,0,0,0,0,0,0,0
11.58,0,0,0,0,0,0,0,0,0,0,0,0,0,0
11.377,0,0,0,0,0,0,0,0,0,0,0,0,0,0
11.695,0,0,0,0,0,0,0,0,0,0,0,0,0,0
11.897,0,0,0,0,0,0,0,0,0,0,0,0,0,0
11.62,0,0,0,0,0,0,0,0,0,0,0,0,0,0
11.683,0,0,0,0,0,0,0,0,0,0,0,0,0,0
11.69,0,0,0,0,0,0,0,0,0,0,0,0,0,0
11.728,0,0,0,0,0,0,0,0,0,0,0,0,0,0
11.615,0,0,0,0,0,0,0,0,0,0,0,0,0,0
11.47,0,0,0,0,0,0,0,0,0,0,0,0,0,0
11.434,0,0,0,0,0,0,0,0,0,0,0,0,0,0
11.444,0,0,0,0,0,0,0,0,0,0,0,0,0,0
11.647,0,0,0,0,0,0,0,0,0,0,0,0,0,0
11.527,0,0,0,0,0,0,0,0,0,0,0,0,0,0
11.451,0,0,0,0,0,0,0,0,0,0,0,0,0,0
11.68,0,0,0,0,0,0,0,0,0,0,0,0,0,0
11.6,0,0,0,0,0,0,0,0,0,0,0,0,0,0
11.359,0,0,0,0,0,0,0,0,0,0,0,0,0,0
8.2244,0,0,0,0,0,0,0,0,0,0,0,0,0,0
11.388,0,0,0,0,0,0,0,0,0,0,0,0,0,0
11.377,0,0,0,0,0,0,0,0,0,0,0,0,0,0
8.2296,0,0,0,0,0,0,0,0,0,0,0,0,0,0
