1
292.332,134.018,274,133,277.723,65.9846,296.055,67.0031
277,137,277,67,294,67,294,137
277,137,277,68,295,68,295,137
280.609,138.528,275.538,67.533,294.299,66.1929,299.371,137.188
280.663,137.634,273.713,68.1287,292.921,66.2079,299.871,135.713
276,137,276,63,296,63,296,137
276,132,276,65,297,65,297,132
275,134,275,64,297,64,297,134
279.842,137.543,273.523,65.9245,296.082,63.9339,302.402,135.553
279.75,137.493,274.076,65.6256,297.378,63.786,303.052,135.654
280.39,137.512,272.146,63.3171,295.195,60.7561,303.439,134.951
276,137,276,62,299,62,299,137
275,135,275,62,299,62,299,135
280.361,134.967,273.828,63.1066,296.91,61.0082,303.443,132.869
282.105,137.786,272.262,63.9651,294.533,60.9957,304.375,134.817
282.846,137.769,273.539,63.3077,295.939,60.5077,305.246,134.969
280.808,137.822,272.283,63.2248,294.986,60.6301,303.512,135.227
277.745,137.938,271.345,61.1379,294.6,59.2,301,136
278.816,134.756,271.101,61.463,294.734,58.9753,302.449,132.268
275,137,275,60,298,60,298,137
279.164,137.586,272.761,62.8776,297.579,60.7504,303.982,135.459
276,137,276,60,300,60,300,137
276,137,276,60,300,60,300,137
276,137,276,58,300,58,300,137
280.969,136.754,271.308,59.4615,295.431,56.4462,305.092,133.738
280.833,136.581,276.304,57.3255,298.774,56.0415,303.303,135.297
284.367,137.751,274.096,60.7205,295.712,57.8384,305.983,134.869
285.83,137.504,273.498,59.9889,295.354,56.5118,307.686,134.027
282.042,136.843,272.666,59.495,294.975,56.791,304.35,134.139
275,136,275,58,298,58,298,136
279.062,132.745,272.828,57.931,295.752,56.0207,301.986,130.835
279.156,134.713,272.18,57.9836,295.713,55.8443,302.689,132.574
278.999,136.485,274.214,57.5325,298.126,56.0833,302.911,135.036
280.234,137.518,274.898,57.4735,298.726,55.885,304.062,135.929
276,137,276,57,301,57,301,137
275,139,275,55,300,55,300,139
279.795,137.746,272.533,57.8607,297.869,55.5574,305.131,135.443
283.23,137.865,271.384,58.8924,296.518,55.1223,308.364,134.095
284.091,137.439,267.985,60.1281,293.862,54.7371,309.968,132.048
280.242,137.915,272.72,57.6825,297.843,55.3272,305.365,135.559
280.236,139.796,271.84,57.9395,296.072,55.4541,304.468,137.311
274,137,274,57,298,57,298,137
274,136,274,55,298,55,298,136
277.569,136.372,273.618,57.3691,296.81,56.2095,300.761,135.212
279.754,135.031,270.292,59.3385,295.769,56.1539,305.231,131.846
278.582,134.571,272.682,57.8706,298.147,55.9118,304.047,132.612
276.679,137.377,274.009,57.2664,299.814,56.4062,302.484,136.517
275,137,275,57,300,57,300,137
277.471,135.245,275.654,57.1011,300.222,56.5297,302.039,134.673
284.028,139.542,272.923,58.1014,296.485,54.8884,307.59,136.329
274,136,274,58,300,58,300,136
275,139,275,57,300,57,300,139
273,140,273,57,298,57,298,140
276.323,137.845,270.85,55.7434,296.403,54.0398,301.876,136.142
272,136,272,55,299,55,299,136
278.189,137.596,269.856,56.3481,295.586,53.7092,303.919,134.957
279.018,137.681,271.202,57.5657,297.101,55.0389,304.918,135.154
280.611,137.656,265.506,59.6118,293.645,54.1655,308.75,132.21
274,139,274,55,300,55,300,139
278.191,137.655,273.218,55.5929,298.005,54.0906,302.979,136.153
276.495,137.291,274.586,55.1957,300.061,54.6033,301.97,136.698
279.573,140.872,271.004,58.0341,297.001,55.3447,305.571,138.182
280.951,138.298,267.883,57.2769,294.702,52.9513,307.77,133.973
280.742,140.1,268.144,56.9479,295.071,52.8681,307.67,136.02
272,142,272,57,298,57,298,142
271,137,271,57,298,57,298,137
273.646,137.631,269.243,58.3754,295.883,56.8954,300.286,136.151
277.715,141.673,268.821,58.6621,294.596,55.9004,303.491,138.912
278.225,141.695,269.637,57.9603,296.229,55.2329,304.817,138.967
278.365,140.575,269.931,57.9254,296.451,55.2193,304.885,137.869
277.538,141.455,270.559,57.7034,296.876,55.5103,303.855,139.262
276.452,139.884,268.865,57.9385,296.627,55.3679,304.214,137.314
276.005,138.052,267.6,58.2,294.825,55.3342,303.23,135.186
279.365,136.752,266.464,57.195,293.641,52.7879,306.542,132.344
276.476,141.71,269.504,58.0414,296.152,55.8207,303.124,139.49
277.157,139.335,267.628,58.3379,295.246,55.0887,304.775,136.085
277.582,139.719,264.608,60.0174,292.066,55.5474,305.041,135.249
269,137,269,57,297,57,297,137
274.695,141.256,265.293,56.6341,293.5,53.5,302.902,138.122
273.012,144.155,266.113,55.8505,295.388,53.5634,302.287,141.868
274.932,142.234,265.419,58.1979,294.797,54.872,304.31,138.908
274.198,141.502,263.277,58.8125,293.56,54.8128,304.481,137.503
273.183,144.231,265.936,55.8249,293.766,53.5438,301.012,141.95
272.013,142.193,266.238,52.6943,293.962,50.9057,299.736,140.404
273.768,137.273,263.543,53.7702,291.492,50.348,301.716,133.851
272.005,142.069,265.851,52.8379,293.959,50.8994,300.112,140.13
268,141,268,55,298,55,298,141
267.531,142.197,265.245,55.3093,297.013,54.4734,299.299,141.361
267,145,267,52,297,52,297,145
272.86,140.02,260.74,55.18,293.22,50.54,305.34,135.38
273.827,142.025,260.936,54.3624,292.633,49.7011,305.524,137.364
272.203,133.851,258.761,55.4409,293.067,49.5599,306.509,127.97
274.21,142.621,262.913,55.4742,294.73,51.3497,306.027,138.497
265,137,265,53,300,53,300,137
265,142,265,55,299,55,299,142
275.675,152.565,266.802,53.1784,296.033,50.5685,304.907,149.955
270,151,270,58,300,58,300,151
274.488,149.489,270.496,63.6746,300.432,62.2822,304.423,148.097
294.88,151.84,262.26,147.18,274.62,60.66,307.24,65.32
289.619,153.589,256.563,145.655,277.095,60.1028,310.151,68.0363
294.558,152.576,259.929,147.854,271.862,60.3448,306.491,65.0669
297.821,148.152,262.897,145.241,270.331,56.0276,305.255,58.938
269.52,142.36,264.72,55.96,300.831,53.9538,305.631,140.354
270.376,142.762,262.327,62.2673,298.861,58.6139,306.911,139.109
301.216,144.57,265.662,143.899,267.213,61.721,302.766,62.3918
267,146,267,65,301,65,301,146
295.047,146.859,263.242,145.561,267.047,52.3488,298.851,53.647
295.047,146.877,263.227,145.551,267.069,53.3362,298.889,54.662
292.097,140.444,261.965,138.56,267.374,52.0234,297.506,53.9066
294.965,133.546,261.813,131.407,266.677,56.0114,299.829,58.1503
266.287,137.178,263.797,57.5063,296.796,56.4751,299.286,136.147
290.625,146.066,259.079,142.745,268.258,55.5534,299.803,58.874
267.02,141.318,261.586,56.1754,295.384,54.018,300.819,139.161
266.743,139.258,261.704,56.1089,295.7,54.0485,300.739,137.198
265,141,265,58,297,58,297,141
267.387,141.165,265.075,62.5566,297.87,61.5921,300.182,140.201
297.949,141.798,266.603,140.903,268.927,59.5408,300.273,60.4364
299.504,142.859,268.472,141.89,271.046,59.5327,302.078,60.5024
297.369,143.354,268.181,141.732,273.043,54.2246,302.231,55.8461
291.544,145.064,261.572,139.513,277.221,55.004,307.194,60.5544
271,136,271,57,304,57,304,136
291.148,139.287,259.435,129.139,283.215,54.8287,314.927,64.9768
277.382,140.207,274.797,57.5063,306.828,56.5054,309.413,139.206
278,141,278,55,309,55,309,141
280.229,140.444,270.693,59.3891,304.693,55.3891,314.229,136.444
278.406,143.217,275.955,57.4299,309.899,56.46,312.35,142.247
279.78,142.641,274.935,57.8609,310.875,55.8071,315.719,140.587
279.829,142.677,274.579,56.0558,311.323,53.8289,316.573,140.45
313.501,146.983,278.772,145.826,281.811,54.6604,316.539,55.818
310.789,149.125,274.57,146.02,282.464,53.9254,318.683,57.03
311.355,146.025,275.325,143.452,281.914,51.2081,317.944,53.7817
311.504,147.434,277.389,145.159,283.571,52.4381,317.686,54.7124
311.987,148.199,276.345,145.823,282.323,56.1549,317.965,58.531
279,149,279,55,315,55,315,149
306.676,151.946,270.189,145.865,285.541,53.7567,322.027,59.8378
306.324,153.054,271.297,147.216,286.892,53.6487,321.919,59.4865
282,146,282,55,316,55,316,146
311.095,147.105,276.232,145.362,280.783,54.3391,315.646,56.0823
305.892,149.519,267.875,141.599,286.211,53.5857,324.228,61.5058
305.941,151.104,268.777,143.957,286.174,53.495,323.338,60.6419
315.973,150.433,280.57,149.766,282.363,54.7804,317.765,55.4484
282.481,149.203,280.244,55.2561,317.152,54.3773,319.389,148.324
304.934,152.079,266.674,142.97,288.305,52.1202,326.564,61.2296
308.846,150.769,269.808,142.962,287.808,52.9615,326.846,60.7692
301.8,149.6,262.5,136.5,290.2,53.4,329.5,66.5
306.656,151.048,269.829,143.236,288.633,54.5887,325.461,62.4007
301.6,151.2,263.2,138.4,291.3,54.1,329.7,66.9
308.769,153.154,269.923,145.385,288.346,53.2692,327.192,61.0385
310.328,154.452,271.989,148.318,287.072,54.0515,325.41,60.1856
311.198,154.531,272.274,148.449,287.021,54.0658,325.946,60.1478
318.565,149.863,279.069,148.283,282.818,54.5527,322.315,56.1326
315.959,150.497,278.966,147.414,286.717,54.3931,323.71,57.4759
284,149,284,55,320,55,320,149
316.465,150.204,282.717,148.003,288.822,54.4014,322.569,56.6024
313.385,147.923,280.4,143.8,291.738,53.0923,324.723,57.2154
312.318,144.559,277.525,138.149,293.307,52.4775,328.1,58.8868
312.247,146.545,279.822,141.761,292.517,55.7157,324.943,60.4997
317.088,145.47,284.36,143.075,290.875,54.0397,323.602,56.4343
318.183,147.506,286.685,146.456,289.814,52.5938,321.312,53.6437
289,145,289,52,320,52,320,145
290.266,146.225,288.723,52.1029,319.534,51.5978,321.077,145.72
290,146,290,53,322,53,322,146
322.169,146.368,289.717,145.853,291.209,51.8446,323.661,52.3597
290,147,290,52,322,52,322,147
319.908,149.764,287.277,148.676,290.605,48.8535,323.235,49.9412
318.226,147.499,286.551,145.455,292.953,46.2228,324.628,48.2663
317.826,143.76,286.69,141.249,294.526,44.0747,325.663,46.5857
290,139,290,48,321,48,321,139
315.901,148.132,288.01,145.685,296.318,50.9753,324.209,53.4218
314.566,150.197,284.713,147.108,294.694,50.6235,324.547,53.7118
316.748,149.953,287.908,148.487,292.952,49.2856,321.792,50.7521
292.148,142.125,290.422,47.2105,320.339,46.6666,322.065,141.581
319.836,147.365,289.652,146.836,291.321,51.7074,321.505,52.2369
319.052,151.953,287.83,150.391,292.768,51.6384,323.99,53.1995
320.382,151.862,289.091,150.395,293.679,52.5162,324.97,53.983
318.809,150.836,286.676,148.001,295.231,51.0498,327.363,53.885
319.043,152.315,287.541,150.346,293.864,49.179,325.366,51.1479
320.616,147.614,287.789,145.462,294.231,47.2283,327.057,49.3808
319.197,148.034,287.147,145.075,296.191,47.0946,328.241,50.053
323.811,136.727,288.784,135.873,290.84,51.5815,325.867,52.4358
316.049,156.505,287.139,153.614,297.436,50.6436,326.347,53.5347
320.71,154.404,292.296,153.424,295.81,51.5107,324.224,52.4905
295,152,295,52,325,52,325,152
296.951,147.287,294.124,48.3393,325.07,47.4551,327.897,146.403
299.073,149.851,290.576,50.722,320.925,48.1208,329.421,147.25
293,156,293,52,323,52,323,156
319.472,152.808,290.237,151.054,296.342,49.3005,325.577,51.0546
295,154,295,48,323,48,323,154
297,154,297,48,324,48,324,154
320.392,147.547,293.467,146.13,298.655,47.5608,325.58,48.9779
316.194,152.333,290.556,149.662,301.046,48.9631,326.684,51.6338
316.347,132.815,282.234,126.419,296.985,47.7472,331.098,54.1434
317.662,156.5,289.936,154.053,299.186,49.2223,326.912,51.6687
321.463,156.419,291.99,155.24,296.22,49.4888,325.693,50.6677
295,156,295,50,324,50,324,156
295,149,295,50,324,50,324,149
301.97,156.588,294.347,52.4136,320.549,50.4965,328.171,154.67
297,157,297,52,324,52,324,157
295,157,295,53,323,53,323,157
297,156,297,52,324,52,324,156
322.524,159.265,296.025,158.746,298.16,49.8267,324.66,50.3463
320.461,149.854,291.531,147.492,299.573,48.9855,328.502,51.3471
319.917,156.407,293.186,154.835,299.393,49.3172,326.124,50.8897
315.21,157.556,287.17,153.853,301.043,48.817,329.082,52.5203
316.273,159.393,289.104,156.133,301.733,50.888,328.902,54.1483
317.754,159.553,290.202,156.904,300.568,49.0931,328.121,51.7424
321.388,159.472,294.534,158.252,299.476,49.5217,326.33,50.7423
297,149,297,50,325,50,325,149
295,156,295,50,323,50,323,156
304.701,161.445,293.287,51.1082,320.001,48.3447,331.415,158.681
320.149,159.759,294.043,158.253,300.209,51.3774,326.315,52.8835
321.909,161.533,295.194,160.578,299.157,49.6127,325.873,50.5669
318,163,290.32,160.484,300.443,49.1312,328.123,51.6476
323.184,156.366,293.652,155.546,296.595,49.5999,326.127,50.4202
318.426,157.743,291,155,301.782,47.1782,329.208,49.9208
318,161.245,290.51,159.001,299.329,50.9657,326.82,53.2098
319.366,159.298,287.582,157.131,294.83,50.8293,326.614,52.9964
317.363,161.682,286.81,158.853,297.227,46.3543,327.779,49.1833
320.865,162.759,288.365,160.259,296.818,50.3706,329.318,52.8706
294,156,294,48,326,48,326,156
297.806,159.578,293.838,48.4701,323.479,47.4115,327.447,158.52
321.151,164.711,290.969,163.079,297.125,49.1959,327.307,50.8274
320.461,163.426,290.673,161.724,297.106,49.1489,326.894,50.8511
298,164,298,48,326,48,326,164
300,164,300,48,326,48,326,164
323.441,154.337,298.435,153.53,301.848,47.7048,326.854,48.5115
323.668,156.298,297.163,154.903,302.718,49.3536,329.224,50.7486
323.198,166.08,296.515,165.413,299.36,51.609,326.043,52.2761
321.995,162.141,293.983,161.152,297.751,54.3912,325.763,55.3799
320.757,164.176,293.38,162.893,298.474,54.2253,325.851,55.5087
324.836,169.091,299.281,168.794,300.642,51.833,326.196,52.1302
324.877,160.12,299.273,159.774,300.785,47.8755,326.389,48.2215
322.569,164.348,299.146,163.496,303.286,49.6467,326.709,50.4985
320.813,166.275,298.457,164.997,304.887,52.4792,327.242,53.7567
302,166,302,53,325,53,325,166
324.087,168.184,300.145,167.64,302.78,51.6996,326.722,52.2437
324.216,167.275,299.447,166.536,302.935,49.6697,327.704,50.4091
324.564,155.171,298.896,154.381,302.121,49.5729,327.789,50.3627
302.751,142.774,298.371,50.7919,323.647,49.5882,328.027,141.57
301.818,139.429,299.945,51.4267,324.721,50.8995,326.594,138.902
297,136,297,53,323,53,323,136
302.076,151.362,299.85,53.3898,322.338,52.8787,324.565,150.851
323.869,167.049,303.934,166.531,306.917,51.6862,326.852,52.204
324.891,162.105,305.129,161.752,307.093,51.8052,326.854,52.1581
307,167,307,52,327,52,327,167
324.089,171.239,302.201,170.38,306.859,51.6023,328.747,52.4606
304,172,304,52,327,52,327,172
303,176,303,52,326,52,326,176
305,184,305,50,326,50,326,184
323.434,159.088,298.553,158.45,301.346,49.5217,326.227,50.1596
303.09,167.406,300.641,47.3951,324.488,46.9084,326.937,166.92
295,142,295,50,324,50,324,142
295,139,295,52,323,52,323,139
321.555,156.152,297.893,155.602,300.289,52.5648,323.951,53.1151
300.937,159.272,299.124,52.286,322.405,51.8914,324.218,158.878
301.896,161.275,299.914,52.2561,321.398,51.8655,323.38,160.884
319.819,167.166,295.604,166.113,300.594,51.3302,324.81,52.383
318.945,172.104,294.383,171.457,297.513,52.5135,322.075,53.1599
300,177,300,52,322,52,322,177
304.933,182.226,303.144,55.2374,322.577,54.9637,324.366,181.953
321.952,176.045,304.055,175.629,306.915,52.6724,324.812,53.0886
321.434,163.124,303.041,162.189,308.924,46.4877,327.318,47.4229
305,152,305,48,325,48,325,152
317.638,146.262,294.198,142.512,308.832,51.053,332.272,54.8034
316.964,141.268,290.546,137.665,302.418,50.6024,328.836,54.2049
321.805,156.131,296.065,155.636,298.008,54.5963,323.748,55.0913
300,166,300,52,323,52,323,166
300,169,300,52,323,52,323,169
299.687,179.235,298.36,53.1541,321.736,52.9081,323.063,178.989
298,172,298,53,323,53,323,172
297,174,297,48,323,48,323,174
297,174,297,48,323,48,323,174
311.492,172.939,296.215,50.7231,323.046,47.3692,338.323,169.585
321.51,156.104,294.603,154.249,302.062,46.1077,328.968,47.9633
319.672,142.785,289.212,139.201,300.242,45.4403,330.703,49.0239
319.817,142.646,291.39,139.488,300.976,53.2195,329.402,56.3781
322.936,144.047,294.419,143.594,295.832,54.6164,324.348,55.069
296,158,296,55,323,55,323,158
322.892,171.065,298.203,170.736,299.79,51.7439,324.479,52.0731
322.96,174.039,298.175,173.713,299.767,52.7338,324.552,53.0599
323,147,292.709,145.183,298.24,52.9944,328.531,54.8119
313.956,141.205,288.415,135.732,306.21,52.6878,331.751,58.161
316,145,289.868,141.189,302.762,52.7777,328.893,56.5886
316.824,146.255,296.346,143.388,309.036,52.745,329.514,55.612
319.227,161.043,302.878,160.469,306.838,47.6084,323.187,48.182
321.359,159.107,302.942,158.27,307.889,49.4495,326.305,50.2866
319.069,152.29,299.362,151.163,305.299,47.2742,325.006,48.4003
299,149,299,56,320,56,320,149
288,145,288,92,322,92,322,145
301.8,161.6,289.9,78.3,314.12,74.84,326.02,158.14
301.94,162.58,289.9,78.3,314.12,74.84,326.16,159.12
318.143,144.365,290.15,141.111,300.003,56.3725,327.997,59.6275
320.028,147.176,290.728,144.628,298.638,53.6642,327.938,56.212
320.803,145.256,290.907,142.075,300.103,55.628,329.999,58.8084
315.191,146.903,284.172,141.508,299.343,54.2771,330.362,59.6716
322.037,148.431,288.289,144.056,300.051,53.3214,333.799,57.6961
296,176,296,52,324,52,324,176
323.677,172.083,292.705,171.531,294.81,53.6573,325.782,54.2104
323.347,158.43,288.568,154.704,299.641,51.3543,334.42,55.0807
323.943,157.34,288.08,155.803,292.436,54.1615,328.299,55.6985
320.825,157.202,281.235,153.491,290.648,53.092,330.237,56.8035
318.286,166.501,280.756,164.97,285.372,51.8723,322.902,53.4042
286.007,169.403,284.119,52.3691,320.787,51.7776,322.674,168.812
317.846,162.418,276.014,157.871,287.462,52.5502,329.294,57.0971
316.634,164.903,275.496,161.046,285.829,50.8277,326.967,54.6844
286,179,286,53,324,53,324,179
319.357,194.798,285.594,193.33,291.772,51.2509,325.534,52.7189
291.028,192.244,287.943,53.4235,325.946,52.579,329.031,191.399
311.634,190.293,271.573,185.842,286.915,47.7683,326.976,52.2195
310.678,178.525,267.877,171.005,289.951,45.3562,332.752,52.8753
307.712,188.17,260.905,178.583,287.956,46.5091,334.763,56.0961
306.464,190.044,262.592,181.664,288.243,47.3724,332.115,55.7523
314.31,177.054,258.406,159.941,292.781,47.6474,348.685,64.7608
307.268,172.495,255.916,154.237,292.524,51.2753,343.877,69.534
308.551,181.508,260.435,173.911,280.77,45.1216,328.887,52.7189
303.009,187.145,253.612,174.208,286.18,49.8568,335.578,62.7941
272,176,272,48,324,48,324,176
315.32,177.612,258.5,164.5,283.629,55.6067,340.449,68.7191
305.457,198.712,248.11,184.071,281.56,53.0578,338.906,67.6995
271,194,271,55,332,55,332,194
277.832,197.23,263.559,56.0784,328.479,49.5134,342.753,190.665
274.694,196.023,263.8,54.4,330.788,49.2471,341.682,190.87
287.482,199.074,251.357,61.4562,320.049,43.4246,356.173,181.042
288.699,195.95,248.784,66.9953,319.878,44.9902,359.793,173.945
287.686,196.331,246.346,69.2489,318.146,45.8924,359.486,172.975
279.955,198.118,255.506,59.0649,326.498,46.5827,350.947,185.636
282.341,205.078,255.208,58.2441,315.161,47.1659,342.293,194
281.51,196.141,257.833,58.0286,316.592,47.9556,340.269,186.068
279.27,192.622,257,59,317,49,339.27,182.622
275.726,197.684,261.305,58.2788,319.851,52.2224,334.272,191.627
280.948,202.131,254.694,61.5957,315.58,50.2214,341.834,190.756
278.378,204.27,254.514,61.0811,317.595,50.5676,341.46,193.757
273.164,202.896,264.844,55.9145,335.486,51.9159,343.806,198.898
274.342,206.946,263.093,56.4884,333.456,51.2276,344.706,201.686
274.372,199.703,255.238,56.9269,331.912,46.651,351.047,189.427
297.661,209.05,216.072,170.403,276.344,43.1629,357.932,81.81
290.582,224.387,215.017,191.02,278.199,47.932,353.764,81.2985
287.28,224.603,212.186,188.482,279.483,48.5742,354.577,84.6953
254,212,254,48,339,48,339,212
293.885,213.698,207.245,169.207,273.196,40.7763,359.836,85.2671
279.212,209.864,198.605,155.051,277.17,39.5153,357.777,94.3282
278.716,209.238,195.789,152.289,273.947,38.4814,356.873,95.4307
282.342,214.791,199.783,165.436,274.899,39.7874,357.458,89.1432
287.006,215.549,200.982,166.672,273.747,38.606,359.771,87.4834
258,214,258,48,340,48,340,214
293.512,218.483,219.972,196.32,267.412,38.905,340.952,61.0677
266.438,199.261,240.394,51.0119,313.149,38.2306,339.192,186.48
267.728,207.164,242.23,51.8577,312.21,40.3685,337.708,195.675
295.553,213.468,229.546,197.389,267.116,43.1564,333.122,59.2349
295.179,218.308,230.261,202.665,268.253,45.0007,333.17,60.6434
289.131,220.801,223.93,201.396,270.616,44.5287,335.817,63.9337
286.319,220.275,219.332,198.773,270.588,39.0901,337.575,60.5921
284.945,211.086,215.043,185.592,269.946,35.0509,339.848,60.5447
285.315,210.493,215.507,184.315,270.904,36.5891,340.712,62.7671
260.532,219.262,256.831,43.4667,323.801,42.0568,327.502,217.853
285.786,217.28,213.459,189.58,270.486,40.6755,342.814,68.3754
285.843,227.341,215.567,205.058,267.63,40.8584,337.906,63.1411
292.911,225.088,222.01,204.446,270.496,37.9041,341.398,58.5463
299.516,207.745,224.194,187.833,264.593,35.0188,339.915,54.9315
299.106,214.593,227.867,196.009,269.262,37.3292,340.501,55.9133
267.584,215.883,255.085,47.1419,323.782,42.0532,336.281,210.794
299.553,227.012,232.635,212.141,270.188,43.153,337.106,58.0235
295.946,218.531,230.792,200.762,273.808,43.0385,338.961,60.8077
292.591,222.31,226.939,201.794,276.69,42.5908,342.342,63.1068
258,216,258,47,329,47,329,216
289.294,218.036,221.01,191.773,279.309,40.1959,347.593,66.4588
264.01,221.242,257.038,48.3291,328.88,45.4322,335.853,218.345
291.921,237.063,222.643,214.649,279.09,40.1762,348.368,62.5897
312.279,233.177,241.758,219.955,275.019,42.5661,345.54,55.7887
299.699,234.394,228.204,212.728,280.205,41.1228,351.701,62.788
340.781,225.299,265.824,221.992,273.678,43.9711,348.635,47.278
278.832,213.808,257.366,51.9922,331.731,42.1275,353.197,203.943
308.37,216.995,241.132,200.716,279.712,41.3619,346.95,57.6405
308.445,207.66,241.531,187.259,285.472,43.1317,352.387,63.5325
303.53,216.83,233.29,187.405,292.848,45.2336,363.089,74.6588
307.445,217.481,236.131,192.739,288.458,41.9142,359.772,66.6558
301.23,221.466,225.74,187.454,291.718,41.0158,367.207,75.0275
270.685,219.903,262.896,44.6491,342.25,41.1222,350.039,216.376
303.731,220.707,228.838,192.176,287.325,38.6475,362.218,67.1782
311.431,217.945,238.314,194.102,288.082,41.4832,361.198,65.3255
307.138,222.235,240.094,200.839,290.641,42.4597,357.684,63.8566
311.919,218.251,238.633,189.213,296.341,43.5689,369.627,72.6071
338.195,217.244,260.927,208.658,279.244,43.8049,356.512,52.3902
320.447,222.217,243.018,198.161,292.964,37.3966,370.393,61.4523
319.344,221.333,242.581,196.284,294.756,36.394,371.519,61.4429
321.059,231.551,242.851,209.531,291.659,36.1759,369.867,58.1956
323.707,216.14,237.815,185.764,291.533,33.8715,377.425,64.2477
325.827,229.494,238.105,205.186,285.097,35.6053,372.819,59.9137
316.413,230.721,231.981,197.341,296.514,34.1104,380.946,67.4902
318.826,232.874,234.71,205.155,290.778,35.0178,374.893,62.7375
323.701,228.012,235.699,197.443,293.362,31.4417,381.365,62.0109
326.125,225.765,237.987,194.035,295.187,35.1473,383.324,66.8767
332.199,222.064,248.117,199.526,291.676,37.0163,375.759,59.5539
333.189,219.34,248.66,195.189,294.17,35.9057,378.698,60.0566
323.154,224.979,238.197,196.243,292.602,35.3947,377.559,64.1302
328.39,233.94,244.569,207.035,298.789,38.1176,382.61,65.0229
333.324,226.946,243.589,199.335,295.286,31.3189,385.022,58.9297
335.624,231.894,244.141,197.165,306.979,31.6403,398.461,66.3697
337.46,227.235,242.24,191.237,303.364,29.5524,398.585,65.5503
338.387,220.411,238.746,190.032,288.396,27.1817,388.037,57.56
344.104,215.836,242.018,194.469,276.293,30.7124,378.379,52.0793
337.716,234.36,241.563,204.52,295.602,30.3937,391.755,60.2343
335.435,236.453,240.82,201.946,303.592,29.8278,398.207,64.3345
333.338,223.986,244.222,191.208,303.366,30.4106,392.482,63.1889
337.444,218.328,250.778,188.557,304.784,31.3382,391.451,61.1091
346.578,220.97,245.446,186.493,297.241,34.5594,398.374,69.0365
355.168,224.864,247.174,193.236,293.955,33.494,401.95,65.1211
340.63,228.97,233.893,183.55,299.275,29.9042,406.011,75.3239
332.654,236.959,222.09,178.292,303.275,25.2889,413.84,83.9558
336.574,232.299,223.075,180.336,296.202,20.6107,409.701,72.574
322.754,233.81,222.889,177.321,312.826,18.3257,412.691,74.8148
346.297,227.113,232.019,183.687,294.763,18.5701,409.042,61.9958
331.788,234.477,224.711,179.092,303.904,25.985,410.981,81.3696
332.77,231.544,222.225,177.296,295.502,27.9777,406.046,82.2264
322.977,238.53,218.371,188.626,297.047,23.7103,401.652,73.6139
324.645,233.037,222.702,184.052,300.267,22.6346,402.209,71.6198
339.459,228.456,232.646,184.813,296.979,27.3677,403.791,71.0114
352.155,223.79,234.847,185.537,286.613,26.7868,403.922,65.0397
341.234,227.301,228.107,185.942,286.887,25.1629,400.014,66.5212
339.517,231.793,225.828,183.069,292.966,26.4138,406.655,75.1379
325.267,238.708,217.356,181.971,300.642,23.5641,408.553,80.3011
332.6,234.8,224.6,180.8,303.6,22.8,411.6,76.8
305.314,247.307,202.618,172.259,315.391,17.9392,418.087,92.9865
300.003,256.854,195.951,171.498,321.089,18.9483,425.142,104.304
306.904,259.814,196.926,172.35,317.144,21.1853,427.122,108.648
321.495,247.291,191.426,173.54,286.4,6.0409,416.469,79.7915
297.352,257.961,194.342,173.46,319.618,20.7415,422.629,105.243
312.447,247.957,195.313,175.334,298.121,9.5149,415.255,82.1378
310.154,256.271,197.398,172.814,313.684,15.7033,426.44,99.1605
307.784,251.703,199,174,312.987,14.4189,421.77,92.1216
308.725,256.63,196.089,173.592,313.486,14.3509,426.122,97.3891
314.008,252.544,200.596,174.028,307.264,19.952,420.676,98.468
318.991,251.804,200.165,173.795,303.402,16.5388,422.229,94.5471
319.556,249.332,204.469,174.351,307.121,16.791,422.209,91.7724
332.612,242.403,204.969,172.894,295.183,7.2282,422.826,76.7371
313.807,253.829,200.402,171.193,317.359,10.6881,430.764,93.3241
315.757,251.803,203.973,171.834,316.731,14.2151,428.515,94.1836
320.337,255.44,207.492,173.452,319.889,18.7552,432.733,100.744
319.426,253.822,207.498,173.486,318.09,19.4031,430.018,99.7388
312.638,248.857,210,174,322.099,20.2976,424.737,95.1542
326.708,240.599,219.947,174.407,317.721,16.7073,424.483,82.8992
330.507,238.254,221.659,175.457,314.589,14.3785,423.437,77.1754
324.607,241.688,213.838,170.251,315.618,12.4348,426.387,83.8725
326.534,244.902,212.941,171.643,315.001,13.3919,428.594,86.6514
334.178,239.72,217.978,175.951,307.34,13.1135,423.54,76.8819
326.763,249.38,209.949,166.48,315.169,18.2166,431.982,101.116
341.984,242.46,206.325,171.744,292.721,6.0038,428.38,76.7195
335.626,243.665,205.49,170.463,299.042,4.1484,429.178,77.3502
330.588,246.647,210.106,169.977,315.806,3.8764,436.288,80.547
349.25,241.719,207.164,172.874,293.81,-5.9478,435.895,62.8976
326.134,252.334,207.608,164.07,327.02,3.7167,445.546,91.9811
309.483,258.901,203.01,158.343,340.563,12.6982,447.036,113.256
300.721,266.219,195.995,165.064,344.06,11.7735,448.785,112.929
316.057,253.287,208.252,158.818,342.236,5.9185,450.042,100.387
322.806,256.984,207.801,165.773,336.064,4.0504,451.069,95.2613
347.8,241.4,223.4,179.2,312.6,0.8,437,63
333.577,245.39,220.819,177.266,324.813,5.137,437.571,73.2617
356.52,241.25,227.034,179.096,308.038,10.3381,437.524,72.4915
353.578,247.042,213.543,172.356,303.592,3.5156,443.626,78.2007
353.578,247.042,213.543,172.356,303.592,3.5156,443.626,78.2007
325.253,266.04,194.153,167.097,323.57,-4.3808,454.67,94.5623
357.416,255.103,190.173,166.562,287.689,-17.6351,454.932,70.9054
368.879,258.321,182.882,168.529,274.065,-20.3481,460.062,69.4436
276.734,287.121,180.163,165.425,379.988,6.8548,476.559,128.55
283.151,291.407,182.023,165.786,371.564,13.2003,472.692,138.82
276.905,293.676,174.038,162.682,380.573,0.4951,483.439,131.489
380.397,247.697,172.655,171.383,242.257,-18.0892,449.999,58.2242
380.397,247.697,172.655,171.383,242.257,-18.0892,449.999,58.2242
380.397,247.697,172.655,171.383,242.257,-18.0892,449.999,58.2242
274.404,302.735,160.382,161.821,374.34,-11.3059,488.362,129.608
389.886,249.595,151.409,167.303,215.282,-17.7971,453.759,64.4943
389.886,249.595,151.409,167.303,215.282,-17.7971,453.759,64.4943
389.886,249.595,151.409,167.303,215.282,-17.7971,453.759,64.4943
307.883,265.768,205.85,97.021,376.487,-6.1552,478.521,162.592
321.941,253.546,224.893,70.5415,374.809,-8.9595,471.857,174.045
325.347,253.514,216.939,79.1191,366.323,-13.7413,474.731,160.654
268.04,239.396,247.247,31.4752,404.178,15.7822,424.97,223.703
266.389,236.125,249.212,32.1401,408.576,18.7199,425.754,222.705
345.484,242.729,208.966,142.779,319.999,-8.8761,456.517,91.0747
309.56,251.382,207.515,108.127,353.942,3.8223,455.987,147.078
335.22,247.704,201.249,133.18,325.787,-12.505,459.758,102.019
335.22,247.704,201.249,133.18,325.787,-12.505,459.758,102.019
305.957,257.563,197.798,90.6236,343.687,-3.8959,451.845,163.044
262.153,241.358,234.078,37.8168,391.565,16.0945,419.639,219.636
252.999,245.988,231.828,36.9288,395.041,20.401,416.211,229.46
319.862,255.108,201.454,102.869,334.308,-0.4615,452.715,151.777
328.862,255.892,204.319,96.9932,333.367,-4.1525,457.909,154.747
322.568,247.414,208.522,92.9005,338.991,-3.3985,453.037,151.115
316.461,252.692,206.923,88.3846,345.154,-3.7692,454.692,160.538
309.917,261.652,200.503,93.1541,343.614,0.2249,453.027,168.722
406.187,243.012,244.506,232.907,257.977,17.3736,419.658,27.4786
385.945,254.317,223.67,206.467,283.307,4.2188,445.582,52.0691
309.151,275.766,189.704,102.23,341.368,-2.1627,460.816,171.374
310.377,276.865,187.219,104.91,342.463,-6.2777,465.62,165.677
323.768,279.08,187.598,111.137,337.261,-10.2115,473.431,157.732
322.593,278.391,186.915,105.71,335.218,-10.8139,470.896,161.867
319.472,283.406,186.698,105.66,336.597,-6.3135,469.372,171.433
284.877,276.973,192.394,78.5538,365.143,-1.9651,457.627,196.454
294.029,272.628,187.806,88.779,348.113,-3.843,454.337,180.006
296.275,263.064,187.972,89.3703,349.738,-11.4955,458.041,162.198
332.5,259.5,178,105,302,-19,456.5,135.5
332.116,264.672,177.318,100.436,307.761,-22.51,462.558,141.727
329.909,275.238,182.041,98.9334,319.411,-16.2798,467.279,160.024
373.756,270.783,200.833,190.284,290.461,-2.2507,463.385,78.248
419.706,245.122,235.574,231.969,251.193,13.2995,435.325,26.4518
241,239,241,17,423,17,423,239
411.757,246.758,233.026,236.544,245.77,13.5297,424.5,23.7429
242.354,252.087,215.021,20.9975,399.081,-0.773,426.414,230.317
245.847,251.407,219.07,20.1498,396.876,-0.4382,423.653,230.819
243.284,249.379,220.514,26.2333,401.89,7.7255,424.66,230.871
241.426,243.536,235.402,23.6602,402.755,19.0752,408.78,238.951
245,229,245,23,411,23,411,229
237.876,238.824,222.22,27.4652,400.869,14.2319,416.525,225.591
344.703,288.947,176.091,178.438,289.618,5.2225,458.23,115.732
317.014,296.771,166.983,166.189,310.597,1.1863,460.628,131.768
342.333,294.299,164.378,173.083,290.86,-12.6027,468.815,108.613
348.24,302.579,166.898,172.729,284.727,8.1747,466.069,138.025
358.034,280.586,167.104,198.759,246.707,13.0172,437.638,94.8448
375.607,266.544,167.926,221.025,211.431,22.5329,419.112,68.0519
167,239,167,40,361,40,361,239
332.784,272.809,163.365,227.631,217.39,25.0374,386.809,70.2158
140,239,140,68,345,68,345,239
294.307,287.384,116.073,170.478,218.462,14.3781,396.695,131.284
287.793,271.75,130.739,188.512,216.762,26.2038,373.816,109.442
332.503,264.763,156.893,225.251,197.932,42.8596,373.541,82.3719
175,239,175,52,361,52,361,239
372.994,250.538,186.335,221.821,213.376,46.0578,400.035,74.7746
358.393,285.045,174.493,195.338,248.939,42.726,432.838,132.433
407.818,273.572,195.57,219.545,232.276,75.343,444.524,129.37
410.084,255.932,239.519,238.438,258.322,55.11,428.887,72.6038
371.9,284.338,206.044,198.791,281.723,52.0677,447.578,137.614
382.583,294.707,205.326,205.412,281.948,53.3122,459.205,142.607
257,239,257,65,403,65,403,239
318.868,266.37,214.612,116.242,310.618,49.5705,414.874,199.699
288.174,271.032,224.992,89.9098,332.513,52.4026,395.695,233.525
311.07,255.056,204.485,89.5689,291.817,33.3212,398.402,198.809
306.564,258.235,213.715,92.006,304.911,41.0674,397.76,207.296
290.553,250.159,224.963,91.1528,320.57,51.7149,386.16,210.721
322.318,257.646,188.861,131.092,270.125,45.3949,403.583,171.949
332.332,259.742,199.45,191.403,265.314,63.3331,398.197,131.673
332.363,254.414,205.841,186.524,271.139,64.8309,397.662,132.721
347.495,245.898,225.321,200.519,270.588,78.647,392.762,124.026
346.346,241.218,239.965,206.287,280.17,83.8468,386.551,118.778
275,239,275,105,367,105,367,239
300.3,245.771,268.33,114.986,347.405,95.6566,379.375,226.442
304.811,246.135,265.157,117.259,345.054,92.6757,384.708,221.551
297.401,232.486,279.057,108.31,367.902,95.1849,386.247,219.361
286,230,286,115,381,115,381,230
308.943,242.349,301.102,106.436,379.821,101.895,387.662,237.808
320.655,241.925,291.766,110.12,364.152,94.2544,393.04,226.06
325.765,240.059,292.647,107.588,360.647,90.5882,393.765,223.059
319.675,230.878,303.931,107.172,371.742,98.5419,387.486,222.247
315,229,315,115,388,115,388,229
311.49,209.324,305.724,111.31,384.452,106.679,390.217,204.693
335.054,227.407,303.176,106.269,365.049,89.9871,396.927,211.124
325.516,240.98,314.782,113.705,372.444,108.842,383.179,236.117
337.245,235.445,314.981,114.228,364.395,105.152,386.659,226.369
322,227,322,115,379,115,379,227
368.069,223.828,298.414,195.965,328.759,120.103,398.414,147.965
338.28,228.04,279.38,175.34,334.669,113.546,393.569,166.246
318.743,224.169,277.382,161.301,350.719,113.053,392.08,175.921
359.062,234.802,300.893,226.778,315.138,123.502,373.307,131.525
310.607,233.672,300.656,124.213,352.229,119.525,362.18,228.984
318.708,242.598,296.484,129.626,341.449,120.781,363.673,233.753
321.019,245.465,287.213,130.525,331.933,117.373,365.739,232.312
341.703,233.041,291.993,230.117,298.359,121.903,348.069,124.828
331.812,228.096,280.406,222.048,292.625,118.191,344.031,124.239
326.878,226.643,279.639,217.645,297.958,121.468,345.197,130.466
327.574,233.692,282.048,231.327,287.749,121.584,333.275,123.949
288,239,288,128,330,128,330,239
291.22,223.208,285.131,127.309,330.899,124.403,336.987,220.302
301.293,226.01,268.182,147.59,315.427,127.642,348.537,206.062
312.441,218.265,255.529,184.118,288.441,129.265,345.353,163.412
296,220,253,177,300,130,343,173
297.567,222.19,254.429,180.592,297.151,136.288,340.289,177.886
296.258,223.67,268.577,151.701,311.33,135.258,339.01,207.227
283.413,213.998,270.879,141.297,313.608,133.93,326.143,206.63
293.286,226.04,276.559,136.129,312.051,129.525,328.779,219.436
286.174,223.307,281.249,129.724,319.931,127.688,324.856,221.271
284.745,214.662,279.4,123.8,317.386,121.565,322.731,212.428
284.995,217.458,275.335,132.933,316.596,128.218,326.256,212.742
293.432,224.333,282.069,136.676,318.221,131.99,329.584,219.647
304.172,221.409,270.614,149.916,307.339,132.678,340.897,204.171
303.837,224.402,272.961,151.623,310.943,135.509,341.819,208.289
305.6,224.8,281.4,152.2,319.2,139.6,343.4,212.2
316.308,220.462,278.154,163.231,311.385,141.077,349.539,198.308
313.894,222.376,273.941,175.765,309.682,145.129,349.635,191.741
309.172,222.644,273.157,178.8,313.078,146.008,349.093,189.852
312.602,220.079,276.505,178.429,314.805,145.236,350.901,186.886
337.249,225.012,300.441,223.172,303.975,152.499,340.783,154.339
334.659,221.927,300.914,218.992,306.816,151.115,340.561,154.049
312.615,229.077,297.654,154.269,325.731,148.654,340.692,223.462
331.917,226.411,305.121,225.487,307.632,152.677,334.427,153.601
332.204,221.684,304.394,220.787,306.685,149.764,334.495,150.661
304,219,304,149,332,149,332,219
309.199,222.322,289.125,164.609,317.788,154.639,337.862,212.352
302,220,302,159,330,159,330,220
307.177,227.836,301.374,159.649,327.969,157.386,333.772,225.573
326.44,216.375,298.079,213.674,303.09,161.056,331.452,163.757
304.789,220.938,285.494,173.576,313.32,162.24,332.615,209.601
304.675,223.018,284.646,180.099,312.292,167.197,332.321,210.117
299.446,222.275,285.916,165.449,311.468,159.365,324.998,216.191
315.098,218.861,285.792,214.353,293.884,161.751,323.191,166.26
293.034,221.03,289.347,163.881,314.019,162.289,317.706,219.438
291,217,291,166,316,166,316,217
294.532,219.77,292.227,164.449,314.854,163.506,317.159,218.827
303.8,219.4,283.8,209.4,305.6,165.8,325.6,175.8
310.647,216.412,289,211,300.765,163.941,322.412,169.353
300.859,212.416,290.595,159.634,309.305,155.996,319.568,208.778
297.595,214.525,294.226,160.611,316.327,159.23,319.697,213.144
296,210,296,163,319,163,319,210
295,214,295,149,315,149,315,214
309.706,215.176,288.765,209.941,301.059,160.765,322,166
309.706,215.176,288.765,209.941,301.059,160.765,322,166
311.81,212.118,292.505,207.629,305.881,150.112,325.186,154.601
315.04,213.72,291.38,210.34,297.62,166.66,321.28,170.04
315.061,210.451,291.573,207.842,296.659,162.073,320.146,164.683
296.172,204.317,294.899,164.874,324.932,163.905,326.205,203.348
319.6,207.2,291.169,203.646,295.908,165.738,324.339,169.292
309.332,204.79,284.674,187.838,302.18,162.374,326.838,179.326
305.558,209.449,288.409,168.722,308.661,160.195,325.809,200.922
309,207,282.5,180.5,303,160,329.5,186.5
311.195,205.756,280.098,180.878,299.22,156.976,330.317,181.854
298.497,201.964,295.239,156.34,314.569,154.959,317.827,200.584
296,200,296,158,318,158,318,200
306.293,203.726,284.547,164.585,301.698,155.057,323.443,194.198
298.906,203.83,289.441,153.355,305.26,150.389,314.724,200.864
302.798,201.477,284.444,162.932,300.669,155.205,319.024,193.751
295.206,193.676,292.147,153.912,308.741,152.635,311.8,192.4
294.812,200.355,287.215,164.271,301.931,161.172,309.528,197.257
285,190,285,159,303,159,303,190
288,195,288,172,307,172,307,195
293.273,197.738,281.451,175.408,296.568,167.405,308.389,189.735
296.966,202.296,277.966,169.882,289.797,162.947,308.797,195.36
289.322,198.826,284.47,171.329,302.383,168.168,307.235,195.664
288.929,198.682,280.177,159.294,293.624,156.306,302.376,195.694
285,200,285,167,299,167,299,200
290.726,213.473,280.635,175.631,291.901,172.627,301.992,210.469
284.938,195.399,276.882,160.489,289.225,157.64,297.281,192.551
280,197,280,168,293,168,293,197
272.721,190.414,271.165,159.292,280.541,158.823,282.097,189.945
272.721,190.414,271.165,159.292,280.541,158.823,282.097,189.945
272.721,190.414,271.165,159.292,280.541,158.823,282.097,189.945
269,188,269,156,278,156,278,188
269,188,269,156,278,156,278,188
269,188,269,156,278,156,278,188
266,199,266,170,275,170,275,199
270,195,261.3,192.1,266.8,175.6,275.5,178.5
263,192,263,175,271,175,271,192
263,192,263,172,270,172,270,192
263,192,263,172,270,172,270,192
262.659,193.495,255.157,189.276,266.24,169.573,273.742,173.792
258.32,189.24,255,166,263.54,164.78,266.86,188.02
259.954,193.369,251.092,192.262,253.954,169.369,262.815,170.477
251,191,251,166,259,166,259,191
251,191,251,166,259,166,259,191
249,188,249,168,257,168,257,188
249,188,249,168,257,168,257,188
249,188,249,168,257,168,257,188
249,188,249,168,257,168,257,188
244.328,191.569,234.793,187.483,241.207,172.517,250.741,176.604
240.629,193.787,229.03,184.297,235.891,175.911,247.49,185.401
242.631,194.646,229.385,187.077,235.046,177.169,248.292,184.738
234,192,234,175,246,175,246,192
231,191,231,169,243,169,243,191
229,191,229,174,241,174,241,191
235.552,191.379,225.293,186.983,231.552,172.379,241.81,176.776
231.26,195.775,222.811,192.254,229.97,175.071,238.42,178.592
225.4,187.8,221.2,179.4,234.8,172.6,239,181
218,183,218,172,232,172,232,183
226,186,214.5,174.5,221.5,167.5,233,179
220.2,187.4,213.6,174.2,220.8,170.6,227.4,183.8
215,191,215,172,222,172,222,191
213.283,188.248,211.951,168.27,216.929,167.938,218.261,187.916
211.378,189.402,209.378,171.402,214.866,170.793,216.866,188.793
207,189,207,172,214,172,214,189
205,191,205,174,211,174,211,191
208.385,188.077,201.654,186.731,204.846,170.769,211.577,172.115
204.787,192.344,199.738,191.885,201.574,171.689,206.623,172.148
198,192,198,172,203,172,203,192
198.385,189.077,196.292,172.339,201.215,171.723,203.308,188.462
199.969,191.246,194.677,190.585,197.154,170.769,202.446,171.431
198.2,191.4,193.031,190.754,195.292,172.661,200.462,173.308
193,187,193,172,199,172,199,187
191.803,191.292,186.825,189.482,192.664,173.423,197.642,175.234
188,190,188,175,193,175,193,190
188,190,188,175,193,175,193,190
187,195,183,194,187.412,176.353,191.412,177.353
187,192,183.235,191.059,186.647,177.412,190.412,178.353
183,190,183,176,187,176,187,190
185,183,179.8,180.4,183.2,173.6,188.4,176.2
178,181,178,172,183,172,183,181
181.9,181.3,176.5,179.5,178.9,172.3,184.3,174.1
178,184,178,176,183,176,183,184
180.931,188.828,177.414,180.035,180.862,178.655,184.379,187.448
178.769,186.497,176.723,173.197,179.954,172.699,182,186
178.769,186.497,176.723,173.197,179.954,172.699,182,186
176.862,184.108,173.046,183.631,174.431,172.554,178.246,173.031
176.862,184.108,173.046,183.631,174.431,172.554,178.246,173.031
177,183,172,183,172,173,177,173
177,183,172,183,172,173,177,173
174.96,184.396,169.911,183.891,171.139,171.614,176.188,172.119
169,185,169,172,176,172,176,185
175,185,168,185,168,173,175,173
168,185,168,173,175,173,175,185
170.719,185.449,163.618,181.011,169.067,172.292,176.169,176.73
171.017,186.293,162.69,182.724,167.035,172.586,175.362,176.155
171.017,186.293,162.69,182.724,167.035,172.586,175.362,176.155
170.8,187.4,162,183,167.4,172.2,176.2,176.6
169.088,186.853,161.441,182.265,167.794,171.676,175.441,176.265
170,187,162,183,167.8,171.4,175.8,175.4
170,187,162,183,167.8,171.4,175.8,175.4
170,187,162,183,167.8,171.4,175.8,175.4
168.569,189.771,162.697,188.009,167.706,171.312,173.578,173.073
166,195,166,172,171,172,171,195
166.704,195.268,165.319,173.105,170.922,172.755,172.307,194.918
166.704,195.268,165.319,173.105,170.922,172.755,172.307,194.918
166.704,195.268,165.319,173.105,170.922,172.755,172.307,194.918
166.704,195.268,165.319,173.105,170.922,172.755,172.307,194.918
166.704,195.268,165.319,173.105,170.922,172.755,172.307,194.918
169.02,196.284,167.294,172.122,173.833,171.655,175.558,195.817
168,197,168,172,175,172,175,197
168,197,168,172,175,172,175,197
169,198,169,172,176,172,176,198
169,198,169,172,176,172,176,198
169,198,169,172,176,172,176,198
169,198,169,172,176,172,176,198
173.365,198.141,167.718,172.729,174.388,171.247,180.035,196.659
173.365,198.141,167.718,172.729,174.388,171.247,180.035,196.659
173.998,196.045,167.012,195.728,168.099,171.823,175.085,172.14
173.95,196.045,166.966,195.713,168.104,171.814,175.088,172.147
173.95,196.045,166.966,195.713,168.152,170.817,175.136,171.149
173.95,196.045,166.966,195.713,168.152,170.817,175.136,171.149
169,198,169,172,176,172,176,198
169,198,169,172,176,172,176,198
169,198,169,172,176,172,176,198
169,198,169,172,176,172,176,198
167.774,196.389,166.265,172.234,173.86,171.759,175.37,195.914
168,198,168,171,175,171,175,198
168,198,168,171,175,171,175,198
168,198,168,171,175,171,175,198
168,198,168,171,175,171,175,198
172.649,195.108,165.676,193.946,169.595,170.432,176.568,171.595
172.649,195.108,165.676,193.946,169.595,170.432,176.568,171.595
174.733,189.673,167.406,188.941,169.426,168.743,176.753,169.475
174.733,189.673,167.406,188.941,169.426,168.743,176.753,169.475
174.733,189.673,167.406,188.941,169.426,168.743,176.753,169.475
174.733,189.673,167.406,188.941,169.426,168.743,176.753,169.475
173,193,173,177,179,177,179,193
178.367,192.11,171.395,190.018,175.523,176.257,182.495,178.349
174,191,174,177,180,177,180,191
177.8,188.4,172.6,185.8,178.4,174.2,183.6,176.8
178.293,187.983,173.707,186.017,178.879,173.948,183.465,175.914
181.615,185.923,176.423,184.885,178.538,174.308,183.731,175.346
180.055,192.48,176.274,182.397,181.753,180.342,185.534,190.425
184.64,189.52,179.18,188.74,180.8,177.4,186.26,178.18
185,190,179.951,189.495,181.208,176.921,186.257,177.426
182,187,182,177,186,177,186,187
188,182,182.321,180.377,184.321,173.377,190,175
188,182,182.321,180.377,184.321,173.377,190,175
193,184,188,184,188,176,193,176
191.218,187.178,189.911,174.109,192.98,173.802,194.287,186.871
194.027,185.162,192.189,174.135,194.622,173.73,196.46,184.757
196,184,193,184,193,175,196,175
195,180,195,175,199,175,199,180
199,183,199,177,202,177,202,183
199.231,191.154,198,191,199.262,180.908,200.492,181.061
199,193,199,182,200,182,200,193
2
0
0
0
0
1
210,197,210,166,222,166,222,197
223.889,196.449,212.73,195.942,214.245,162.602,225.404,163.109
226.656,196.787,215.025,195.73,217.885,164.262,229.516,165.32
230.203,197.541,218.772,196.869,220.665,164.686,232.096,165.359
227.9,199.3,218,196,229.4,161.8,239.3,165.1
229.51,200.273,218.655,196.098,231.928,161.588,242.783,165.763
230.4,200.2,219.2,194.6,234.8,163.4,246,169
237.614,198.552,225.799,195.052,236.059,160.425,247.874,163.926
238.755,200.554,227.466,197.261,237.926,161.395,249.216,164.688
244.803,196.836,232.708,193.99,240.551,160.659,252.646,163.505
246.059,198.765,234.529,195.882,242.882,162.471,254.412,165.353
252.113,197.624,238.952,196.998,240.541,163.645,253.701,164.271
242,196,242,163,255,163,255,196
245,196,245,163,257,163,257,196
247,197,247,164,259,164,259,197
251.456,198.127,249.768,164.362,261.788,163.761,263.476,197.526
254,195,254,162,265,162,265,195
263.654,195.731,253.077,193.615,259.577,161.115,270.154,163.231
268,194,256.846,191.769,263.115,160.423,274.269,162.654
267.717,196.564,257.809,193.65,267.618,160.299,277.526,163.213
272.6,195.8,262.276,193.864,268.445,160.958,278.77,162.894
276.378,195.73,265.838,193.973,271.487,160.081,282.027,161.838
280.138,195.892,269.062,194.508,273.339,160.292,284.415,161.677
282.877,195.985,270.569,194.446,274.862,160.108,287.169,161.646
275,195,275,161,289,161,289,195
288.297,196.589,274.841,193.756,282.045,159.536,295.501,162.369
286.759,198.104,274.172,193.069,287.69,159.276,300.276,164.31
290.502,198.394,278.213,194.005,290.679,159.1,302.968,163.489
294.362,198.986,282.642,194.801,295.72,158.186,307.439,162.371
292,195,292,161,305,161,305,195
296,197,296,160,309,160,309,197
308.756,197.533,295.247,195.771,300.238,157.509,313.747,159.271
306.696,199.373,294.518,195.137,306.997,159.26,319.175,163.496
310.227,201.01,298.299,196.423,313.711,156.35,325.639,160.938
313.74,202.225,300.746,196.811,316.012,160.172,329.006,165.586
319.5,199.5,306.3,195.1,318,160,331.2,164.4
316,196,316,160,329,160,329,196
319.084,197.261,316.336,156.044,329.411,155.173,332.159,196.389
323.703,194.278,316.02,158.424,332.273,154.941,339.956,190.795
324,196,324,161,338,161,338,196
327,195,327,162,340,162,340,195
336.573,203.006,327.807,166.189,341.777,162.863,350.543,199.68
336,200,336,163,351,163,351,200
351.547,200.415,337.834,199.819,339.404,163.713,353.117,164.309
340,199,340,163,353,163,353,199
345.677,199.415,341.323,164.585,355.231,162.846,359.585,197.677
345,196,345,166,361,166,361,196
345,196,345,166,362,166,362,196
359.342,199.753,343.671,193.877,354.973,163.74,370.644,169.616
344,195,344,166,364,166,364,195
344,197,344,173,368,173,368,197
356.086,206.335,342.352,194.77,360.685,172.998,374.42,184.564
355.072,205.652,342.702,194.737,365.553,168.84,377.922,179.755
357.148,208.355,342.438,195.651,368.318,165.684,383.028,178.388
352.932,209.45,339.462,195.44,369.579,166.482,383.049,180.491
350.366,210.614,337.431,195.328,371.141,166.803,384.076,182.09
351.793,211.517,337.448,195.379,370.717,165.807,385.062,181.945
350.397,211.892,336.799,194.746,373.165,165.904,386.763,183.05
349.498,213.18,335.306,195.117,372.934,165.552,387.126,183.615
352.518,213.542,336.943,195.935,373.408,163.678,388.983,181.285
347.462,210.692,334.539,191.308,376.308,163.462,389.231,182.846
353.365,213.072,337.453,195.392,376.127,160.586,392.039,178.265
353.418,213.273,337.43,194.325,375.673,162.057,391.661,181.005
352.964,214.636,336.52,195.256,376.409,161.411,392.853,180.791
353.951,215.799,336.52,195.256,376.726,161.141,394.157,181.685
339.234,198.796,335.481,170.024,383.533,163.757,387.286,192.528
354.401,214.588,337.008,194.876,376.432,160.089,393.825,179.802
356.878,213.441,339,194.967,375.164,159.97,393.042,178.443
357.5,213.5,339.5,195.5,375,160,393,178
