1.0229,0,0,0,0,0,0,0,0,0,0,0,0,0,0
36.816,0,0,0,0,0,0,0,0,0,0,0,0,0,0
8.2225,0,0,0,0,0,0,0,0,0,0,0,0,0,0
8.1699,0,0,0,0,0,0,0,0,0,0,0,0,0,0
8.2708,0,0,0,0,0,0,0,0,0,0,0,0,0,0
8.3794,0,0,0,0,0,0,0,0,0,0,0,0,0,0
8.336,0,0,0,0,0,0,0,0,0,0,0,0,0,0
11.59,0,0,0,0,0,0,0,0,0,0,0,0,0,0
11.727,0,0,0,0,0,0,0,0,0,0,0,0,0,0
11.792,0,0,0,0,0,0,0,0,0,0,0,0,0,0
11.844,0,0,0,0,0,0,0,0,0,0,0,0,0,0
8.4015,0,0,0,0,0,0,0,0,0,0,0,0,0,0
8.4874,0,0,0,0,0,0,0,0,0,0,0,0,0,0
11.84,0,0,0,0,0,0,0,0,0,0,0,0,0,0
8.5383,0,0,0,0,0,0,0,0,0,0,0,0,0,0
11.877,0,0,0,0,0,0,0,0,0,0,0,0,0,0
11.808,0,0,0,0,0,0,0,0,0,0,0,0,0,0
11.785,0,0,0,0,0,0,0,0,0,0,0,0,0,0
11.988,0,0,0,0,0,0,0,0,0,0,0,0,0,0
11.997,0,0,0,0,0,0,0,0,0,0,0,0,0,0
12.045,0,0,0,0,0,0,0,0,0,0,0,0,0,0
11.963,0,0,0,0,0,0,0,0,0,0,0,0,0,0
11.891,0,0,0,0,0,0,0,0,0,0,0,0,0,0
12.01,0,0,0,0,0,0,0,0,0,0,0,0,0,0
8.5082,0,0,0,0,0,0,0,0,0,0,0,0,0,0
8.4462,0,0,0,0,0,0,0,0,0,0,0,0,0,0
11.969,0,0,0,0,0,0,0,0,0,0,0,0,0,0
11.812,0,0,0,0,0,0,0,0,0,0,0,0,0,0
12.17,0,0,0,0,0,0,0,0,0,0,0,0,0,0
12.048,0,0,0,0,0,0,0,0,0,0,0,0,0,0
12.642,0,0,0,0,0,0,0,0,0,0,0,0,0,0
12.003,0,0,0,0,0,0,0,0,0,0,0,0,0,0
12.074,0,0,0,0,0,0,0,0,0,0,0,0,0,0
12.383,0,0,0,0,0,0,0,0,0,0,0,0,0,0
12.625,0,0,0,0,0,0,0,0,0,0,0,0,0,0
12.9,0,0,0,0,0,0,0,0,0,0,0,0,0,0
12.468,0,0,0,0,0,0,0,0,0,0,0,0,0,0
12.248,0,0,0,0,0,0,0,0,0,0,0,0,0,0
12.206,0,0,0,0,0,0,0,0,0,0,0,0,0,0
11.884,0,0,0,0,0,0,0,0,0,0,0,0,0,0
12.074,0,0,0,0,0,0,0,0,0,0,0,0,0,0
12.029,0,0,0,0,0,0,0,0,0,0,0,0,0,0
12.167,0,0,0,0,0,0,0,0,0,0,0,0,0,0
12.321,0,0,0,0,0,0,0,0,0,0,0,0,0,0
12.466,0,0,0,0,0,0,0,0,0,0,0,0,0,0
12.347,0,0,0,0,0,0,0,0,0,0,0,0,0,0
12.375,0,0,0,0,0,0,0,0,0,0,0,0,0,0
13.181,0,0,0,0,0,0,0,0,0,0,0,0,0,0
12.678,0,0,0,0,0,0,0,0,0,0,0,0,0,0
12.325,0,0,0,0,0,0,0,0,0,0,0,0,0,0
8.8807,0,0,0,0,0,0,0,0,0,0,0,0,0,0
12.334,0,0,0,0,0,0,0,0,0,0,0,0,0,0
12.405,0,0,0,0,0,0,0,0,0,0,0,0,0,0
13.118,0,0,0,0,0,0,0,0,0,0,0,0,0,0
12.474,0,0,0,0,0,0,0,0,0,0,0,0,0,0
12.415,0,0,0,0,0,0,0,0,0,0,0,0,0,0
12.326,0,0,0,0,0,0,0,0,0,0,0,0,0,0
12.996,0,0,0,0,0,0,0,0,0,0,0,0,0,0
9.4215,0,0,0,0,0,0,0,0,0,0,0,0,0,0
12.225,0,0,0,0,0,0,0,0,0,0,0,0,0,0
12.343,0,0,0,0,0,0,0,0,0,0,0,0,0,0
11.93,0,0,0,0,0,0,0,0,0,0,0,0,0,0
11.85,0,0,0,0,0,0,0,0,0,0,0,0,0,0
12.086,0,0,0,0,0,0,0,0,0,0,0,0,0,0
11.99,0,0,0,0,0,0,0,0,0,0,0,0,0,0
12.526,0,0,0,0,0,0,0,0,0,0,0,0,0,0
12.863,0,0,0,0,0,0,0,0,0,0,0,0,0,0
12.266,0,0,0,0,0,0,0,0,0,0,0,0,0,0
11.843,0,0,0,0,0,0,0,0,0,0,0,0,0,0
12.028,0,0,0,0,0,0,0,0,0,0,0,0,0,0
12.12,0,0,0,0,0,0,0,0,0,0,0,0,0,0
13.799,0,0,0,0,0,0,0,0,0,0,0,0,0,0
13.198,0,0,0,0,0,0,0,0,0,0,0,0,0,0
12.266,0,0,0,0,0,0,0,0,0,0,0,0,0,0
12.298,0,0,0,0,0,0,0,0,0,0,0,0,0,0
12.441,0,0,0,0,0,0,0,0,0,0,0,0,0,0
12.088,0,0,0,0,0,0,0,0,0,0,0,0,0,0
13.941,0,0,0,0,0,0,0,0,0,0,0,0,0,0
12.984,0,0,0,0,0,0,0,0,0,0,0,0,0,0
12.906,0,0,0,0,0,0,0,0,0,0,0,0,0,0
12.386,0,0,0,0,0,0,0,0,0,0,0,0,0,0
13.117,0,0,0,0,0,0,0,0,0,0,0,0,0,0
13.173,0,0,0,0,0,0,0,0,0,0,0,0,0,0
12.881,0,0,0,0,0,0,0,0,0,0,0,0,0,0
12.595,0,0,0,0,0,0,0,0,0,0,0,0,0,0
12.254,0,0,0,0,0,0,0,0,0,0,0,0,0,0
12.188,0,0,0,0,0,0,0,0,0,0,0,0,0,0
12.478,0,0,0,0,0,0,0,0,0,0,0,0,0,0
12.593,0,0,0,0,0,0,0,0,0,0,0,0,0,0
12.38,0,0,0,0,0,0,0,0,0,0,0,0,0,0
13.328,0,0,0,0,0,0,0,0,0,0,0,0,0,0
13.352,0,0,0,0,0,0,0,0,0,0,0,0,0,0
13.159,0,0,0,0,0,0,0,0,0,0,0,0,0,0
13.236,0,0,0,0,0,0,0,0,0,0,0,0,0,0
13.677,0,0,0,0,0,0,0,0,0,0,0,0,0,0
13.259,0,0,0,0,0,0,0,0,0,0,0,0,0,0
13.383,0,0,0,0,0,0,0,0,0,0,0,0,0,0
13.35,0,0,0,0,0,0,0,0,0,0,0,0,0,0
12.961,0,0,0,0,0,0,0,0,0,0,0,0,0,0
12.902,0,0,0,0,0,0,0,0,0,0,0,0,0,0
13.251,0,0,0,0,0,0,0,0,0,0,0,0,0,0
9.4106,0,0,0,0,0,0,0,0,0,0,0,0,0,0
12.881,0,0,0,0,0,0,0,0,0,0,0,0,0,0
12.905,0,0,0,0,0,0,0,0,0,0,0,0,0,0
13.049,0,0,0,0,0,0,0,0,0,0,0,0,0,0
12.9,0,0,0,0,0,0,0,0,0,0,0,0,0,0
12.961,0,0,0,0,0,0,0,0,0,0,0,0,0,0
13.671,0,0,0,0,0,0,0,0,0,0,0,0,0,0
12.86,0,0,0,0,0,0,0,0,0,0,0,0,0,0
12.62,0,0,0,0,0,0,0,0,0,0,0,0,0,0
13.055,0,0,0,0,0,0,0,0,0,0,0,0,0,0
9.5202,0,0,0,0,0,0,0,0,0,0,0,0,0,0
12.823,0,0,0,0,0,0,0,0,0,0,0,0,0,0
12.895,0,0,0,0,0,0,0,0,0,0,0,0,0,0
12.549,0,0,0,0,0,0,0,0,0,0,0,0,0,0
12.501,0,0,0,0,0,0,0,0,0,0,0,0,0,0
12.339,0,0,0,0,0,0,0,0,0,0,0,0,0,0
12.274,0,0,0,0,0,0,0,0,0,0,0,0,0,0
12.321,0,0,0,0,0,0,0,0,0,0,0,0,0,0
12.652,0,0,0,0,0,0,0,0,0,0,0,0,0,0
12.554,0,0,0,0,0,0,0,0,0,0,0,0,0,0
12.383,0,0,0,0,0,0,0,0,0,0,0,0,0,0
12.499,0,0,0,0,0,0,0,0,0,0,0,0,0,0
12.253,0,0,0,0,0,0,0,0,0,0,0,0,0,0
12.408,0,0,0,0,0,0,0,0,0,0,0,0,0,0
12.422,0,0,0,0,0,0,0,0,0,0,0,0,0,0
12.36,0,0,0,0,0,0,0,0,0,0,0,0,0,0
12.295,0,0,0,0,0,0,0,0,0,0,0,0,0,0
12.161,0,0,0,0,0,0,0,0,0,0,0,0,0,0
12.088,0,0,0,0,0,0,0,0,0,0,0,0,0,0
12.124,0,0,0,0,0,0,0,0,0,0,0,0,0,0
12.04,0,0,0,0,0,0,0,0,0,0,0,0,0,0
12.338,0,0,0,0,0,0,0,0,0,0,0,0,0,0
12.427,0,0,0,0,0,0,0,0,0,0,0,0,0,0
12.207,0,0,0,0,0,0,0,0,0,0,0,0,0,0
12.164,0,0,0,0,0,0,0,0,0,0,0,0,0,0
12.257,0,0,0,0,0,0,0,0,0,0,0,0,0,0
12.214,0,0,0,0,0,0,0,0,0,0,0,0,0,0
12.202,0,0,0,0,0,0,0,0,0,0,0,0,0,0
12.232,0,0,0,0,0,0,0,0,0,0,0,0,0,0
12.161,0,0,0,0,0,0,0,0,0,0,0,0,0,0
12.286,0,0,0,0,0,0,0,0,0,0,0,0,0,0
12.142,0,0,0,0,0,0,0,0,0,0,0,0,0,0
12.162,0,0,0,0,0,0,0,0,0,0,0,0,0,0
12.167,0,0,0,0,0,0,0,0,0,0,0,0,0,0
12.909,0,0,0,0,0,0,0,0,0,0,0,0,0,0
12.591,0,0,0,0,0,0,0,0,0,0,0,0,0,0
12.194,0,0,0,0,0,0,0,0,0,0,0,0,0,0
12.272,0,0,0,0,0,0,0,0,0,0,0,0,0,0
12.12,0,0,0,0,0,0,0,0,0,0,0,0,0,0
12.151,0,0,0,0,0,0,0,0,0,0,0,0,0,0
12.243,0,0,0,0,0,0,0,0,0,0,0,0,0,0
12.311,0,0,0,0,0,0,0,0,0,0,0,0,0,0
12.153,0,0,0,0,0,0,0,0,0,0,0,0,0,0
12.314,0,0,0,0,0,0,0,0,0,0,0,0,0,0
12.103,0,0,0,0,0,0,0,0,0,0,0,0,0,0
12.29,0,0,0,0,0,0,0,0,0,0,0,0,0,0
12.177,0,0,0,0,0,0,0,0,0,0,0,0,0,0
12.059,0,0,0,0,0,0,0,0,0,0,0,0,0,0
12.2,0,0,0,0,0,0,0,0,0,0,0,0,0,0
12.343,0,0,0,0,0,0,0,0,0,0,0,0,0,0
12.213,0,0,0,0,0,0,0,0,0,0,0,0,0,0
12.612,0,0,0,0,0,0,0,0,0,0,0,0,0,0
12.761,0,0,0,0,0,0,0,0,0,0,0,0,0,0
12.713,0,0,0,0,0,0,0,0,0,0,0,0,0,0
12.574,0,0,0,0,0,0,0,0,0,0,0,0,0,0
13.127,0,0,0,0,0,0,0,0,0,0,0,0,0,0
13.648,0,0,0,0,0,0,0,0,0,0,0,0,0,0
13.302,0,0,0,0,0,0,0,0,0,0,0,0,0,0
13.969,0,0,0,0,0,0,0,0,0,0,0,0,0,0
13.399,0,0,0,0,0,0,0,0,0,0,0,0,0,0
13.356,0,0,0,0,0,0,0,0,0,0,0,0,0,0
12.799,0,0,0,0,0,0,0,0,0,0,0,0,0,0
13.218,0,0,0,0,0,0,0,0,0,0,0,0,0,0
12.181,0,0,0,0,0,0,0,0,0,0,0,0,0,0
12.272,0,0,0,0,0,0,0,0,0,0,0,0,0,0
13.032,0,0,0,0,0,0,0,0,0,0,0,0,0,0
12.745,0,0,0,0,0,0,0,0,0,0,0,0,0,0
12.588,0,0,0,0,0,0,0,0,0,0,0,0,0,0
12.242,0,0,0,0,0,0,0,0,0,0,0,0,0,0
12.534,0,0,0,0,0,0,0,0,0,0,0,0,0,0
13.202,0,0,0,0,0,0,0,0,0,0,0,0,0,0
12.483,0,0,0,0,0,0,0,0,0,0,0,0,0,0
12.8,0,0,0,0,0,0,0,0,0,0,0,0,0,0
12.304,0,0,0,0,0,0,0,0,0,0,0,0,0,0
12.159,0,0,0,0,0,0,0,0,0,0,0,0,0,0
11.731,0,0,0,0,0,0,0,0,0,0,0,0,0,0
11.316,0,0,0,0,0,0,0,0,0,0,0,0,0,0
11.222,0,0,0,0,0,0,0,0,0,0,0,0,0,0
11.586,0,0,0,0,0,0,0,0,0,0,0,0,0,0
11.194,0,0,0,0,0,0,0,0,0,0,0,0,0,0
11.386,0,0,0,0,0,0,0,0,0,0,0,0,0,0
11.466,0,0,0,0,0,0,0,0,0,0,0,0,0,0
11.519,0,0,0,0,0,0,0,0,0,0,0,0,0,0
11.58,0,0,0,0,0,0,0,0,0,0,0,0,0,0
11.662,0,0,0,0,0,0,0,0,0,0,0,0,0,0
11.581,0,0,0,0,0,0,0,0,0,0,0,0,0,0
11.55,0,0,0,0,0,0,0,0,0,0,0,0,0,0
11.94,0,0,0,0,0,0,0,0,0,0,0,0,0,0
11.282,0,0,0,0,0,0,0,0,0,0,0,0,0,0
11.394,0,0,0,0,0,0,0,0,0,0,0,0,0,0
11.449,0,0,0,0,0,0,0,0,0,0,0,0,0,0
11.324,0,0,0,0,0,0,0,0,0,0,0,0,0,0
11.618,0,0,0,0,0,0,0,0,0,0,0,0,0,0
11.642,0,0,0,0,0,0,0,0,0,0,0,0,0,0
11.449,0,0,0,0,0,0,0,0,0,0,0,0,0,0
11.647,0,0,0,0,0,0,0,0,0,0,0,0,0,0
11.54,0,0,0,0,0,0,0,0,0,0,0,0,0,0
11.772,0,0,0,0,0,0,0,0,0,0,0,0,0,0
11.537,0,0,0,0,0,0,0,0,0,0,0,0,0,0
8.4822,0,0,0,0,0,0,0,0,0,0,0,0,0,0
11.588,0,0,0,0,0,0,0,0,0,0,0,0,0,0
12.062,0,0,0,0,0,0,0,0,0,0,0,0,0,0
11.884,0,0,0,0,0,0,0,0,0,0,0,0,0,0
11.545,0,0,0,0,0,0,0,0,0,0,0,0,0,0
11.71,0,0,0,0,0,0,0,0,0,0,0,0,0,0
11.877,0,0,0,0,0,0,0,0,0,0,0,0,0,0
11.712,0,0,0,0,0,0,0,0,0,0,0,0,0,0
11.889,0,0,0,0,0,0,0,0,0,0,0,0,0,0
11.648,0,0,0,0,0,0,0,0,0,0,0,0,0,0
11.573,0,0,0,0,0,0,0,0,0,0,0,0,0,0
11.333,0,0,0,0,0,0,0,0,0,0,0,0,0,0
11.313,0,0,0,0,0,0,0,0,0,0,0,0,0,0
11.324,0,0,0,0,0,0,0,0,0,0,0,0,0,0
11.356,0,0,0,0,0,0,0,0,0,0,0,0,0,0
11.325,0,0,0,0,0,0,0,0,0,0,0,0,0,0
11.293,0,0,0,0,0,0,0,0,0,0,0,0,0,0
11.42,0,0,0,0,0,0,0,0,0,0,0,0,0,0
11.475,0,0,0,0,0,0,0,0,0,0,0,0,0,0
11.612,0,0,0,0,0,0,0,0,0,0,0,0,0,0
7.9364,0,0,0,0,0,0,0,0,0,0,0,0,0,0
11.262,0,0,0,0,0,0,0,0,0,0,0,0,0,0
11.264,0,0,0,0,0,0,0,0,0,0,0,0,0,0
11.182,0,0,0,0,0,0,0,0,0,0,0,0,0,0
11.192,0,0,0,0,0,0,0,0,0,0,0,0,0,0
11.293,0,0,0,0,0,0,0,0,0,0,0,0,0,0
11.31,0,0,0,0,0,0,0,0,0,0,0,0,0,0
11.171,0,0,0,0,0,0,0,0,0,0,0,0,0,0
11.154,0,0,0,0,0,0,0,0,0,0,0,0,0,0
11.185,0,0,0,0,0,0,0,0,0,0,0,0,0,0
7.7597,0,0,0,0,0,0,0,0,0,0,0,0,0,0
7.6445,0,0,0,0,0,0,0,0,0,0,0,0,0,0
11.004,0,0,0,0,0,0,0,0,0,0,0,0,0,0
11.035,0,0,0,0,0,0,0,0,0,0,0,0,0,0
11.137,0,0,0,0,0,0,0,0,0,0,0,0,0,0
11.261,0,0,0,0,0,0,0,0,0,0,0,0,0,0
7.8588,0,0,0,0,0,0,0,0,0,0,0,0,0,0
7.8134,0,0,0,0,0,0,0,0,0,0,0,0,0,0
11.157,0,0,0,0,0,0,0,0,0,0,0,0,0,0
11.083,0,0,0,0,0,0,0,0,0,0,0,0,0,0
11.06,0,0,0,0,0,0,0,0,0,0,0,0,0,0
11.084,0,0,0,0,0,0,0,0,0,0,0,0,0,0
11.051,0,0,0,0,0,0,0,0,0,0,0,0,0,0
11.107,0,0,0,0,0,0,0,0,0,0,0,0,0,0
7.6841,0,0,0,0,0,0,0,0,0,0,0,0,0,0
7.4957,0,0,0,0,0,0,0,0,0,0,0,0,0,0
11.119,0,0,0,0,0,0,0,0,0,0,0,0,0,0
11.135,0,0,0,0,0,0,0,0,0,0,0,0,0,0
11.203,0,0,0,0,0,0,0,0,0,0,0,0,0,0
11.203,0,0,0,0,0,0,0,0,0,0,0,0,0,0
11.075,0,0,0,0,0,0,0,0,0,0,0,0,0,0
11.028,0,0,0,0,0,0,0,0,0,0,0,0,0,0
10.926,0,0,0,0,0,0,0,0,0,0,0,0,0,0
10.981,0,0,0,0,0,0,0,0,0,0,0,0,0,0
11.297,0,0,0,0,0,0,0,0,0,0,0,0,0,0
11.138,0,0,0,0,0,0,0,0,0,0,0,0,0,0
11.04,0,0,0,0,0,0,0,0,0,0,0,0,0,0
7.8627,0,0,0,0,0,0,0,0,0,0,0,0,0,0
7.7177,0,0,0,0,0,0,0,0,0,0,0,0,0,0
11.091,0,0,0,0,0,0,0,0,0,0,0,0,0,0
11.175,0,0,0,0,0,0,0,0,0,0,0,0,0,0
11.315,0,0,0,0,0,0,0,0,0,0,0,0,0,0
11.091,0,0,0,0,0,0,0,0,0,0,0,0,0,0
11.113,0,0,0,0,0,0,0,0,0,0,0,0,0,0
11.127,0,0,0,0,0,0,0,0,0,0,0,0,0,0
11.149,0,0,0,0,0,0,0,0,0,0,0,0,0,0
7.8186,0,0,0,0,0,0,0,0,0,0,0,0,0,0
11.217,0,0,0,0,0,0,0,0,0,0,0,0,0,0
11.219,0,0,0,0,0,0,0,0,0,0,0,0,0,0
7.8669,0,0,0,0,0,0,0,0,0,0,0,0,0,0
7.9166,0,0,0,0,0,0,0,0,0,0,0,0,0,0
7.7744,0,0,0,0,0,0,0,0,0,0,0,0,0,0
7.717,0,0,0,0,0,0,0,0,0,0,0,0,0,0
11.088,0,0,0,0,0,0,0,0,0,0,0,0,0,0
11.136,0,0,0,0,0,0,0,0,0,0,0,0,0,0
11.061,0,0,0,0,0,0,0,0,0,0,0,0,0,0
11.261,0,0,0,0,0,0,0,0,0,0,0,0,0,0
11.078,0,0,0,0,0,0,0,0,0,0,0,0,0,0
11.121,0,0,0,0,0,0,0,0,0,0,0,0,0,0
11.101,0,0,0,0,0,0,0,0,0,0,0,0,0,0
11.187,0,0,0,0,0,0,0,0,0,0,0,0,0,0
11.379,0,0,0,0,0,0,0,0,0,0,0,0,0,0
11.179,0,0,0,0,0,0,0,0,0,0,0,0,0,0
11.214,0,0,0,0,0,0,0,0,0,0,0,0,0,0
11.256,0,0,0,0,0,0,0,0,0,0,0,0,0,0
11.27,0,0,0,0,0,0,0,0,0,0,0,0,0,0
11.296,0,0,0,0,0,0,0,0,0,0,0,0,0,0
7.8706,0,0,0,0,0,0,0,0,0,0,0,0,0,0
11.243,0,0,0,0,0,0,0,0,0,0,0,0,0,0
11.388,0,0,0,0,0,0,0,0,0,0,0,0,0,0
11.166,0,0,0,0,0,0,0,0,0,0,0,0,0,0
11.186,0,0,0,0,0,0,0,0,0,0,0,0,0,0
11.227,0,0,0,0,0,0,0,0,0,0,0,0,0,0
11.098,0,0,0,0,0,0,0,0,0,0,0,0,0,0
11.191,0,0,0,0,0,0,0,0,0,0,0,0,0,0
11.197,0,0,0,0,0,0,0,0,0,0,0,0,0,0
11.264,0,0,0,0,0,0,0,0,0,0,0,0,0,0
11.027,0,0,0,0,0,0,0,0,0,0,0,0,0,0
10.997,0,0,0,0,0,0,0,0,0,0,0,0,0,0
10.988,0,0,0,0,0,0,0,0,0,0,0,0,0,0
11.056,0,0,0,0,0,0,0,0,0,0,0,0,0,0
11.184,0,0,0,0,0,0,0,0,0,0,0,0,0,0
11.201,0,0,0,0,0,0,0,0,0,0,0,0,0,0
11.41,0,0,0,0,0,0,0,0,0,0,0,0,0,0
11.193,0,0,0,0,0,0,0,0,0,0,0,0,0,0
11.261,0,0,0,0,0,0,0,0,0,0,0,0,0,0
11.162,0,0,0,0,0,0,0,0,0,0,0,0,0,0
11.342,0,0,0,0,0,0,0,0,0,0,0,0,0,0
11.217,0,0,0,0,0,0,0,0,0,0,0,0,0,0
11.425,0,0,0,0,0,0,0,0,0,0,0,0,0,0
11.634,0,0,0,0,0,0,0,0,0,0,0,0,0,0
11.6,0,0,0,0,0,0,0,0,0,0,0,0,0,0
11.681,0,0,0,0,0,0,0,0,0,0,0,0,0,0
11.687,0,0,0,0,0,0,0,0,0,0,0,0,0,0
11.934,0,0,0,0,0,0,0,0,0,0,0,0,0,0
11.787,0,0,0,0,0,0,0,0,0,0,0,0,0,0
11.765,0,0,0,0,0,0,0,0,0,0,0,0,0,0
12.123,0,0,0,0,0,0,0,0,0,0,0,0,0,0
12.039,0,0,0,0,0,0,0,0,0,0,0,0,0,0
12.422,0,0,0,0,0,0,0,0,0,0,0,0,0,0
12.148,0,0,0,0,0,0,0,0,0,0,0,0,0,0
12.086,0,0,0,0,0,0,0,0,0,0,0,0,0,0
11.873,0,0,0,0,0,0,0,0,0,0,0,0,0,0
11.514,0,0,0,0,0,0,0,0,0,0,0,0,0,0
11.652,0,0,0,0,0,0,0,0,0,0,0,0,0,0
11.365,0,0,0,0,0,0,0,0,0,0,0,0,0,0
11.464,0,0,0,0,0,0,0,0,0,0,0,0,0,0
8.3325,0,0,0,0,0,0,0,0,0,0,0,0,0,0
11.657,0,0,0,0,0,0,0,0,0,0,0,0,0,0
11.554,0,0,0,0,0,0,0,0,0,0,0,0,0,0
11.324,0,0,0,0,0,0,0,0,0,0,0,0,0,0
11.279,0,0,0,0,0,0,0,0,0,0,0,0,0,0
11.183,0,0,0,0,0,0,0,0,0,0,0,0,0,0
11.316,0,0,0,0,0,0,0,0,0,0,0,0,0,0
11.192,0,0,0,0,0,0,0,0,0,0,0,0,0,0
11.258,0,0,0,0,0,0,0,0,0,0,0,0,0,0
11.272,0,0,0,0,0,0,0,0,0,0,0,0,0,0
11.267,0,0,0,0,0,0,0,0,0,0,0,0,0,0
11.313,0,0,0,0,0,0,0,0,0,0,0,0,0,0
11.195,0,0,0,0,0,0,0,0,0,0,0,0,0,0
11.247,0,0,0,0,0,0,0,0,0,0,0,0,0,0
11.264,0,0,0,0,0,0,0,0,0,0,0,0,0,0
11.155,0,0,0,0,0,0,0,0,0,0,0,0,0,0
11.267,0,0,0,0,0,0,0,0,0,0,0,0,0,0
11.187,0,0,0,0,0,0,0,0,0,0,0,0,0,0
11.137,0,0,0,0,0,0,0,0,0,0,0,0,0,0
11.064,0,0,0,0,0,0,0,0,0,0,0,0,0,0
11.192,0,0,0,0,0,0,0,0,0,0,0,0,0,0
11.071,0,0,0,0,0,0,0,0,0,0,0,0,0,0
11.146,0,0,0,0,0,0,0,0,0,0,0,0,0,0
11.028,0,0,0,0,0,0,0,0,0,0,0,0,0,0
11.055,0,0,0,0,0,0,0,0,0,0,0,0,0,0
11.253,0,0,0,0,0,0,0,0,0,0,0,0,0,0
11.182,0,0,0,0,0,0,0,0,0,0,0,0,0,0
11.143,0,0,0,0,0,0,0,0,0,0,0,0,0,0
11.148,0,0,0,0,0,0,0,0,0,0,0,0,0,0
10.943,0,0,0,0,0,0,0,0,0,0,0,0,0,0
11.096,0,0,0,0,0,0,0,0,0,0,0,0,0,0
11.12,0,0,0,0,0,0,0,0,0,0,0,0,0,0
11.019,0,0,0,0,0,0,0,0,0,0,0,0,0,0
10.999,0,0,0,0,0,0,0,0,0,0,0,0,0,0
10.91,0,0,0,0,0,0,0,0,0,0,0,0,0,0
11.154,0,0,0,0,0,0,0,0,0,0,0,0,0,0
11.145,0,0,0,0,0,0,0,0,0,0,0,0,0,0
11.154,0,0,0,0,0,0,0,0,0,0,0,0,0,0
11.286,0,0,0,0,0,0,0,0,0,0,0,0,0,0
11.269,0,0,0,0,0,0,0,0,0,0,0,0,0,0
11.445,0,0,0,0,0,0,0,0,0,0,0,0,0,0
11.4,0,0,0,0,0,0,0,0,0,0,0,0,0,0
11.113,0,0,0,0,0,0,0,0,0,0,0,0,0,0
11.372,0,0,0,0,0,0,0,0,0,0,0,0,0,0
11.158,0,0,0,0,0,0,0,0,0,0,0,0,0,0
11.327,0,0,0,0,0,0,0,0,0,0,0,0,0,0
11.311,0,0,0,0,0,0,0,0,0,0,0,0,0,0
11.152,0,0,0,0,0,0,0,0,0,0,0,0,0,0
11.243,0,0,0,0,0,0,0,0,0,0,0,0,0,0
11.165,0,0,0,0,0,0,0,0,0,0,0,0,0,0
11.259,0,0,0,0,0,0,0,0,0,0,0,0,0,0
11.017,0,0,0,0,0,0,0,0,0,0,0,0,0,0
11.034,0,0,0,0,0,0,0,0,0,0,0,0,0,0
11.028,0,0,0,0,0,0,0,0,0,0,0,0,0,0
11.402,0,0,0,0,0,0,0,0,0,0,0,0,0,0
11.286,0,0,0,0,0,0,0,0,0,0,0,0,0,0
11.67,0,0,0,0,0,0,0,0,0,0,0,0,0,0
12.294,0,0,0,0,0,0,0,0,0,0,0,0,0,0
10.611,0,0,0,0,0,0,0,0,0,0,0,0,0,0
12.225,0,0,0,0,0,0,0,0,0,0,0,0,0,0
12.054,0,0,0,0,0,0,0,0,0,0,0,0,0,0
11.681,0,0,0,0,0,0,0,0,0,0,0,0,0,0
11.722,0,0,0,0,0,0,0,0,0,0,0,0,0,0
11.491,0,0,0,0,0,0,0,0,0,0,0,0,0,0
11.351,0,0,0,0,0,0,0,0,0,0,0,0,0,0
11.203,0,0,0,0,0,0,0,0,0,0,0,0,0,0
11.33,0,0,0,0,0,0,0,0,0,0,0,0,0,0
11.177,0,0,0,0,0,0,0,0,0,0,0,0,0,0
11.441,0,0,0,0,0,0,0,0,0,0,0,0,0,0
11.784,0,0,0,0,0,0,0,0,0,0,0,0,0,0
11.404,0,0,0,0,0,0,0,0,0,0,0,0,0,0
8.6773,0,0,0,0,0,0,0,0,0,0,0,0,0,0
11.63,0,0,0,0,0,0,0,0,0,0,0,0,0,0
11.62,0,0,0,0,0,0,0,0,0,0,0,0,0,0
11.045,0,0,0,0,0,0,0,0,0,0,0,0,0,0
11.35,0,0,0,0,0,0,0,0,0,0,0,0,0,0
11.268,0,0,0,0,0,0,0,0,0,0,0,0,0,0
11.02,0,0,0,0,0,0,0,0,0,0,0,0,0,0
11.106,0,0,0,0,0,0,0,0,0,0,0,0,0,0
11.067,0,0,0,0,0,0,0,0,0,0,0,0,0,0
11.101,0,0,0,0,0,0,0,0,0,0,0,0,0,0
11.002,0,0,0,0,0,0,0,0,0,0,0,0,0,0
11.319,0,0,0,0,0,0,0,0,0,0,0,0,0,0
11.468,0,0,0,0,0,0,0,0,0,0,0,0,0,0
12.408,0,0,0,0,0,0,0,0,0,0,0,0,0,0
11.973,0,0,0,0,0,0,0,0,0,0,0,0,0,0
11.622,0,0,0,0,0,0,0,0,0,0,0,0,0,0
11.826,0,0,0,0,0,0,0,0,0,0,0,0,0,0
11.463,0,0,0,0,0,0,0,0,0,0,0,0,0,0
11.383,0,0,0,0,0,0,0,0,0,0,0,0,0,0
11.462,0,0,0,0,0,0,0,0,0,0,0,0,0,0
11.513,0,0,0,0,0,0,0,0,0,0,0,0,0,0
11.48,0,0,0,0,0,0,0,0,0,0,0,0,0,0
11.564,0,0,0,0,0,0,0,0,0,0,0,0,0,0
11.734,0,0,0,0,0,0,0,0,0,0,0,0,0,0
11.767,0,0,0,0,0,0,0,0,0,0,0,0,0,0
11.684,0,0,0,0,0,0,0,0,0,0,0,0,0,0
11.558,0,0,0,0,0,0,0,0,0,0,0,0,0,0
11.654,0,0,0,0,0,0,0,0,0,0,0,0,0,0
11.396,0,0,0,0,0,0,0,0,0,0,0,0,0,0
11.257,0,0,0,0,0,0,0,0,0,0,0,0,0,0
11.27,0,0,0,0,0,0,0,0,0,0,0,0,0,0
11.193,0,0,0,0,0,0,0,0,0,0,0,0,0,0
11.02,0,0,0,0,0,0,0,0,0,0,0,0,0,0
11.213,0,0,0,0,0,0,0,0,0,0,0,0,0,0
11.216,0,0,0,0,0,0,0,0,0,0,0,0,0,0
11.098,0,0,0,0,0,0,0,0,0,0,0,0,0,0
11.09,0,0,0,0,0,0,0,0,0,0,0,0,0,0
11.235,0,0,0,0,0,0,0,0,0,0,0,0,0,0
11.303,0,0,0,0,0,0,0,0,0,0,0,0,0,0
11.394,0,0,0,0,0,0,0,0,0,0,0,0,0,0
11.35,0,0,0,0,0,0,0,0,0,0,0,0,0,0
11.213,0,0,0,0,0,0,0,0,0,0,0,0,0,0
11.232,0,0,0,0,0,0,0,0,0,0,0,0,0,0
7.9553,0,0,0,0,0,0,0,0,0,0,0,0,0,0
7.8763,0,0,0,0,0,0,0,0,0,0,0,0,0,0
11.307,0,0,0,0,0,0,0,0,0,0,0,0,0,0
11.364,0,0,0,0,0,0,0,0,0,0,0,0,0,0
7.8877,0,0,0,0,0,0,0,0,0,0,0,0,0,0
7.8756,0,0,0,0,0,0,0,0,0,0,0,0,0,0
11.517,0,0,0,0,0,0,0,0,0,0,0,0,0,0
11.387,0,0,0,0,0,0,0,0,0,0,0,0,0,0
11.249,0,0,0,0,0,0,0,0,0,0,0,0,0,0
11.344,0,0,0,0,0,0,0,0,0,0,0,0,0,0
11.399,0,0,0,0,0,0,0,0,0,0,0,0,0,0
11.259,0,0,0,0,0,0,0,0,0,0,0,0,0,0
11.492,0,0,0,0,0,0,0,0,0,0,0,0,0,0
11.313,0,0,0,0,0,0,0,0,0,0,0,0,0,0
11.445,0,0,0,0,0,0,0,0,0,0,0,0,0,0
11.387,0,0,0,0,0,0,0,0,0,0,0,0,0,0
11.475,0,0,0,0,0,0,0,0,0,0,0,0,0,0
11.447,0,0,0,0,0,0,0,0,0,0,0,0,0,0
11.472,0,0,0,0,0,0,0,0,0,0,0,0,0,0
11.244,0,0,0,0,0,0,0,0,0,0,0,0,0,0
11.158,0,0,0,0,0,0,0,0,0,0,0,0,0,0
11.333,0,0,0,0,0,0,0,0,0,0,0,0,0,0
11.083,0,0,0,0,0,0,0,0,0,0,0,0,0,0
11.221,0,0,0,0,0,0,0,0,0,0,0,0,0,0
11.035,0,0,0,0,0,0,0,0,0,0,0,0,0,0
11.136,0,0,0,0,0,0,0,0,0,0,0,0,0,0
11.316,0,0,0,0,0,0,0,0,0,0,0,0,0,0
11.342,0,0,0,0,0,0,0,0,0,0,0,0,0,0
11.44,0,0,0,0,0,0,0,0,0,0,0,0,0,0
11.502,0,0,0,0,0,0,0,0,0,0,0,0,0,0
11.556,0,0,0,0,0,0,0,0,0,0,0,0,0,0
11.574,0,0,0,0,0,0,0,0,0,0,0,0,0,0
12.053,0,0,0,0,0,0,0,0,0,0,0,0,0,0
11.48,0,0,0,0,0,0,0,0,0,0,0,0,0,0
11.466,0,0,0,0,0,0,0,0,0,0,0,0,0,0
11.541,0,0,0,0,0,0,0,0,0,0,0,0,0,0
8.2053,0,0,0,0,0,0,0,0,0,0,0,0,0,0
11.614,0,0,0,0,0,0,0,0,0,0,0,0,0,0
11.508,0,0,0,0,0,0,0,0,0,0,0,0,0,0
11.612,0,0,0,0,0,0,0,0,0,0,0,0,0,0
8.0524,0,0,0,0,0,0,0,0,0,0,0,0,0,0
11.649,0,0,0,0,0,0,0,0,0,0,0,0,0,0
11.582,0,0,0,0,0,0,0,0,0,0,0,0,0,0
8.0377,0,0,0,0,0,0,0,0,0,0,0,0,0,0
11.596,0,0,0,0,0,0,0,0,0,0,0,0,0,0
11.3,0,0,0,0,0,0,0,0,0,0,0,0,0,0
11.061,0,0,0,0,0,0,0,0,0,0,0,0,0,0
11.364,0,0,0,0,0,0,0,0,0,0,0,0,0,0
11.33,0,0,0,0,0,0,0,0,0,0,0,0,0,0
11.395,0,0,0,0,0,0,0,0,0,0,0,0,0,0
11.303,0,0,0,0,0,0,0,0,0,0,0,0,0,0
11.206,0,0,0,0,0,0,0,0,0,0,0,0,0,0
11.467,0,0,0,0,0,0,0,0,0,0,0,0,0,0
11.295,0,0,0,0,0,0,0,0,0,0,0,0,0,0
11.604,0,0,0,0,0,0,0,0,0,0,0,0,0,0
8.0618,0,0,0,0,0,0,0,0,0,0,0,0,0,0
8.0186,0,0,0,0,0,0,0,0,0,0,0,0,0,0
8.1237,0,0,0,0,0,0,0,0,0,0,0,0,0,0
11.593,0,0,0,0,0,0,0,0,0,0,0,0,0,0
8.4489,0,0,0,0,0,0,0,0,0,0,0,0,0,0
11.672,0,0,0,0,0,0,0,0,0,0,0,0,0,0
11.795,0,0,0,0,0,0,0,0,0,0,0,0,0,0
11.815,0,0,0,0,0,0,0,0,0,0,0,0,0,0
11.676,0,0,0,0,0,0,0,0,0,0,0,0,0,0
11.765,0,0,0,0,0,0,0,0,0,0,0,0,0,0
11.585,0,0,0,0,0,0,0,0,0,0,0,0,0,0
11.861,0,0,0,0,0,0,0,0,0,0,0,0,0,0
11.768,0,0,0,0,0,0,0,0,0,0,0,0,0,0
11.674,0,0,0,0,0,0,0,0,0,0,0,0,0,0
11.763,0,0,0,0,0,0,0,0,0,0,0,0,0,0
11.402,0,0,0,0,0,0,0,0,0,0,0,0,0,0
11.582,0,0,0,0,0,0,0,0,0,0,0,0,0,0
11.536,0,0,0,0,0,0,0,0,0,0,0,0,0,0
11.774,0,0,0,0,0,0,0,0,0,0,0,0,0,0
11.582,0,0,0,0,0,0,0,0,0,0,0,0,0,0
11.549,0,0,0,0,0,0,0,0,0,0,0,0,0,0
11.636,0,0,0,0,0,0,0,0,0,0,0,0,0,0
11.764,0,0,0,0,0,0,0,0,0,0,0,0,0,0
11.446,0,0,0,0,0,0,0,0,0,0,0,0,0,0
11.539,0,0,0,0,0,0,0,0,0,0,0,0,0,0
8.2814,0,0,0,0,0,0,0,0,0,0,0,0,0,0
11.58,0,0,0,0,0,0,0,0,0,0,0,0,0,0
11.579,0,0,0,0,0,0,0,0,0,0,0,0,0,0
8.1151,0,0,0,0,0,0,0,0,0,0,0,0,0,0
8.1034,0,0,0,0,0,0,0,0,0,0,0,0,0,0
11.572,0,0,0,0,0,0,0,0,0,0,0,0,0,0
8.1335,0,0,0,0,0,0,0,0,0,0,0,0,0,0
7.9073,0,0,0,0,0,0,0,0,0,0,0,0,0,0
11.575,0,0,0,0,0,0,0,0,0,0,0,0,0,0
11.504,0,0,0,0,0,0,0,0,0,0,0,0,0,0
11.534,0,0,0,0,0,0,0,0,0,0,0,0,0,0
11.435,0,0,0,0,0,0,0,0,0,0,0,0,0,0
8.2704,0,0,0,0,0,0,0,0,0,0,0,0,0,0
11.383,0,0,0,0,0,0,0,0,0,0,0,0,0,0
7.8565,0,0,0,0,0,0,0,0,0,0,0,0,0,0
7.8574,0,0,0,0,0,0,0,0,0,0,0,0,0,0
11.368,0,0,0,0,0,0,0,0,0,0,0,0,0,0
11.51,0,0,0,0,0,0,0,0,0,0,0,0,0,0
11.428,0,0,0,0,0,0,0,0,0,0,0,0,0,0
11.623,0,0,0,0,0,0,0,0,0,0,0,0,0,0
11.32,0,0,0,0,0,0,0,0,0,0,0,0,0,0
11.423,0,0,0,0,0,0,0,0,0,0,0,0,0,0
11.324,0,0,0,0,0,0,0,0,0,0,0,0,0,0
11.293,0,0,0,0,0,0,0,0,0,0,0,0,0,0
11.415,0,0,0,0,0,0,0,0,0,0,0,0,0,0
11.302,0,0,0,0,0,0,0,0,0,0,0,0,0,0
8.0577,0,0,0,0,0,0,0,0,0,0,0,0,0,0
7.9797,0,0,0,0,0,0,0,0,0,0,0,0,0,0
11.613,0,0,0,0,0,0,0,0,0,0,0,0,0,0
8.1036,0,0,0,0,0,0,0,0,0,0,0,0,0,0
11.536,0,0,0,0,0,0,0,0,0,0,0,0,0,0
11.829,0,0,0,0,0,0,0,0,0,0,0,0,0,0
8.2145,0,0,0,0,0,0,0,0,0,0,0,0,0,0
8.0705,0,0,0,0,0,0,0,0,0,0,0,0,0,0
8.0524,0,0,0,0,0,0,0,0,0,0,0,0,0,0
8.0466,0,0,0,0,0,0,0,0,0,0,0,0,0,0
