1
140,150,140,28,170,28,170,150
140,150,140,28,170,28,170,150
140,150,140,28,170,28,170,150
140,150,140,28,170,28,170,150
140,150,140,28,170,28,170,150
140,150,140,28,170,28,170,150
137.938,153.406,134.96,28.3343,166.514,27.583,169.492,152.655
135,154,135,26,169,26,169,154
135.161,155.193,133.588,26.2123,169.217,25.7778,170.79,154.759
133,155,133,26,169,26,169,155
133,155,133,26,169,26,169,155
133,155,133,26,169,26,169,155
167.182,155.336,130.615,154.848,132.35,24.7513,168.917,25.2389
132,155,132,25,168,25,168,155
167.129,157.448,129.555,156.94,131.34,24.856,168.914,25.3637
129,156,129,25,167,25,167,156
166.944,156.366,127.505,155.708,129.672,25.6779,169.111,26.3352
166.85,157.372,126.506,156.652,128.86,24.819,169.205,25.5394
128,159,128,26,169,26,169,159
128,158,128,26,171,26,171,158
170.035,159.704,126.337,158.523,129.961,24.4584,173.658,25.6394
171.172,159.626,126.34,158.415,129.988,23.4591,174.82,24.6708
172.049,159.347,126.67,158.742,128.456,24.7661,173.835,25.3711
172.049,159.347,126.67,158.742,128.456,24.7661,173.835,25.3711
172.049,159.347,126.67,158.742,128.456,24.7661,173.835,25.3711
170.247,160.126,126.94,157.934,133.702,24.3773,177.009,26.5701
172.09,159.616,128.348,158.449,131.917,24.5978,175.66,25.7643
172.398,160.056,127.07,158.243,132.471,23.2189,177.799,25.032
172.932,161.276,126.677,158.809,133.854,24.2455,180.109,26.7124
173.956,160.093,128.018,158.23,133.402,25.4082,179.34,27.2706
173.152,160.044,128.219,158.316,133.331,25.3974,178.264,27.1256
174.008,161.684,129.355,160.509,132.904,25.6291,177.558,26.8042
131,161,131,27,175,27,175,161
173.113,161.687,130.327,160.561,133.849,26.7329,176.635,27.8588
174.092,163.376,130.614,162.772,132.488,27.8401,175.966,28.444
131,163,131,29,175,29,175,163
173.183,164.327,129.74,163.784,131.416,29.7302,174.859,30.2733
172.175,164.336,128.721,163.779,130.439,29.7236,173.894,30.2807
171.868,164.42,127.66,163.729,129.77,28.7464,173.977,29.4371
171.115,164.696,126.347,163.503,129.92,29.4912,174.688,30.685
171.127,164.357,126.7,163.772,128.477,28.7168,172.904,29.3014
170.57,164.403,125.701,163.723,127.747,28.6629,172.616,29.3427
171.124,163.361,126.721,162.791,128.439,28.7749,172.842,29.3441
172.1,164.383,125.714,163.773,127.491,28.7038,173.877,29.3142
170.892,165.465,124.572,164.693,126.89,25.6148,173.21,26.3868
170.046,167.563,121.84,164.67,130.038,28.0422,178.244,30.9346
169.211,167.489,122.475,164.834,130.254,27.9349,176.989,30.5903
168.874,167.745,121.463,164.666,130.33,28.1124,177.741,31.191
169.443,167.477,121.753,165,128.782,29.69,176.472,32.1674
169.443,167.477,121.753,165,128.782,29.69,176.472,32.1674
169.52,167.482,121.753,165,128.755,30.2081,176.523,32.6895
168.85,167.139,122.041,165.291,127.438,28.5831,174.246,30.4308
169.445,167.55,121.735,165.039,128.878,29.3094,176.588,31.8204
169.452,167.646,121.591,165.059,128.969,28.5659,176.83,31.1529
168.483,167.515,121.616,165.022,128.824,29.5119,175.691,32.0049
168.365,167.473,120.805,165.003,127.846,29.4725,175.406,31.9431
168.373,167.513,120.668,164.969,127.907,29.2484,175.611,31.7926
168.373,167.513,120.668,164.969,127.907,29.2484,175.611,31.7926
167.875,167.702,120.449,164.582,129.375,28.9062,176.801,32.0264
166.402,167.701,120.389,164.207,130.729,28.068,176.742,31.5627
168.373,166.318,123.805,164.003,130.818,29.0036,175.386,31.3188
168.883,165.276,124.973,163.024,131.835,29.2223,175.745,31.4741
168.479,165.272,124.909,163.008,131.867,29.0581,175.438,31.3215
169.068,165.523,124.815,162.723,133.278,29.0049,177.531,31.8058
168.839,166.679,124.622,163.565,134.102,28.9509,178.319,32.0648
168.618,166.971,124.265,163.559,134.618,28.9706,178.971,32.3823
170.051,165.665,124.777,162.879,133.079,27.9587,178.354,30.7448
170.522,164.196,126.151,162.117,132.418,28.4102,176.79,30.4901
168.458,165.928,124.576,162.321,135.53,29.0572,179.411,32.6639
170.073,165.02,125.753,161.713,135.656,29.0042,179.977,32.3117
168.153,166.012,124.565,162.659,134.865,28.7588,178.453,32.1118
166.248,167.146,123.322,163.184,135.737,28.6834,178.663,32.6459
163.677,168.424,119.659,162.555,137.799,26.5066,181.817,32.3755
162.867,168.189,118.811,162.758,134.169,38.1852,178.225,43.6168
160.654,167.618,118.805,162.313,133.344,47.6211,175.193,52.9258
160.43,165.347,117.488,161.383,128.299,44.2584,171.241,48.2223
150.905,166.511,106.535,158.271,127.468,45.5583,171.837,53.7984
148.747,166.596,101.615,157.843,122.981,42.7964,170.112,51.5494
143.23,165.757,95.7679,156.409,118.085,43.1076,165.546,52.4561
135.59,163.216,89.9183,153.528,114.326,38.4631,159.998,48.1511
130.55,163.898,83.9382,151.707,115.001,32.9386,161.612,45.1294
124.038,162.868,76.7547,149.359,111.547,27.5849,158.83,41.0944
121.2,159.4,71.4,142.8,110,27,159.8,43.6
129.157,153.821,70.9913,146.066,86.0306,33.2708,144.197,41.0262
131.835,151.346,69.4763,145.019,80.036,40.9312,142.394,47.2574
67,144,67,47,137,47,137,144
142.352,144.936,65.4184,139.919,71.7529,42.7883,148.687,47.8057
69.1286,152.878,52.5518,58.1534,135.026,43.7204,151.603,138.445
68.8475,156.325,48.2495,65.1049,137.904,44.8604,158.502,136.08
61.3959,144.543,54.7766,51.8731,158.249,44.4822,164.868,137.152
58.6737,143.943,54.7083,50.0968,162.474,45.5434,166.439,139.39
168.73,146.457,55.0863,137.117,63.1967,38.4408,176.84,47.7814
170.076,147.967,50.5374,132.598,63.2632,33.6196,182.801,48.9888
169.665,147.014,53,130,67.5058,30.5321,184.17,47.5457
163.442,145.669,48.192,124.372,66.5225,25.1726,181.772,46.4688
162.104,147.085,43.7747,125.219,62.1576,25.7356,180.487,47.6008
47,144,47,41,172,41,172,144
42.7971,149.17,33.6313,53.5833,171.854,40.3291,181.019,135.916
165.831,142.202,28.2127,134.959,33.511,34.2901,171.13,41.5332
160.908,146.738,18.8769,128.985,31.8923,24.8615,173.923,42.6154
160.908,146.738,18.8769,128.985,31.8923,24.8615,173.923,42.6154
185.989,141.413,79.6379,138.577,82.8161,19.3951,189.167,22.2311
159.393,147.746,75.5592,129.69,100.69,13.0102,184.524,31.0667
153.307,152.657,87.708,128.803,127.708,18.8029,193.307,42.6569
149.632,155.415,80.4569,130.555,120.44,19.2986,189.615,44.1585
150.152,167.868,87.45,147.347,129.932,17.5414,192.634,38.0621
165.57,163.584,106.019,158.29,117.828,25.4292,177.38,30.7227
158.751,164.618,103.805,158.154,118.795,30.7406,173.741,37.2048
155.338,169.653,96.2721,150.859,132.467,37.1032,191.533,55.8968
92.6935,148.739,86.9649,76.5583,176.591,69.4452,182.32,141.625
92.8083,148.756,86.2337,77.5323,174.955,69.3426,181.529,140.566
173.499,152.81,103.382,121.378,141.237,36.9337,211.354,68.3654
167.745,155.099,107.88,128.62,150.052,33.2731,209.917,59.7519
166.223,159.898,108.445,138.498,147.058,34.2437,204.836,55.6429
122,157,122,32,175,32,175,157
137.296,162.687,86.3474,119.699,157.274,35.6378,208.223,78.6252
116.731,158.654,95.6923,53.4615,166.846,39.2308,187.885,144.423
109.341,157.073,97.3415,49.0732,172.415,40.7317,184.415,148.732
107,159,107,38,176,38,176,159
175.444,165.125,109.105,161.08,116.991,31.7434,183.33,35.7884
162.188,173.153,104.694,160.376,134.882,24.5294,192.376,37.3059
129.289,174.577,111.829,44.8692,169.835,37.0607,187.296,166.768
124.267,170.721,116.977,41.9258,178.44,38.4468,185.731,167.242
171.198,180.727,112.935,167.485,144.34,29.3045,202.603,42.5462
180.214,156.742,117.112,142.18,143.859,26.2753,206.961,40.8371
179.04,155.571,117.096,138.227,149.874,21.1647,211.818,38.5089
183.313,154.189,116.54,135.27,146.318,30.1733,213.09,49.0923
180.871,155.912,115.008,137.336,144.417,33.0664,210.28,51.6431
180.729,155.718,115.612,141.247,139.094,35.5765,204.212,50.0471
122,155,122,45,186,45,186,155
177.444,170.41,110.472,154.955,135.416,46.8652,202.388,62.3202
183.103,167.649,115.281,159.428,128.176,53.0516,195.997,61.2724
177.481,175.105,112.337,163.162,131.833,56.8194,196.977,68.7624
175.696,178.737,111.391,163.271,135.974,61.057,200.279,76.5229
172.818,184.752,108.627,167.015,137.7,61.7988,201.891,79.5358
159.495,186.102,101.785,159.651,149.036,56.5581,206.746,83.0086
137.222,188.202,87.3829,155.954,155.234,51.0927,205.073,83.3415
132.858,182.601,85.5922,152.06,152.923,47.8577,200.189,78.3987
109.448,159.72,78.7045,115.468,186.257,40.7481,217,85
80.272,113.908,78.97,71.2681,246.814,66.1431,248.115,108.783
249.37,112.003,80.7555,96.828,84.2882,57.5759,252.902,72.7512
196.568,120.309,69.2886,75.2713,83.8414,34.1439,211.12,79.1811
197.84,132.625,104.402,75.5236,128.355,36.3281,221.793,93.4292
200.3,132.9,112.149,75.861,138.683,34.8537,226.834,91.8927
192.587,140.278,110.222,68.428,144.266,29.4023,226.631,101.253
182.262,145.115,114.557,63.8688,157.148,28.377,224.852,109.623
179.986,147.315,116.743,66.5053,165.413,28.4162,228.655,109.226
167.475,153.493,119.838,65.5463,179.822,33.055,227.459,121.001
180.311,161.245,120.71,136.704,157.036,48.4852,216.636,73.0266
179.981,161.888,122.383,136.068,157.844,56.9644,215.442,82.7842
143.599,153.172,115.752,109.157,189.937,62.2234,217.784,106.239
239.398,146.295,127.233,133.549,132.363,88.4049,244.528,101.151
232.66,160.38,125.971,126.552,140.616,80.366,247.304,114.194
218.869,179.126,125.902,114.453,155.782,71.5006,248.749,136.173
199.137,181.169,130.245,107.579,173.537,67.0506,242.429,140.641
190.413,183.046,135.161,106.746,184.678,70.8885,239.93,147.189
201.189,181.667,138.997,172.017,153.123,80.9846,215.315,90.6351
189.261,178.047,129.123,159.383,156.533,71.0618,216.671,89.7256
178.465,180.914,122.465,156.914,160.897,67.2414,216.897,91.2414
164.123,183.131,113.782,164.433,153.854,56.5459,204.195,75.2439
149.2,176.6,96.8,150.4,147.8,48.4,200.2,74.6
136.812,170.919,84.9955,137.757,144.709,44.454,196.525,77.6164
108.651,147.818,71.4666,102.286,152.893,35.7874,190.078,81.3198
78.2046,105.455,76.1936,51.8302,197.024,47.2991,199.035,100.924
200.409,104.987,83.1315,87.6121,91.0886,33.902,208.367,51.2765
113,103,113,45,210,45,210,103
190.339,132.127,109.955,59.0498,142.308,23.4615,222.692,96.5385
200.907,133.697,109.425,65.5719,134.518,31.8754,226,100
201.628,134.93,113.273,71.4635,138.592,36.2143,226.948,99.6807
186.788,136.895,117.809,72.9317,152.02,36.037,221,100
185.952,138.473,120.48,75.4249,157.527,36.9523,223,100
180.875,138.524,125.933,76.0416,167.666,39.3455,222.607,101.828
147.328,120.023,131.283,48.9683,189.017,35.9317,205.061,106.986
178.192,121.837,134.664,95.5176,174.76,29.204,218.288,55.5232
147.071,107.196,137.563,51.2062,206.097,39.5685,215.604,95.5578
143,99,143,46,214,46,214,99
142.887,110.604,131.264,69.9245,215.396,45.8868,227.019,86.566
136.162,99.911,132.78,65.241,229.856,55.7702,233.238,90.4402
230.365,111.859,134.541,90.5647,141.294,60.1765,237.118,81.4706
215.918,114.219,137.342,84.7534,148.685,54.5069,227.26,83.9726
201.5,131.5,145.5,75.5,169.5,51.5,225.5,107.5
172.198,144.71,155.395,70.4954,191.452,62.3315,208.256,136.546
167.371,149.016,157.163,66.0723,195.323,61.3756,205.532,144.319
198.319,148.705,160.068,147.233,163.115,68.0044,201.366,69.4756
159,145,159,70,200,70,200,145
160,143,160,70,199,70,199,143
159,142,159,69,198,69,198,142
192.64,140.52,154.42,135.06,164.34,65.62,202.56,71.08
193.028,139.183,153.094,134.063,161.833,65.9017,201.766,71.0214
187.782,139.519,149.331,129.702,166.304,63.2265,204.755,73.0438
171,136,153,70,196.408,58.1615,214.408,124.161
158.092,134.738,150,70,198.492,63.9385,206.585,128.677
153.019,132.289,148.82,67.2052,199.48,63.9368,203.679,129.021
166.764,131.844,149.803,65.3051,197.434,53.1639,214.395,119.703
162.156,133.02,154.571,67.2803,203.458,61.6394,211.044,127.38
164.946,129.676,154.351,66.1081,202.351,58.1081,212.946,121.676
165.703,129.216,155.162,65.973,202.351,58.1081,212.892,121.351
165.277,128.458,160.024,62.7981,203.824,59.2941,209.076,124.954
203.356,130.911,164.578,128.815,168.671,53.0903,207.449,55.1865
202.657,128.99,165.716,127.935,167.798,55.0799,204.739,56.1354
200.908,131.281,162.686,127.582,169.722,54.8763,207.944,58.5753
189.704,139.062,156.912,123.759,190.993,50.7299,223.785,66.0329
188.808,138.49,155.326,125.388,184.067,51.9394,217.549,65.041
188.076,138.184,153.702,123.985,183.855,50.9834,218.229,65.1817
186.448,139.379,150.931,125.172,180.862,50.3448,216.379,64.5517
183.872,139.057,148.71,125.591,178.442,47.9566,213.604,61.4228
183.624,138.956,147.398,126.356,173.206,52.1585,209.432,64.7589
181.055,138.521,147.082,125.781,174.329,53.1233,208.301,65.863
180.241,138.897,145.069,124.828,171,60,206.172,74.069
180.234,139.499,144.947,124.6,172.157,60.1551,207.444,75.0541
184.094,134.17,146.717,123.491,165.509,57.717,202.887,68.3962
179.979,135.166,146.497,122.064,171.18,58.9836,204.662,72.0853
184.346,132.537,150.75,121.979,170.682,58.5572,204.278,69.1159
188.217,130.387,153.812,120.664,172.541,54.3921,206.946,64.1151
198.193,126.767,156.863,120.981,165.711,57.7795,207.041,63.5657
202.107,124.828,159.369,120.943,165.098,57.918,207.836,61.8033
204.988,128.11,165.037,123.671,172.805,53.7561,212.756,58.1951
191.951,131.692,158.775,121.172,183.945,41.7876,217.122,52.307
190.716,132.116,158.816,120.908,186.743,41.4233,218.643,52.6313
193.377,131.069,160.532,120.32,186.196,41.9006,219.042,52.6501
201.305,131.801,169.252,125.053,186.122,44.9204,218.175,51.6684
198.87,131.009,168.669,123.298,188.772,44.5589,218.974,52.2699
202.749,130.807,171.139,123.999,187.697,47.1194,219.308,53.9279
206.805,134.281,176.095,129.24,189.252,49.1011,219.962,54.143
207.704,133.879,177.793,129.956,187.94,52.5823,217.852,56.5051
188,135,188,58,218,58,218,135
196.581,132.014,185.53,62.0216,217.522,56.9703,228.573,126.962
184,131,184,54,216,54,216,131
211.359,128.335,180.235,125.941,186.012,50.847,217.135,53.2412
211.359,128.335,180.235,125.941,185.947,51.6882,217.071,54.0823
211.058,137.07,179.323,133.999,187.342,51.1299,219.077,54.201
215.796,138.228,185.88,137.767,187.206,51.5878,217.122,52.048
191,138,191,50,218,50,218,138
193,138,193,50,218,50,218,138
193,138,193,51,218,51,218,138
195,136,195,53,218,53,218,136
197,138,197,54,217,54,217,138
216.745,139.086,198.197,138.809,199.452,54.7232,218,55
216.666,140.183,198.502,139.685,200.862,53.5305,219.027,54.0281
216.666,140.183,198.502,139.685,200.862,53.5305,219.027,54.0281
216.666,140.183,198.502,139.685,200.862,53.5305,219.027,54.0281
199,138,199,55,218,55,218,138
217.745,139.086,198.54,138.799,199.795,54.7134,219,55
217.755,140.18,198.729,139.673,201,54.4933,220.027,55.0007
200,138,200,57,218,57,218,138
200,138,200,58,218,58,218,138
200,138,200,58,218,58,218,138
216.731,137.141,198.398,136.449,201.307,59.3701,219.639,60.0619
217.887,137.109,200.171,136.781,201.616,58.7336,219.332,59.0617
201,138,201,60,218,60,218,138
202,136,202,61,218,61,218,136
216.816,137.055,200.68,136.566,203.013,59.5761,219.15,60.0651
216.774,136.12,200.489,135.603,202.873,60.488,219.159,61.005
216.77,136.122,200.465,135.596,202.888,60.4803,219.193,61.0062
216.77,136.122,200.465,135.596,202.888,60.4803,219.193,61.0062
215.172,136.173,198.585,135.268,202.685,60.1101,219.272,61.0148
213.47,136.347,196.317,135.258,200.973,61.9189,218.126,63.008
213.954,137.38,196.049,136.237,200.73,62.8976,218.636,64.0406
213.291,137.399,193.91,135.937,198.972,68.8659,218.353,70.3285
212.664,136.231,194.185,135.477,196.867,69.7497,215.347,70.504
195,137,195,70,213,70,213,137
192,135,192,70,212,70,212,135
192,134,192,69,212,69,212,134
192.143,134.417,190.425,69.1467,210.832,68.6097,212.549,133.88
191,136,191,69,211,69,211,136
191,133,191,69,210,69,210,133
191,133,191,69,210,69,210,133
191,133,191,69,210,69,210,133
206.811,132.059,184.259,131.589,185.547,69.7614,208.099,70.2312
184,132,184,70,207,70,207,132
185,135,185,70,207,70,207,135
206.872,135.122,185.086,134.577,186.683,70.6921,208.469,71.2367
187,137,187,70,208,70,208,137
187,135,187,71,208,71,208,135
188,136,188,71,208,71,208,136
188,135,188,71,208,71,208,135
188,136,188,73,209,73,209,136
188,139,188,74,208,74,208,139
188,139,188,74,208,74,208,139
188,139,188,74,208,74,208,139
188,139,188,74,208,74,208,139
188,139,188,74,208,74,208,139
189,138,189,74,209,74,209,138
189,138,189,74,209,74,209,138
207.841,138.389,187,137,191.234,73.4823,212.075,74.8717
189,138,189,75,210,75,210,138
190,136,190,75,210,75,210,136
208.738,136.237,187.741,135.187,190.773,74.5387,211.771,75.5885
190,136,190,75,210,75,210,136
190,136,190,74,211,74,211,136
190,138,190,74,212,74,212,138
191,137,191,74,212,74,212,137
192,136,192,72,213,72,213,136
192,140,192,72,213,72,213,140
192,137,192,72,213,72,213,137
192,135,192,72,213,72,213,135
192,135,192,72,213,72,213,135
192,135,192,72,214,72,214,135
192,133,192,73,214,73,214,133
192,133,192,72,214,72,214,133
192,130,192,71,214,71,214,130
192,129,192,71,214,71,214,129
192,130,192,71,214,71,214,130
211.656,130.787,189.566,128.779,194.844,70.7131,216.934,72.7213
192,132,192,71,213,71,213,132
193,135,193,71,213,71,213,135
197.728,136.504,186.496,74.728,206.824,71.032,218.056,132.808
193,135,193,69,213,69,213,135
198.577,137.885,185.5,72.5,205.692,68.4615,218.769,133.846
195.218,139.056,190.213,68.9848,210.396,67.5432,215.401,137.614
199.026,140.251,185.151,72.6101,205.672,68.4006,219.547,136.042
198.331,140.274,185.629,69.5025,206.073,65.8331,218.775,136.605
198.498,138.826,183.264,66.0378,203.293,61.8456,218.528,134.634
200.076,140.295,181.593,68.4188,203.167,62.8714,221.649,134.747
198.717,138.901,180.352,67.4809,202.864,61.6922,221.229,133.113
197.529,139.118,180.412,70.6471,203.471,64.8824,220.588,133.353
194.231,137.154,180.577,68.8846,204.231,64.1539,217.885,132.423
195.765,139.059,177.765,67.0588,201.529,61.1177,219.529,133.118
196.494,140.046,173.762,74.6914,199.361,65.7875,222.093,131.142
192.926,139.866,175.701,75.8883,203.171,68.4924,220.396,132.47
188.308,139.538,175.462,75.3077,205.846,69.2308,218.692,133.462
180.189,142.135,169.081,75.4865,202.973,69.8378,214.081,136.486
177.824,145.294,161.176,78.7059,197.882,69.5294,214.529,136.118
176.547,146.415,157.641,80.2453,195.679,69.3773,214.585,135.547
175.167,149.679,153.544,81.486,195.165,68.2892,216.787,136.482
183.8,152.6,149.6,84.2,186.4,65.8,220.6,134.2
181.6,152.2,147.6,84.2,184.4,65.8,218.4,133.8
186.383,152.664,147.343,84.9945,181.221,65.4495,220.261,133.119
184.706,148.176,144.912,81.853,177.412,62.353,217.206,128.676
181.751,145.799,140.834,81.8661,173.865,60.7264,214.782,124.66
175.307,142.599,139.691,73.2399,170.018,57.6665,205.635,127.025
166.912,140.112,148.461,70.4074,180.729,61.8658,199.18,131.57
168.319,142.286,146.33,70.8216,174.297,62.2162,196.286,133.681
169.849,141.932,144,73,170.301,63.137,196.151,132.068
172.984,144.846,138.612,83.2631,165.37,68.3287,199.741,129.912
169.415,148.728,134.805,84.2268,166.109,67.4296,200.719,131.931
169.778,148.812,134.581,84.539,165.554,67.5774,200.751,131.85
144,124,144,66,193,66,193,124
144.27,128.622,134.486,69.9189,181.514,62.0811,191.297,120.784
149.714,133.159,131.04,70.1362,168.255,59.1097,186.928,122.132
152.42,135.784,136.197,66.8361,169.305,59.0459,185.528,127.993
143,133,143,64,175,64,175,133
153.652,135.923,141.328,71.2232,171.243,65.5252,183.567,130.225
146.471,133.003,138.887,68.5427,169.87,64.8976,177.454,129.358
149.96,136.063,136.154,72.2101,167.215,65.4941,181.021,129.347
158.23,140.064,136.809,74.2714,165.742,64.8513,187.163,130.645
159.588,134.353,144.176,72.7059,174.294,65.1765,189.706,126.824
164.023,136.666,141.473,72.0212,168.301,62.6625,190.852,127.308
171.306,134.717,139.082,68.8043,162.811,57.2037,195.035,123.116
165.57,135.538,145.283,66.5637,169.43,59.4618,189.717,128.436
168.366,134.175,147.173,66.0572,170.109,58.9216,191.301,127.04
171.207,131.198,151.565,64.9067,174.717,58.0467,194.359,124.338
175.173,129.562,154.654,62.8757,176.438,56.173,196.957,122.859
177.8,128.4,156.7,65.1,178.9,57.7,200,121
173.856,126.419,164.939,59.5415,186.882,56.6157,195.799,123.493
177.345,125.91,167.432,60.2367,189.514,56.9036,199.427,122.577
176.968,124.439,170.376,60.1666,193.796,57.7645,200.388,122.037
176.365,121.957,172.756,63.0149,197.256,61.5149,200.865,120.457
198.358,121.624,174.332,120.022,178.08,63.8053,202.106,65.4071
198.619,123.699,174.803,121.768,179.361,65.5428,203.178,67.4739
197.514,122.708,173.145,118.334,182.566,65.8452,206.935,70.2191
197.308,122.505,172.845,117.468,182.72,69.5013,207.183,74.5378
196.865,124.772,172.761,118.551,184.679,72.3688,208.783,78.5893
195.247,128.832,171.863,120.171,188.473,75.3233,211.858,83.9843
201.236,127.835,174.47,120.928,185.116,79.6751,211.882,86.5824
203.509,129.717,175.509,121.717,186.943,81.6981,214.943,89.6981
184.412,125.599,181.63,81.0856,208.65,79.3969,211.432,123.91
201.237,132.953,171.855,94.9301,194.054,77.7762,223.436,115.799
205.718,135.425,171.794,99.6161,194.206,78.3839,228.13,114.193
211.071,129.111,172.264,112.036,186.788,79.0268,225.595,96.1019
216.017,125.938,173.817,114.685,182.846,80.8257,225.046,92.0789
217.514,123.762,178.42,112.978,188.577,76.1591,227.671,86.9436
187.841,121.274,181.628,79.8557,219.721,74.1418,225.934,115.56
204.961,128.972,179.637,111.097,210.566,67.2817,235.889,85.157
211.229,127.569,182.147,118.844,198.358,64.8073,227.44,73.5321
212.184,129.034,183.196,119.843,200.806,64.3044,229.794,73.4957
189,121,189,61,219,61,219,121
190,122,190,63,220,63,220,122
193,122,193,65,222,65,222,122
195,121,195,70,225,70,225,121
198.014,119.63,192.452,66.7945,222.696,63.611,228.258,116.447
215.645,119.054,178.19,91.456,197.242,65.5996,234.697,93.1975
209.794,120.452,175.815,105.007,192.185,68.9931,226.164,84.4384
191.942,119.745,170.076,98.9724,204.681,62.5466,226.547,83.3193
206.588,123.647,181.412,117.353,195.588,60.6471,220.765,66.9412
211.396,122.04,188.426,119.743,194.703,56.9703,217.673,59.2673
207.814,121.109,186.008,115.37,202.355,53.2513,224.161,58.9896
212.584,117.158,192.287,115.129,198.861,49.3861,219.158,51.4158
204.003,111.685,193.197,48.6519,209.712,45.8208,220.518,108.854
203.939,109.508,195.692,43.5385,211.2,41.6,219.446,107.569
211.355,105.055,191.394,52.6594,207.778,46.4178,227.739,98.8139
213.921,97.6443,188.342,51.9683,202.715,43.9196,228.294,89.5956
201.169,82.0462,180.8,46.4,199.215,35.8769,219.585,71.5231
210.223,65.164,169.78,61.3124,171.56,42.6247,212.002,46.4764
174,63,171.74,47.18,207.3,42.1,209.56,57.92
155.973,65.8378,153.514,51.0811,198.27,43.6216,200.73,58.3784
156.266,60.2628,154.717,47.0922,207.399,40.8942,208.949,54.0648
174.602,71.9735,163.204,58.9469,194.496,31.5664,205.894,44.5929
188.515,69.2472,171.057,57.3019,187.981,32.566,205.44,44.5113
192.665,71.5892,173.2,65.6,182.887,34.1189,202.351,40.1081
177.441,65.7353,164.382,43.9706,186.735,30.5588,199.794,52.3235
188.904,70.4536,171.517,66.7931,179.517,28.7931,196.904,32.4536
187.135,71.1892,170.432,68.4054,176.649,31.1081,193.351,33.8919
172,70,172,33,191,33,191,70
175.685,74.3457,168.158,34.8271,186.309,31.3698,193.836,70.8884
173.435,69.2539,165.08,37.5052,186,32,194.355,63.7487
175.178,74.1918,159.616,68.3562,173.959,30.1096,189.521,35.9452
175.178,74.1918,159.616,68.3562,173.959,30.1096,189.521,35.9452
187.836,79.4384,157.699,68.137,164.603,49.726,194.74,61.0274
167.172,82.069,157.707,59.9828,183.172,49.069,192.638,71.1552
166.7,84.1,159.2,61.6,185.3,52.9,192.8,75.4
177.726,93.2924,160.491,83.717,176.623,54.6792,193.859,64.2547
184.549,93.959,169.492,92.5902,173.172,52.1066,188.23,53.4754
176.588,110.353,165.894,107.977,177.659,55.0353,188.353,57.4118
172,124,172,76,185,76,185,124
173,126,173,79,187,79,187,126
173,126,173,81,187,81,187,126
179.262,127.601,168.726,76.6773,181.92,73.9476,192.456,124.871
180.876,120.858,168.557,73.6372,182.357,70.0372,194.676,117.258
181.872,119.559,172.184,75.2721,188.289,71.7493,197.977,116.036
186.956,114.43,171.268,73.0707,186.703,67.2162,202.391,108.576
179.231,96.1538,159.108,60.9385,175.262,51.7077,195.385,86.9231
162.167,91.0174,152.839,73.295,186.059,55.8113,195.386,73.5336
154.085,89.7683,151.585,67.2683,181.768,63.9146,184.268,86.4146
162.392,95.1486,150.095,77.9324,177.432,58.4054,189.73,75.6216
159.371,93.3933,149.146,77.0337,178.449,58.7191,188.674,75.0787
159,91,159,58,178,58,178,91
176.428,99.0807,161.497,97.7824,164.994,57.5647,179.925,58.863
182.2,94.4,161.154,91.7692,164.8,62.6,185.846,65.2308
159,97,159,61,175,61,175,97
165.517,96.2069,153.31,67.7241,169,61,181.207,89.4828
168.981,100.434,148.451,70.4283,158.811,63.3396,179.342,93.3453
153.4,96.8,141.6,73.2,156.8,65.6,168.6,89.2
137.466,102.228,128.798,87.3679,151.803,73.9482,160.471,88.8083
137.476,103.281,128.783,89.8463,151.837,74.9293,160.529,88.3634
149.301,116.24,133.188,114.092,137.048,85.1397,153.162,87.2882
136,115,136,86,153,86,153,115
136.447,114.812,134.547,90.1118,152.594,88.7235,154.494,113.424
151.703,114.784,135.973,112.162,140.757,83.4595,156.486,86.0811
153.047,112.058,138.315,110.507,141.68,78.5452,156.411,80.0959
142,112,142,77,156,77,156,112
143,111,143,77,156,77,156,111
144,110,144,77,157,77,157,110
146.76,111.32,141.82,76.74,153.16,75.12,158.1,109.7
148.604,111.023,142.938,75.61,154.014,73.8378,159.68,109.251
149,110,149,75,161,75,161,110
150,110,150,73,162,73,162,110
152,112,152,72,164,72,164,112
154.464,114.552,147.264,74.952,159.496,72.728,166.696,112.328
152,113,152,79,167,79,167,113
152,113,152,79,167,79,167,113
152,113,152,79,167,79,167,113
156.412,117.647,146.353,77.4118,160.471,73.8823,170.529,114.118
156.679,118.377,145.66,79.8113,160.453,75.5849,171.472,114.151
156.679,118.377,145.66,79.8113,160.453,75.5849,171.472,114.151
156.679,118.377,145.66,79.8113,160.453,75.5849,171.472,114.151
158.045,118.653,146.424,79.43,160.213,75.3443,171.835,114.567
158.14,119.332,146.663,75.7202,160.249,72.1451,171.725,115.757
155.573,119.159,150.634,74.7073,165.781,73.0244,170.719,117.476
158.927,119.422,146.376,77.5872,159.22,73.734,171.771,115.569
158.107,119.129,147.725,74.1404,160.944,71.0899,171.326,116.079
156.96,120.237,149.688,72.9711,164.266,70.7283,171.538,117.994
155.584,119.284,149.529,74.8824,165.193,72.7464,171.247,117.148
155.757,120.54,147.595,71.5676,163.649,68.8919,171.811,117.865
152.936,119.205,149.057,70.7154,167.141,69.2687,171.021,117.758
152.424,118.786,149.405,70.4747,167.833,69.323,170.852,117.634
159.963,119.453,143.837,74.6586,162.18,68.0552,178.306,112.85
160.342,118.247,144.027,74.7397,162.11,67.9589,178.425,111.466
155.754,118.793,151.582,70.1216,169.592,68.5778,173.764,117.249
154,119,154,64,172,64,172,119
156.614,119.599,152.477,61.6802,169.462,60.467,173.599,118.386
169.759,118.199,153.92,117.733,155.565,61.7813,171.404,62.2472
169.535,118.363,153.972,117.498,157.021,62.6123,172.585,63.4769
169.919,118.177,155.133,117.798,156.569,61.8094,171.354,62.1886
170.886,118.336,154.608,117.542,157.333,61.6748,173.611,62.4688
156,119,156,63,173,63,173,119
172.596,118.535,155.033,117.969,156.814,62.7682,174.376,63.3347
154,117,154,70,174,70,174,117
171.829,117.171,150.383,115.478,153.869,71.3317,175.314,73.0248
146,118,146,76,173,76,173,118
148.742,119.727,147.271,72.679,172.778,71.8819,174.248,118.93
174.705,121.334,146.299,120.523,147.651,73.2186,176.056,74.0302
174.427,124.156,150.287,121.91,155.405,66.8981,179.545,69.1437
176.815,127.226,155.137,126.67,156.624,68.6826,178.302,69.2385
178.773,126.333,155.211,123.12,162.805,67.428,186.367,70.641
176.109,129.077,153.981,125.724,162.137,71.8995,184.265,75.2523
176.109,129.077,153.981,125.724,162.137,71.8995,184.265,75.2523
156,128,156,70,177,70,177,128
174.865,128.811,153.297,125.216,162.595,69.4324,184.162,73.027
156.459,129.645,153.645,70.5407,173.505,69.595,176.319,128.699
156.459,129.645,153.645,70.5407,173.505,69.595,176.319,128.699
157.514,133.555,154.711,70.5017,173.541,69.6649,176.343,132.718
173.462,134.455,154.841,132.904,159.793,73.4828,178.414,75.0345
173.462,134.455,154.841,132.904,159.793,73.4828,178.414,75.0345
158,134,158,72,175,72,175,134
159,135,159,70,174,70,174,135
162.73,134.574,157.677,70.5781,171.172,69.5127,176.224,133.509
161.145,134.738,156.731,81.7724,170.717,80.6069,175.131,133.572
161.159,133.904,156.814,81.7655,170.635,80.6138,174.979,132.752
163.143,136.062,155.357,78.4383,168.017,76.7274,175.804,134.351
160.335,134.914,155.952,83.7755,169.793,82.5891,174.177,133.728
162.641,135.755,152.849,83.5283,166.494,80.9698,176.287,133.196
145,114,145,83,166,83,166,114
165.2,116.4,142.7,108.9,152.2,80.4,174.7,87.9
166.23,117.044,142.748,112.571,148.455,82.6105,171.936,87.0832
166.23,117.044,142.748,112.571,148.455,82.6105,171.936,87.0832
166.23,117.044,142.748,112.571,148.455,82.6105,171.936,87.0832
166.23,117.044,142.748,112.571,148.455,82.6105,171.936,87.0832
145.836,137.883,133.086,132.85,151.824,85.3781,164.575,90.411
145.836,137.883,133.086,132.85,151.824,85.3781,164.575,90.411
143.8,137.4,129.4,130.2,152.6,83.8,167,91
142.916,137.603,127.295,129.333,152.13,82.4216,167.751,90.6919
138,134,138,85,159,85,159,134
147.212,136.027,125.303,127.507,143.488,80.7453,165.397,89.2654
138.093,133.394,134.491,79.3673,159.248,77.7168,162.85,131.743
136,133,136,78,162,78,162,133
143.318,134.024,130.727,76.466,157.478,70.6142,170.069,128.172
141.144,133.467,133.418,76.2948,160.943,72.5753,168.669,129.747
141.353,132.588,133.71,76.5396,161.913,72.6937,169.556,128.742
138,131,138,73,166,73,166,131
143,131,143,77,171,77,171,131
144.178,133.212,141.059,77.0523,169.36,75.48,172.48,131.64
170.135,134.405,142.756,132.495,147.045,71.0264,174.423,72.9365
168.64,136.52,139.52,132.36,147.82,74.26,176.94,78.42
143.198,134.98,137.287,75.8713,165.307,73.0693,171.218,132.178
167.692,138.462,139.508,134.939,147.277,72.7846,175.462,76.3077
142.255,137.619,134.208,75.9294,162.124,72.2881,170.171,133.978
161.067,140.675,136.749,137.558,145.928,65.9651,170.246,69.0828
163.911,140.891,138.663,138.366,145.069,74.3069,170.317,76.8317
141.114,139.43,139.11,79.2963,165.014,78.4328,167.019,138.566
140,139,140,79,166,79,166,139
141.502,140.394,134.396,81.7701,160.378,78.6208,167.484,137.244
140,139,140,79,166,79,166,139
140,139,140,79,166,79,166,139
140,139,140,79,166,79,166,139
139,141,139,77,161,77,161,141
139,141,139,78,161,78,161,141
139,141,139,78,161,78,161,141
140,139,140,74,161,74,161,139
141,140,141,73,161,73,161,140
141,140,141,69,161,69,161,140
143,139,143,69,163,69,163,139
143,139,143,69,163,69,163,139
144,143,144,69,163,69,163,143
144,143,144,69,163,69,163,143
144,143,144,69,163,69,163,143
145.827,139.278,143.705,69.2514,164.352,68.6257,166.474,138.652
145,139,145,67,164,67,164,139
145,139,145,69,165,69,165,139
144,139,144,66,165,66,165,139
144,139,144,69,165,69,165,139
144,138,144,69,165,69,165,138
144,139,144,72,165,72,165,139
144,140,144,72,165,72,165,140
144,140,144,74,164,74,164,140
144,139,144,74,164,74,164,139
144,139,144,74,164,74,164,139
144,139,144,74,164,74,164,139
144.336,139.417,142.13,77.6382,162.354,76.9159,164.561,138.694
144.336,139.417,142.13,77.6382,162.354,76.9159,164.561,138.694
143.475,140.23,138.074,80.8115,160.975,78.7295,166.377,138.148
141.741,140.53,139.302,79.5479,161.426,78.6629,163.866,139.645
141.674,140.513,139.328,79.5258,161.487,78.6736,163.833,139.66
141.674,140.513,139.328,79.5258,161.487,78.6736,163.833,139.66
141.674,140.513,139.328,79.5258,161.487,78.6736,163.833,139.66
141.674,140.513,139.328,79.5258,161.487,78.6736,163.833,139.66
