1
540.154,258.769,537.346,244.731,577.346,236.731,580.154,250.769
548.1,263.3,544.4,252.2,589.7,237.1,593.4,248.2
553.494,268.927,546.592,257.712,584.644,234.296,591.545,245.511
552.823,274.706,545.853,263.088,583.206,240.676,590.176,252.294
556.461,279.692,547.846,266.769,579.692,245.538,588.308,258.461
557.517,285.793,552.138,272.345,584.379,259.448,589.759,272.897
554.08,286.56,552.06,272.42,586.64,267.48,588.66,281.62
555.588,291.353,552.353,278.412,587.882,269.53,591.118,282.471
556.039,293.192,553.539,280.692,588.731,273.654,591.231,286.154
560.822,295.326,558.577,282.604,591.893,276.725,594.138,289.446
561.143,300.831,558,287,591.627,279.358,594.77,293.189
562.114,302.329,560,287,589.981,282.865,592.096,298.194
574.129,309.044,565.222,297.354,591.766,277.13,600.673,288.821
582.073,312.659,570.366,303.293,590.464,278.171,602.171,287.537
580.695,317.051,571.859,307.662,595.659,285.262,604.495,294.651
571,316,571,305,607,305,607,316
593.748,319.31,555.848,317.794,556.254,307.65,594.153,309.166
570.282,325.271,567.553,312.988,599.106,305.976,601.835,318.259
592.52,326.447,561.488,325.339,562.001,310.964,593.033,312.073
559.849,331.743,558.938,318.071,591.991,315.867,592.903,329.54
552.369,344.242,550.715,333.079,590.581,327.173,592.235,338.336
568,344,568,334,608,334,608,344
567,347,567,335,598,335,598,347
567.654,354.269,564.808,340.039,590,335,592.846,349.231
574.601,358.78,568.501,345.224,593.158,334.129,599.258,347.684
591.061,367.147,565.264,365.305,566.31,350.665,592.107,352.508
559,367,559,355,590,355,590,367
589.543,368.597,556.523,367.025,557.154,353.769,590.174,355.342
567,371,567,353,590,353,590,371
578.869,377.443,568.049,364.459,587.131,348.557,597.951,361.541
570,382,570,364,592,364,592,382
578.017,386.707,573.155,375.362,602.845,362.638,607.707,373.983
579.34,388.516,566.827,378.21,585.849,355.111,598.363,365.417
576.758,389.026,565.152,376.591,588.276,355.009,599.881,367.444
589.755,388.922,565.848,387.428,567.276,364.58,591.183,366.074
575.952,384.499,568.244,368.312,596.658,354.782,604.366,370.969
575.2,380.4,567.2,364.4,596.8,349.6,604.8,365.6
580.188,381.119,567.624,365.762,591.366,346.337,603.931,361.693
576.4,382.8,569.2,368.4,600.4,352.8,607.6,367.2
575.948,378.866,570.794,365.464,605.907,351.959,611.062,365.361
580.28,378.04,567.44,360.92,586.16,346.88,599,364
572.684,371.751,566.637,343.024,582.31,339.724,588.358,368.451
570,366,570,336,586,336,586,366
582.594,365.432,566.378,362.73,571.108,334.351,587.324,337.054
570.2,356.4,562.2,340.4,584.2,329.4,592.2,345.4
559.32,347.24,557.32,333.24,583.78,329.46,585.78,343.46
564.5,345.5,549.5,330.5,562.5,317.5,577.5,332.5
568.815,340.007,553.897,333.226,563.966,311.075,578.884,317.856
554,335,554,319,580,319,580,335
581.641,331.893,548.528,330.388,549.052,318.866,582.165,320.371
578.969,328.183,534,327,534.226,318.427,579.195,319.61
579.141,328.443,542.27,322.622,543.965,311.889,580.835,317.711
565.703,327.784,543,324,545.703,307.784,568.405,311.568
558.69,329.276,542.138,322.655,549.793,303.517,566.345,310.138
548.037,331.65,542.033,318.785,566.285,307.467,572.288,320.332
574.64,333.142,540.809,330.201,541.657,320.448,575.488,323.39
569.396,334.04,535.733,330.673,536.733,320.673,570.396,324.04
536,333,536,323,573,323,573,333
541,335,541,320,567,320,567,335
540,339,540,322,563,322,563,339
548.2,351.4,541.4,337.8,566.2,325.4,573,339
538.262,351.455,537.359,336.097,566.61,334.376,567.514,349.734
542,359,539.595,344.568,569.919,339.513,572.324,353.946
543.885,361.274,542.752,344.283,575.606,342.093,576.739,359.084
565,366,543.4,361.2,549.635,333.141,571.235,337.941
546,374,546,352,576,352,576,374
574.803,381.164,535.041,377.549,536.492,361.59,576.254,365.205
552.4,385.2,546.8,368.4,580.1,357.3,585.7,374.1
564.718,383.685,544.007,376.481,553.99,347.779,574.702,354.983
564.217,388.792,545.973,382.276,557.036,351.299,575.281,357.814
553.394,390.982,546.954,369.514,571.083,362.275,577.523,383.743
550,384,550,366,578,366,578,384
558,384,548,374,574,348,584,358
564.2,378.6,550.2,371.6,563.4,345.2,577.4,352.2
566,381,549.2,372.6,560.2,350.6,577,359
566,381,549.2,372.6,560.2,350.6,577,359
543.817,370.756,542.611,359.304,577.748,355.605,578.953,367.057
544.502,363.774,543.888,354.265,583.915,351.683,584.529,361.192
547,361,547,348,576,348,576,361
548,361,548,346,575,346,575,361
558.325,365.644,553.196,352.309,580.201,341.923,585.33,355.258
571.077,367.615,562.923,355.385,583.231,341.846,591.385,354.077
560.688,363.653,559.552,352.667,594.864,349.014,596,360
560.688,363.653,559.552,352.667,594.864,349.014,596,360
564,359,564,346,594,346,594,359
570,363,570,350,599,350,599,363
593.454,373.014,570.555,360.684,578.454,346.014,601.353,358.344
596.185,371.323,571.308,364.538,576.038,347.192,600.915,353.977
568,372,568,358,601,358,601,372
568,372,568,358,601,358,601,372
579,379,579,362,607,362,607,379
588.724,392.31,580.103,370.759,598.724,363.31,607.345,384.862
597.007,395.295,586.53,380.329,610.557,363.51,621.034,378.477
602.4,399.8,593.2,381.4,616.4,369.8,625.6,388.2
616.046,399.235,586.441,391.011,590.925,374.868,620.53,383.092
604.02,408.103,594,395,619.537,375.472,629.557,388.574
615.08,412.56,599.4,400.8,615.84,378.88,631.52,390.64
619.154,417.607,599.701,407.369,610.742,386.391,630.195,396.629
627.346,414.269,595.423,407.885,598.654,391.731,630.577,398.115
614.906,416.932,606.586,401.219,634.568,386.405,642.886,402.119
619.61,417.256,607.441,406.022,631.518,379.939,643.687,391.172
618.833,414.395,610.487,402.919,643.605,378.832,651.951,390.308
601.887,415.604,597.66,400.811,634.509,390.283,638.736,405.076
605.853,412.844,600.844,396.147,638.734,384.78,643.743,401.477
613.917,408.311,603.077,389.587,636.307,370.349,647.147,389.073
623.461,407.308,608.461,397.308,634.308,358.538,649.308,368.538
629.446,401.969,609.631,390.646,626.185,361.677,646,373
605.7,399.1,600.4,383.2,642.4,369.2,647.7,385.1
620.84,398.12,608.72,381.96,637.52,360.36,649.64,376.52
615.32,382.24,612.6,363.2,650.96,357.72,653.68,376.76
633.436,381.895,616.696,373.126,635.74,336.769,652.48,345.537
623.809,379.495,615.045,365.472,652.169,342.27,660.933,356.292
612.321,376.623,606.887,357.604,643.076,347.264,648.51,366.283
614.524,370.72,612.061,348.549,648.939,344.451,651.402,366.622
629.248,370.311,608.65,356.923,627.636,327.714,648.234,341.102
636.035,358.341,616.977,354.106,627.635,306.141,646.694,310.376
634.567,355.474,614.247,346.443,630.371,310.165,650.691,319.196
621.954,351.169,609.954,330.169,639.677,313.185,651.677,334.185
618,344,608,324,638.8,308.6,648.8,328.6
634.2,339.6,613.4,329.2,626.8,302.4,647.6,312.8
634.249,323.884,610.728,320.266,615.272,290.734,638.792,294.353
611,314,611,289,639,289,639,314
620,321,607,308,634,281,647,294
618.071,321.077,604.466,306.425,629.129,283.523,642.734,298.175
620.5,312.5,607,299,631,275,644.5,288.5
615.443,299.49,598.859,275.799,622.953,258.933,639.537,282.624
612,300,612,262,634,262,634,300
616.462,299.308,609.654,265.269,631.385,260.923,638.192,294.962
625.137,294.629,607.898,288.278,622.939,247.451,640.178,253.802
616.5,299.5,603,286,630,259,643.5,272.5
616.5,286.5,601.5,271.5,625,248,640,263
605.334,288.543,594.943,263.866,620.962,252.911,631.353,277.588
623.475,286.519,599.333,283.227,604,249,628.142,252.292
618.049,283.505,596.96,281.396,601.505,235.951,622.594,238.059
612.724,286.31,592.569,277.672,610.414,236.035,630.569,244.672
605,293,583.5,271.5,608.5,246.5,630,268
609,287,588,266,613.5,240.5,634.5,261.5
621.891,278.481,575.899,270.432,580.229,245.69,626.221,253.739
616.4,281.2,593.2,269.6,612.6,230.8,635.8,242.4
608.353,283.588,593.919,267.71,632.443,232.688,646.878,248.566
596.1,284.3,588.7,262.1,634,247,641.4,269.2
590.652,300.384,576.508,281.774,616.265,251.559,630.409,270.169
587,280,587,255,636,255,636,280
578.534,278.673,577.594,259.87,636.496,256.925,637.436,275.728
597.742,284.33,590.809,266.304,642.005,246.613,648.938,264.639
598.34,284.38,595.34,263.38,644.34,256.38,647.34,277.38
606.867,287.149,602.022,268.309,652.083,255.436,656.928,274.276
603.986,292.456,598.095,274.195,640.519,260.51,646.41,278.771
595.158,291.584,593.307,273.069,638.456,268.555,640.307,287.069
595,293,595,276,637,276,637,293
592.848,305.902,588.255,284.771,622.049,277.424,626.643,298.556
624.367,309.774,590.348,297.624,597.385,277.923,631.403,290.072
619.677,314.206,591.588,297.353,604.912,275.147,633,292
594,317,594,296,632,296,632,317
591,324,591,305,634,305,634,324
590,340,590,322,636,322,636,340
594.307,348.217,593.386,332.565,642.745,329.662,643.666,345.314
645.872,353.169,598.507,350.383,599.635,331.214,647,334
608.353,363.412,603.412,343.647,645.059,333.235,650,353
623.4,369.8,615.2,353.4,660.4,330.8,668.6,347.2
607.622,381.73,604.297,361.784,649.541,354.243,652.865,374.189
606.004,381.147,605.474,363.104,657.899,361.562,658.43,379.605
620.963,389.124,617.5,369.5,668.386,360.52,671.849,380.144
614.594,395.568,611.649,377.892,670.189,368.135,673.135,385.811
625.92,407.029,618.708,387.197,669.693,368.657,676.905,388.489
628,400,628,370,666,370,666,400
652.749,410.543,633.281,395.307,663.394,356.83,682.862,372.066
650.769,414.154,636.923,393.385,675.231,367.846,689.077,388.615
649.16,418.956,630.464,398.182,660.796,370.884,679.492,391.658
657.4,418.2,627.8,403.4,642.4,374.2,672,389
637,419,637,381,667,381,667,419
650.429,421.197,635.596,397.094,671.639,374.914,686.472,399.017
643.9,424.276,636.604,401.777,683.875,386.446,691.171,408.944
624.193,425.685,622.837,403.313,671.718,400.35,673.074,422.723
649.514,424.009,625.224,408.463,646.781,374.78,671.071,390.326
645.461,421.069,627.82,404.356,656.673,373.901,674.314,390.613
637.7,419.1,630.4,397.2,669.7,384.1,677,406
654.577,418.115,621.115,411.423,625.962,387.192,659.423,393.885
624.878,417.032,619.749,397.37,658.014,387.388,663.143,407.05
624.154,401.769,622.566,373.191,651.754,371.569,653.342,400.148
632.5,404.5,618,390,647.5,360.5,662,375
633.294,405.733,615.544,391.681,642.25,357.948,660,372
612,396,612,371,648,371,648,396
608,391,608,367,643,367,643,391
617.931,379.957,612.436,356.603,643.649,349.259,649.144,372.613
626.8,377.4,608.8,368.4,625,336,643,345
621.944,373.91,608.531,362.83,634.043,331.948,647.455,343.028
610.86,368.31,608.382,347.249,640.932,343.42,643.409,364.481
596,361,596,342,631,342,631,361
606.923,349.615,603.961,334.808,649.923,325.615,652.885,340.423
623.326,349.409,600.834,341.471,611.117,312.335,633.609,320.274
612.5,345.5,600,333,625,308,637.5,320.5
609.266,343.018,599.788,332.186,631.717,304.248,641.195,315.08
604.584,339.816,598.052,327.253,633.726,308.703,640.258,321.266
596.882,331.529,593.471,317.882,631.588,308.353,635,322
600,326,596.988,312.447,635.741,303.835,638.753,317.388
633.437,319.135,595.498,317.028,596.265,303.237,634.203,305.345
607,316,607,297,635,297,635,316
617.948,320.485,606.938,310.209,628.687,286.907,639.696,297.183
614.5,323.5,602.5,311.5,621.5,292.5,633.5,304.5
601.757,320.541,599.703,308.216,634.081,302.487,636.135,314.811
591.2,324.4,588.108,313.061,627.877,302.215,630.969,313.554
596.203,319.655,595.471,306.474,631.859,304.452,632.591,317.634
598.57,319.459,595.833,306.456,630.406,299.178,633.143,312.18
602,317,602,299,628,299,628,317
604,322,604,306,631,306,631,322
590,325,590,313,626,313,626,325
591.623,338.485,585.598,325.888,619.178,309.828,625.203,322.425
596.979,337.454,590.835,323.629,622.01,309.773,628.155,323.598
599.8,339.6,593.2,326.4,626,310,632.6,323.2
604.306,344.024,592.871,330.682,617.659,309.435,629.094,322.776
614.4,344.2,594.8,334.4,606.8,310.4,626.4,320.2
606.615,349.923,598.154,337.231,630.231,315.846,638.692,328.538
593.6,359.2,587,346,622.2,328.4,628.8,341.6
619.384,357.503,594.438,349.827,601.53,326.778,626.476,334.454
605.13,369.318,590.729,352.518,610.741,335.365,625.141,352.165
596.588,364.353,592.412,347.647,623.235,339.941,627.412,356.647
636.787,364.985,604.523,362.68,605.807,344.701,638.071,347.005
607.402,375.155,598.784,355.763,621.701,345.577,630.32,364.969
605.505,382.158,600.291,365.771,631,356,636.214,372.386
632.072,383.597,601.665,372.738,607.367,356.774,637.774,367.634
635.36,385.52,606.232,380.224,608.808,366.056,637.936,371.352
608,388,608,377,640,377,640,388
613,393,613,380,643,380,643,393
623,401,623,385,649,385,649,401
628.05,409.339,623.321,396.1,650.118,386.529,654.846,399.769
627.471,412.882,624.059,399.235,651.353,392.412,654.765,406.059
618,413,618,401,653,401,653,413
622,417,622,402,651,402,651,417
622,417,622,402,651,402,651,417
632,423,632,404,656,404,656,423
641.268,425.585,635.703,410.478,659.522,401.703,665.088,416.81
650.366,422.293,635.732,410.585,648.61,394.488,663.244,406.195
651.685,416.507,640.178,412.192,648.89,388.959,660.397,393.274
651.685,416.507,640.178,412.192,648.89,388.959,660.397,393.274
650.18,414.112,637.685,406.303,648.472,389.045,660.966,396.854
628.919,409.513,627.243,399.46,655.946,394.676,657.622,404.73
633,400,633,389,659,389,659,400
643.934,403.751,633.566,397.749,647.579,373.546,657.946,379.548
633.6,398.2,627.8,386.6,653,374,658.8,385.6
629.517,399.427,624.067,390.708,651.124,373.798,656.573,382.517
622.82,390.888,620.494,380.809,649.635,374.084,651.961,384.163
626.406,388.432,621.2,378.6,644.035,366.511,649.24,376.343
653.682,374.986,625.649,373.711,626.099,363.823,654.132,365.097
626,380,618,372,635,355,643,363
625.623,380.106,617.553,373.188,634.918,352.929,642.988,359.847
621.641,372.865,615.506,363.224,637.377,349.306,643.512,358.947
624.112,368.18,617.483,357.573,639.056,344.09,645.685,354.697
622.28,365.04,614.48,354.64,637.2,337.6,645,348
629.664,353.384,618.271,344.989,634.986,322.305,646.379,330.7
633.224,344.745,623.384,339.068,639.749,310.702,649.589,316.379
632.5,340.5,624.5,332.5,647.5,309.5,655.5,317.5
620.069,341.884,613.765,332.079,638.581,316.126,644.885,325.931
623.5,342.5,612.5,331.5,631,313,642,324
623.274,323.397,617.849,308.931,642.726,299.603,648.151,314.069
625.104,323.759,618.552,307.379,641.483,298.207,648.034,314.586
629.5,324.5,619,314,635.5,297.5,646,308
629.823,312.294,625,293,641.706,288.823,646.529,308.118
625.411,313.665,620.351,304.108,648.562,289.173,653.622,298.73
638,319,621.5,302.5,633.5,290.5,650,307
631.89,312.124,620.159,301.697,636.379,283.448,648.11,293.876
624.636,306.133,621.722,287.197,642.312,284.029,645.226,302.965
623.966,306.414,617.621,290.552,639.345,281.862,645.69,297.724
623.966,306.414,617.621,290.552,639.345,281.862,645.69,297.724
623.539,306.308,616.308,295.461,640.539,279.308,647.769,290.154
623.539,306.308,616.308,295.461,640.539,279.308,647.769,290.154
615.448,314.497,606,304,627.492,284.657,636.939,295.155
638.566,305.386,612.831,303.872,613.717,288.807,639.452,290.321
607,307,607,294,635,294,635,307
608.183,316.646,606.598,302.378,633.707,299.366,635.293,313.634
637,323,610.647,316.412,614.294,301.823,640.647,308.412
635.154,326.231,606.5,320.5,609.461,305.692,638.115,311.423
611.347,334.254,608.538,315.994,633.786,312.11,636.595,330.37
629.742,335.277,605,328,610,311,634.742,318.277
628.871,346.893,604.331,341.23,608.747,322.095,633.286,327.758
619.6,355.2,611.6,339.2,633.6,328.2,641.6,344.2
612.9,360.7,606.5,341.5,626.3,334.9,632.7,354.1
612.177,363.706,607.235,343.941,625.824,339.294,630.765,359.059
629.216,367.444,603.606,364.748,605.299,348.663,630.909,351.359
610.607,381.052,608.537,365.528,635.852,361.886,637.921,377.41
610.861,387.467,609.361,370.967,636.951,368.459,638.451,384.959
645.562,397.701,608.943,390.072,611.497,377.812,648.117,385.441
591.83,400.223,590.362,389.218,633.856,383.419,635.323,394.424
609,401,609,386,640,386,640,401
610,408,610,390,638,390,638,408
615.882,417.53,612.059,402.235,645,394,648.823,409.294
639.64,420.325,606.612,410.273,611.214,395.152,644.242,405.204
614.514,421.218,613.424,403.786,647.728,401.642,648.817,419.074
637.815,422.385,615.989,414.746,625.624,387.218,647.45,394.858
642.315,427.697,619.663,413.539,632.416,393.135,655.068,407.292
620.252,426.279,619.383,411.507,661.59,409.024,662.459,423.797
620.879,424.621,619.845,408.591,663.855,405.751,664.889,421.781
655.308,427.462,635.483,420.465,647.188,387.302,667.012,394.298
655.799,428.859,640.899,418.43,663.356,386.349,678.255,396.779
619.067,437.478,615.164,425.417,666.098,408.939,670,421
643.039,435.192,639.615,418.077,678.269,410.346,681.692,427.461
690.548,427.679,650.51,425.324,651.324,411.49,691.362,413.845
658.5,436.5,646.5,424.5,666.5,404.5,678.5,416.5
655.7,435.1,649.8,417.4,678.3,407.9,684.2,425.6
648.673,440.537,643.097,428.987,679.816,411.261,685.391,422.811
660.055,434.184,655.872,420.239,691.56,409.532,695.743,423.477
650,423,650,410,692,410,692,423
665,424,665,408,699,408,699,424
681.572,431.731,669.904,421.359,695.338,392.745,707.007,403.117
681.572,431.731,669.904,421.359,695.338,392.745,707.007,403.117
667.106,440.666,656.335,428.426,685.144,403.073,695.916,415.314
656.048,431.573,650.328,417.533,690.447,401.188,696.167,415.228
668.919,423.513,664.081,394.487,687.27,390.622,692.108,419.649
670,420,670,379,687,379,687,420
671.136,426.367,661.757,413.578,698.043,386.968,707.422,399.757
644.065,444.192,633.703,432.587,669.572,400.561,679.934,412.166
642.552,429.379,635.172,410.931,674.655,395.138,682.034,413.586
616.302,423.179,611.807,405.608,657.862,393.826,662.357,411.397
654.817,419.568,629.529,405.87,645.495,376.393,670.784,390.091
624.004,424.305,611.81,408.454,646.799,381.539,658.993,397.39
623.68,424.24,611.8,408.4,647.16,381.88,659.04,397.72
581.432,428.746,573.623,408.321,616.065,392.093,623.875,412.518
615.466,412.7,566.614,408.12,568.231,390.866,617.083,395.445
548,408,548,390,603,390,603,408
577.271,415.282,527.718,404.271,532.282,383.729,581.835,394.741
496,411,496,393,556,393,556,411
486.036,417.938,481.308,399.972,541.606,384.104,546.334,402.07
523.404,420.586,470.688,406.919,477.013,382.522,529.729,396.189
451.113,411.461,445.11,386.906,502.315,372.923,508.317,397.478
469.883,400.868,422.817,397.926,424.875,364.992,471.942,367.934
404.882,410.201,399.082,377.883,445.882,369.483,451.682,401.801
365.285,396.923,362.641,369.815,426.81,363.555,429.455,390.663
356.28,406.098,350.285,379.548,412.377,365.528,418.372,392.077
327.013,419.591,308.221,392.745,359.43,356.899,378.221,383.745
315.543,395.721,287.933,366.73,323.316,333.032,350.926,362.023
290.418,391.443,267.827,365.505,306.275,332.019,328.865,357.956
282.882,376.471,246.882,367.471,258.294,321.823,294.294,330.823
249.841,389.838,206.999,363.58,223.858,336.074,266.7,362.332
187.292,382.339,184.108,356.862,241.708,349.662,244.892,375.138
197.216,371.535,120.773,353.083,125.587,333.142,202.029,351.593
178.134,358.793,103.829,350.537,106.098,330.122,180.402,338.378
130.973,353.162,80.2162,344.703,85.7838,311.297,136.541,319.757
74.7216,363.018,56,334,97.0904,307.49,115.812,336.509
