1.0198,0,0,0,0,0,0,0,0,0,0,0,0,0,0
40.413,0,0,0,0,0,0,0,0,0,0,0,0,0,0
14.671,0,0,0,0,0,0,0,0,0,0,0,0,0,0
14.519,0,0,0,0,0,0,0,0,0,0,0,0,0,0
14.526,0,0,0,0,0,0,0,0,0,0,0,0,0,0
14.574,0,0,0,0,0,0,0,0,0,0,0,0,0,0
14.444,0,0,0,0,0,0,0,0,0,0,0,0,0,0
14.404,0,0,0,0,0,0,0,0,0,0,0,0,0,0
11.12,0,0,0,0,0,0,0,0,0,0,0,0,0,0
14.533,0,0,0,0,0,0,0,0,0,0,0,0,0,0
14.625,0,0,0,0,0,0,0,0,0,0,0,0,0,0
14.48,0,0,0,0,0,0,0,0,0,0,0,0,0,0
14.733,0,0,0,0,0,0,0,0,0,0,0,0,0,0
14.772,0,0,0,0,0,0,0,0,0,0,0,0,0,0
14.434,0,0,0,0,0,0,0,0,0,0,0,0,0,0
14.64,0,0,0,0,0,0,0,0,0,0,0,0,0,0
14.391,0,0,0,0,0,0,0,0,0,0,0,0,0,0
11.287,0,0,0,0,0,0,0,0,0,0,0,0,0,0
14.414,0,0,0,0,0,0,0,0,0,0,0,0,0,0
11.373,0,0,0,0,0,0,0,0,0,0,0,0,0,0
14.591,0,0,0,0,0,0,0,0,0,0,0,0,0,0
14.494,0,0,0,0,0,0,0,0,0,0,0,0,0,0
14.665,0,0,0,0,0,0,0,0,0,0,0,0,0,0
11.229,0,0,0,0,0,0,0,0,0,0,0,0,0,0
11.669,0,0,0,0,0,0,0,0,0,0,0,0,0,0
11.502,0,0,0,0,0,0,0,0,0,0,0,0,0,0
11.001,0,0,0,0,0,0,0,0,0,0,0,0,0,0
14.929,0,0,0,0,0,0,0,0,0,0,0,0,0,0
14.424,0,0,0,0,0,0,0,0,0,0,0,0,0,0
14.454,0,0,0,0,0,0,0,0,0,0,0,0,0,0
10.713,0,0,0,0,0,0,0,0,0,0,0,0,0,0
14.229,0,0,0,0,0,0,0,0,0,0,0,0,0,0
10.589,0,0,0,0,0,0,0,0,0,0,0,0,0,0
14.168,0,0,0,0,0,0,0,0,0,0,0,0,0,0
14.376,0,0,0,0,0,0,0,0,0,0,0,0,0,0
15.676,0,0,0,0,0,0,0,0,0,0,0,0,0,0
15.219,0,0,0,0,0,0,0,0,0,0,0,0,0,0
16.08,0,0,0,0,0,0,0,0,0,0,0,0,0,0
15.841,0,0,0,0,0,0,0,0,0,0,0,0,0,0
12.36,0,0,0,0,0,0,0,0,0,0,0,0,0,0
13.053,0,0,0,0,0,0,0,0,0,0,0,0,0,0
12.323,0,0,0,0,0,0,0,0,0,0,0,0,0,0
12.661,0,0,0,0,0,0,0,0,0,0,0,0,0,0
15.847,0,0,0,0,0,0,0,0,0,0,0,0,0,0
12.719,0,0,0,0,0,0,0,0,0,0,0,0,0,0
16.42,0,0,0,0,0,0,0,0,0,0,0,0,0,0
16.254,0,0,0,0,0,0,0,0,0,0,0,0,0,0
13.471,0,0,0,0,0,0,0,0,0,0,0,0,0,0
16.377,0,0,0,0,0,0,0,0,0,0,0,0,0,0
12.799,0,0,0,0,0,0,0,0,0,0,0,0,0,0
13.586,0,0,0,0,0,0,0,0,0,0,0,0,0,0
16.561,0,0,0,0,0,0,0,0,0,0,0,0,0,0
15.684,0,0,0,0,0,0,0,0,0,0,0,0,0,0
12.071,0,0,0,0,0,0,0,0,0,0,0,0,0,0
12.122,0,0,0,0,0,0,0,0,0,0,0,0,0,0
12.708,0,0,0,0,0,0,0,0,0,0,0,0,0,0
15.799,0,0,0,0,0,0,0,0,0,0,0,0,0,0
15.508,0,0,0,0,0,0,0,0,0,0,0,0,0,0
14.685,0,0,0,0,0,0,0,0,0,0,0,0,0,0
14.658,0,0,0,0,0,0,0,0,0,0,0,0,0,0
14.489,0,0,0,0,0,0,0,0,0,0,0,0,0,0
11.297,0,0,0,0,0,0,0,0,0,0,0,0,0,0
14.36,0,0,0,0,0,0,0,0,0,0,0,0,0,0
10.874,0,0,0,0,0,0,0,0,0,0,0,0,0,0
13.893,0,0,0,0,0,0,0,0,0,0,0,0,0,0
10.859,0,0,0,0,0,0,0,0,0,0,0,0,0,0
14.298,0,0,0,0,0,0,0,0,0,0,0,0,0,0
14.404,0,0,0,0,0,0,0,0,0,0,0,0,0,0
11.407,0,0,0,0,0,0,0,0,0,0,0,0,0,0
14.821,0,0,0,0,0,0,0,0,0,0,0,0,0,0
14.809,0,0,0,0,0,0,0,0,0,0,0,0,0,0
15.122,0,0,0,0,0,0,0,0,0,0,0,0,0,0
15.214,0,0,0,0,0,0,0,0,0,0,0,0,0,0
11.903,0,0,0,0,0,0,0,0,0,0,0,0,0,0
11.728,0,0,0,0,0,0,0,0,0,0,0,0,0,0
11.722,0,0,0,0,0,0,0,0,0,0,0,0,0,0
11.847,0,0,0,0,0,0,0,0,0,0,0,0,0,0
11.695,0,0,0,0,0,0,0,0,0,0,0,0,0,0
11.95,0,0,0,0,0,0,0,0,0,0,0,0,0,0
15.425,0,0,0,0,0,0,0,0,0,0,0,0,0,0
16.262,0,0,0,0,0,0,0,0,0,0,0,0,0,0
17.569,0,0,0,0,0,0,0,0,0,0,0,0,0,0
12.78,0,0,0,0,0,0,0,0,0,0,0,0,0,0
16.883,0,0,0,0,0,0,0,0,0,0,0,0,0,0
16.91,0,0,0,0,0,0,0,0,0,0,0,0,0,0
16.53,0,0,0,0,0,0,0,0,0,0,0,0,0,0
17.194,0,0,0,0,0,0,0,0,0,0,0,0,0,0
17.42,0,0,0,0,0,0,0,0,0,0,0,0,0,0
17.467,0,0,0,0,0,0,0,0,0,0,0,0,0,0
13.721,0,0,0,0,0,0,0,0,0,0,0,0,0,0
14.319,0,0,0,0,0,0,0,0,0,0,0,0,0,0
17.745,0,0,0,0,0,0,0,0,0,0,0,0,0,0
16.386,0,0,0,0,0,0,0,0,0,0,0,0,0,0
12.26,0,0,0,0,0,0,0,0,0,0,0,0,0,0
16.459,0,0,0,0,0,0,0,0,0,0,0,0,0,0
15.603,0,0,0,0,0,0,0,0,0,0,0,0,0,0
15.828,0,0,0,0,0,0,0,0,0,0,0,0,0,0
15.94,0,0,0,0,0,0,0,0,0,0,0,0,0,0
15.574,0,0,0,0,0,0,0,0,0,0,0,0,0,0
15.289,0,0,0,0,0,0,0,0,0,0,0,0,0,0
15.842,0,0,0,0,0,0,0,0,0,0,0,0,0,0
16.027,0,0,0,0,0,0,0,0,0,0,0,0,0,0
12.405,0,0,0,0,0,0,0,0,0,0,0,0,0,0
12.184,0,0,0,0,0,0,0,0,0,0,0,0,0,0
12.278,0,0,0,0,0,0,0,0,0,0,0,0,0,0
15.394,0,0,0,0,0,0,0,0,0,0,0,0,0,0
16.524,0,0,0,0,0,0,0,0,0,0,0,0,0,0
15.921,0,0,0,0,0,0,0,0,0,0,0,0,0,0
16.776,0,0,0,0,0,0,0,0,0,0,0,0,0,0
17.607,0,0,0,0,0,0,0,0,0,0,0,0,0,0
20.26,0,0,0,0,0,0,0,0,0,0,0,0,0,0
22.281,0,0,0,0,0,0,0,0,0,0,0,0,0,0
23.412,0,0,0,0,0,0,0,0,0,0,0,0,0,0
18.737,0,0,0,0,0,0,0,0,0,0,0,0,0,0
18.056,0,0,0,0,0,0,0,0,0,0,0,0,0,0
16.545,0,0,0,0,0,0,0,0,0,0,0,0,0,0
14.969,0,0,0,0,0,0,0,0,0,0,0,0,0,0
17.448,0,0,0,0,0,0,0,0,0,0,0,0,0,0
16.157,0,0,0,0,0,0,0,0,0,0,0,0,0,0
17.022,0,0,0,0,0,0,0,0,0,0,0,0,0,0
16.062,0,0,0,0,0,0,0,0,0,0,0,0,0,0
16.23,0,0,0,0,0,0,0,0,0,0,0,0,0,0
13.157,0,0,0,0,0,0,0,0,0,0,0,0,0,0
16.833,0,0,0,0,0,0,0,0,0,0,0,0,0,0
15.435,0,0,0,0,0,0,0,0,0,0,0,0,0,0
14.716,0,0,0,0,0,0,0,0,0,0,0,0,0,0
14.287,0,0,0,0,0,0,0,0,0,0,0,0,0,0
14.08,0,0,0,0,0,0,0,0,0,0,0,0,0,0
14.652,0,0,0,0,0,0,0,0,0,0,0,0,0,0
13.835,0,0,0,0,0,0,0,0,0,0,0,0,0,0
10.347,0,0,0,0,0,0,0,0,0,0,0,0,0,0
13.829,0,0,0,0,0,0,0,0,0,0,0,0,0,0
13.794,0,0,0,0,0,0,0,0,0,0,0,0,0,0
13.609,0,0,0,0,0,0,0,0,0,0,0,0,0,0
13.782,0,0,0,0,0,0,0,0,0,0,0,0,0,0
13.409,0,0,0,0,0,0,0,0,0,0,0,0,0,0
13.935,0,0,0,0,0,0,0,0,0,0,0,0,0,0
13.273,0,0,0,0,0,0,0,0,0,0,0,0,0,0
13.406,0,0,0,0,0,0,0,0,0,0,0,0,0,0
13.131,0,0,0,0,0,0,0,0,0,0,0,0,0,0
13.178,0,0,0,0,0,0,0,0,0,0,0,0,0,0
13.2,0,0,0,0,0,0,0,0,0,0,0,0,0,0
13.211,0,0,0,0,0,0,0,0,0,0,0,0,0,0
10.004,0,0,0,0,0,0,0,0,0,0,0,0,0,0
13.257,0,0,0,0,0,0,0,0,0,0,0,0,0,0
14.074,0,0,0,0,0,0,0,0,0,0,0,0,0,0
13.927,0,0,0,0,0,0,0,0,0,0,0,0,0,0
13.832,0,0,0,0,0,0,0,0,0,0,0,0,0,0
13.649,0,0,0,0,0,0,0,0,0,0,0,0,0,0
13.748,0,0,0,0,0,0,0,0,0,0,0,0,0,0
13.659,0,0,0,0,0,0,0,0,0,0,0,0,0,0
13.604,0,0,0,0,0,0,0,0,0,0,0,0,0,0
13.635,0,0,0,0,0,0,0,0,0,0,0,0,0,0
13.827,0,0,0,0,0,0,0,0,0,0,0,0,0,0
13.846,0,0,0,0,0,0,0,0,0,0,0,0,0,0
13.767,0,0,0,0,0,0,0,0,0,0,0,0,0,0
13.991,0,0,0,0,0,0,0,0,0,0,0,0,0,0
13.733,0,0,0,0,0,0,0,0,0,0,0,0,0,0
10.797,0,0,0,0,0,0,0,0,0,0,0,0,0,0
10.565,0,0,0,0,0,0,0,0,0,0,0,0,0,0
10.711,0,0,0,0,0,0,0,0,0,0,0,0,0,0
14.627,0,0,0,0,0,0,0,0,0,0,0,0,0,0
14.502,0,0,0,0,0,0,0,0,0,0,0,0,0,0
14.111,0,0,0,0,0,0,0,0,0,0,0,0,0,0
14.237,0,0,0,0,0,0,0,0,0,0,0,0,0,0
14.397,0,0,0,0,0,0,0,0,0,0,0,0,0,0
11.104,0,0,0,0,0,0,0,0,0,0,0,0,0,0
14.418,0,0,0,0,0,0,0,0,0,0,0,0,0,0
14.102,0,0,0,0,0,0,0,0,0,0,0,0,0,0
14.268,0,0,0,0,0,0,0,0,0,0,0,0,0,0
14.392,0,0,0,0,0,0,0,0,0,0,0,0,0,0
11.159,0,0,0,0,0,0,0,0,0,0,0,0,0,0
10.854,0,0,0,0,0,0,0,0,0,0,0,0,0,0
14.345,0,0,0,0,0,0,0,0,0,0,0,0,0,0
14.517,0,0,0,0,0,0,0,0,0,0,0,0,0,0
14.743,0,0,0,0,0,0,0,0,0,0,0,0,0,0
11.304,0,0,0,0,0,0,0,0,0,0,0,0,0,0
14.945,0,0,0,0,0,0,0,0,0,0,0,0,0,0
14.689,0,0,0,0,0,0,0,0,0,0,0,0,0,0
14.675,0,0,0,0,0,0,0,0,0,0,0,0,0,0
11.261,0,0,0,0,0,0,0,0,0,0,0,0,0,0
14.619,0,0,0,0,0,0,0,0,0,0,0,0,0,0
14.219,0,0,0,0,0,0,0,0,0,0,0,0,0,0
11.252,0,0,0,0,0,0,0,0,0,0,0,0,0,0
11.179,0,0,0,0,0,0,0,0,0,0,0,0,0,0
11.516,0,0,0,0,0,0,0,0,0,0,0,0,0,0
11.206,0,0,0,0,0,0,0,0,0,0,0,0,0,0
11.295,0,0,0,0,0,0,0,0,0,0,0,0,0,0
11.146,0,0,0,0,0,0,0,0,0,0,0,0,0,0
11.218,0,0,0,0,0,0,0,0,0,0,0,0,0,0
11.568,0,0,0,0,0,0,0,0,0,0,0,0,0,0
10.992,0,0,0,0,0,0,0,0,0,0,0,0,0,0
14.459,0,0,0,0,0,0,0,0,0,0,0,0,0,0
14.501,0,0,0,0,0,0,0,0,0,0,0,0,0,0
10.697,0,0,0,0,0,0,0,0,0,0,0,0,0,0
10.997,0,0,0,0,0,0,0,0,0,0,0,0,0,0
14.323,0,0,0,0,0,0,0,0,0,0,0,0,0,0
14.368,0,0,0,0,0,0,0,0,0,0,0,0,0,0
14.489,0,0,0,0,0,0,0,0,0,0,0,0,0,0
14.273,0,0,0,0,0,0,0,0,0,0,0,0,0,0
14.333,0,0,0,0,0,0,0,0,0,0,0,0,0,0
14.431,0,0,0,0,0,0,0,0,0,0,0,0,0,0
14.31,0,0,0,0,0,0,0,0,0,0,0,0,0,0
14.104,0,0,0,0,0,0,0,0,0,0,0,0,0,0
14.059,0,0,0,0,0,0,0,0,0,0,0,0,0,0
14.196,0,0,0,0,0,0,0,0,0,0,0,0,0,0
10.965,0,0,0,0,0,0,0,0,0,0,0,0,0,0
10.869,0,0,0,0,0,0,0,0,0,0,0,0,0,0
14.723,0,0,0,0,0,0,0,0,0,0,0,0,0,0
11.088,0,0,0,0,0,0,0,0,0,0,0,0,0,0
14.68,0,0,0,0,0,0,0,0,0,0,0,0,0,0
16.481,0,0,0,0,0,0,0,0,0,0,0,0,0,0
16.055,0,0,0,0,0,0,0,0,0,0,0,0,0,0
16.357,0,0,0,0,0,0,0,0,0,0,0,0,0,0
16.625,0,0,0,0,0,0,0,0,0,0,0,0,0,0
16.374,0,0,0,0,0,0,0,0,0,0,0,0,0,0
15.837,0,0,0,0,0,0,0,0,0,0,0,0,0,0
15.895,0,0,0,0,0,0,0,0,0,0,0,0,0,0
16.706,0,0,0,0,0,0,0,0,0,0,0,0,0,0
17.003,0,0,0,0,0,0,0,0,0,0,0,0,0,0
15.486,0,0,0,0,0,0,0,0,0,0,0,0,0,0
16.26,0,0,0,0,0,0,0,0,0,0,0,0,0,0
16.358,0,0,0,0,0,0,0,0,0,0,0,0,0,0
15.7,0,0,0,0,0,0,0,0,0,0,0,0,0,0
15.942,0,0,0,0,0,0,0,0,0,0,0,0,0,0
16.403,0,0,0,0,0,0,0,0,0,0,0,0,0,0
16.976,0,0,0,0,0,0,0,0,0,0,0,0,0,0
16.299,0,0,0,0,0,0,0,0,0,0,0,0,0,0
16.609,0,0,0,0,0,0,0,0,0,0,0,0,0,0
16.793,0,0,0,0,0,0,0,0,0,0,0,0,0,0
16.558,0,0,0,0,0,0,0,0,0,0,0,0,0,0
16.941,0,0,0,0,0,0,0,0,0,0,0,0,0,0
17.346,0,0,0,0,0,0,0,0,0,0,0,0,0,0
12.443,0,0,0,0,0,0,0,0,0,0,0,0,0,0
16.937,0,0,0,0,0,0,0,0,0,0,0,0,0,0
16.047,0,0,0,0,0,0,0,0,0,0,0,0,0,0
12.481,0,0,0,0,0,0,0,0,0,0,0,0,0,0
15.571,0,0,0,0,0,0,0,0,0,0,0,0,0,0
16.211,0,0,0,0,0,0,0,0,0,0,0,0,0,0
12.355,0,0,0,0,0,0,0,0,0,0,0,0,0,0
12.356,0,0,0,0,0,0,0,0,0,0,0,0,0,0
15.588,0,0,0,0,0,0,0,0,0,0,0,0,0,0
15.98,0,0,0,0,0,0,0,0,0,0,0,0,0,0
15.846,0,0,0,0,0,0,0,0,0,0,0,0,0,0
15.119,0,0,0,0,0,0,0,0,0,0,0,0,0,0
15.296,0,0,0,0,0,0,0,0,0,0,0,0,0,0
15.067,0,0,0,0,0,0,0,0,0,0,0,0,0,0
15.447,0,0,0,0,0,0,0,0,0,0,0,0,0,0
15.603,0,0,0,0,0,0,0,0,0,0,0,0,0,0
15.591,0,0,0,0,0,0,0,0,0,0,0,0,0,0
12.885,0,0,0,0,0,0,0,0,0,0,0,0,0,0
15.654,0,0,0,0,0,0,0,0,0,0,0,0,0,0
16.911,0,0,0,0,0,0,0,0,0,0,0,0,0,0
16.388,0,0,0,0,0,0,0,0,0,0,0,0,0,0
16.492,0,0,0,0,0,0,0,0,0,0,0,0,0,0
16.58,0,0,0,0,0,0,0,0,0,0,0,0,0,0
15.863,0,0,0,0,0,0,0,0,0,0,0,0,0,0
15.597,0,0,0,0,0,0,0,0,0,0,0,0,0,0
15.484,0,0,0,0,0,0,0,0,0,0,0,0,0,0
14.659,0,0,0,0,0,0,0,0,0,0,0,0,0,0
14.564,0,0,0,0,0,0,0,0,0,0,0,0,0,0
14.726,0,0,0,0,0,0,0,0,0,0,0,0,0,0
15.119,0,0,0,0,0,0,0,0,0,0,0,0,0,0
15.097,0,0,0,0,0,0,0,0,0,0,0,0,0,0
14.959,0,0,0,0,0,0,0,0,0,0,0,0,0,0
15.149,0,0,0,0,0,0,0,0,0,0,0,0,0,0
15.267,0,0,0,0,0,0,0,0,0,0,0,0,0,0
16.032,0,0,0,0,0,0,0,0,0,0,0,0,0,0
13.07,0,0,0,0,0,0,0,0,0,0,0,0,0,0
12.471,0,0,0,0,0,0,0,0,0,0,0,0,0,0
16.1,0,0,0,0,0,0,0,0,0,0,0,0,0,0
15.478,0,0,0,0,0,0,0,0,0,0,0,0,0,0
15.799,0,0,0,0,0,0,0,0,0,0,0,0,0,0
12.104,0,0,0,0,0,0,0,0,0,0,0,0,0,0
15.344,0,0,0,0,0,0,0,0,0,0,0,0,0,0
14.918,0,0,0,0,0,0,0,0,0,0,0,0,0,0
14.703,0,0,0,0,0,0,0,0,0,0,0,0,0,0
15.057,0,0,0,0,0,0,0,0,0,0,0,0,0,0
11.623,0,0,0,0,0,0,0,0,0,0,0,0,0,0
14.993,0,0,0,0,0,0,0,0,0,0,0,0,0,0
11.786,0,0,0,0,0,0,0,0,0,0,0,0,0,0
15.122,0,0,0,0,0,0,0,0,0,0,0,0,0,0
15.593,0,0,0,0,0,0,0,0,0,0,0,0,0,0
15.19,0,0,0,0,0,0,0,0,0,0,0,0,0,0
15.286,0,0,0,0,0,0,0,0,0,0,0,0,0,0
15.231,0,0,0,0,0,0,0,0,0,0,0,0,0,0
15.216,0,0,0,0,0,0,0,0,0,0,0,0,0,0
15.146,0,0,0,0,0,0,0,0,0,0,0,0,0,0
14.691,0,0,0,0,0,0,0,0,0,0,0,0,0,0
14.293,0,0,0,0,0,0,0,0,0,0,0,0,0,0
14.697,0,0,0,0,0,0,0,0,0,0,0,0,0,0
10.835,0,0,0,0,0,0,0,0,0,0,0,0,0,0
14.116,0,0,0,0,0,0,0,0,0,0,0,0,0,0
13.982,0,0,0,0,0,0,0,0,0,0,0,0,0,0
13.841,0,0,0,0,0,0,0,0,0,0,0,0,0,0
10.061,0,0,0,0,0,0,0,0,0,0,0,0,0,0
13.403,0,0,0,0,0,0,0,0,0,0,0,0,0,0
12.994,0,0,0,0,0,0,0,0,0,0,0,0,0,0
13.356,0,0,0,0,0,0,0,0,0,0,0,0,0,0
13.16,0,0,0,0,0,0,0,0,0,0,0,0,0,0
13.099,0,0,0,0,0,0,0,0,0,0,0,0,0,0
13.335,0,0,0,0,0,0,0,0,0,0,0,0,0,0
13.468,0,0,0,0,0,0,0,0,0,0,0,0,0,0
13.329,0,0,0,0,0,0,0,0,0,0,0,0,0,0
13.485,0,0,0,0,0,0,0,0,0,0,0,0,0,0
10.048,0,0,0,0,0,0,0,0,0,0,0,0,0,0
13.378,0,0,0,0,0,0,0,0,0,0,0,0,0,0
13.43,0,0,0,0,0,0,0,0,0,0,0,0,0,0
13.733,0,0,0,0,0,0,0,0,0,0,0,0,0,0
13.993,0,0,0,0,0,0,0,0,0,0,0,0,0,0
13.64,0,0,0,0,0,0,0,0,0,0,0,0,0,0
13.803,0,0,0,0,0,0,0,0,0,0,0,0,0,0
13.617,0,0,0,0,0,0,0,0,0,0,0,0,0,0
13.644,0,0,0,0,0,0,0,0,0,0,0,0,0,0
13.635,0,0,0,0,0,0,0,0,0,0,0,0,0,0
13.74,0,0,0,0,0,0,0,0,0,0,0,0,0,0
13.537,0,0,0,0,0,0,0,0,0,0,0,0,0,0
13.533,0,0,0,0,0,0,0,0,0,0,0,0,0,0
13.595,0,0,0,0,0,0,0,0,0,0,0,0,0,0
13.442,0,0,0,0,0,0,0,0,0,0,0,0,0,0
13.382,0,0,0,0,0,0,0,0,0,0,0,0,0,0
13.317,0,0,0,0,0,0,0,0,0,0,0,0,0,0
13.502,0,0,0,0,0,0,0,0,0,0,0,0,0,0
10.05,0,0,0,0,0,0,0,0,0,0,0,0,0,0
13.552,0,0,0,0,0,0,0,0,0,0,0,0,0,0
13.751,0,0,0,0,0,0,0,0,0,0,0,0,0,0
14.114,0,0,0,0,0,0,0,0,0,0,0,0,0,0
14.108,0,0,0,0,0,0,0,0,0,0,0,0,0,0
10.704,0,0,0,0,0,0,0,0,0,0,0,0,0,0
10.96,0,0,0,0,0,0,0,0,0,0,0,0,0,0
14.04,0,0,0,0,0,0,0,0,0,0,0,0,0,0
13.886,0,0,0,0,0,0,0,0,0,0,0,0,0,0
11.076,0,0,0,0,0,0,0,0,0,0,0,0,0,0
11.066,0,0,0,0,0,0,0,0,0,0,0,0,0,0
14.528,0,0,0,0,0,0,0,0,0,0,0,0,0,0
14.576,0,0,0,0,0,0,0,0,0,0,0,0,0,0
14.754,0,0,0,0,0,0,0,0,0,0,0,0,0,0
14.789,0,0,0,0,0,0,0,0,0,0,0,0,0,0
14.847,0,0,0,0,0,0,0,0,0,0,0,0,0,0
14.483,0,0,0,0,0,0,0,0,0,0,0,0,0,0
15.129,0,0,0,0,0,0,0,0,0,0,0,0,0,0
14.525,0,0,0,0,0,0,0,0,0,0,0,0,0,0
14.538,0,0,0,0,0,0,0,0,0,0,0,0,0,0
14.327,0,0,0,0,0,0,0,0,0,0,0,0,0,0
14.771,0,0,0,0,0,0,0,0,0,0,0,0,0,0
14.841,0,0,0,0,0,0,0,0,0,0,0,0,0,0
15.038,0,0,0,0,0,0,0,0,0,0,0,0,0,0
15.121,0,0,0,0,0,0,0,0,0,0,0,0,0,0
15.306,0,0,0,0,0,0,0,0,0,0,0,0,0,0
15.553,0,0,0,0,0,0,0,0,0,0,0,0,0,0
15.594,0,0,0,0,0,0,0,0,0,0,0,0,0,0
15.732,0,0,0,0,0,0,0,0,0,0,0,0,0,0
15.981,0,0,0,0,0,0,0,0,0,0,0,0,0,0
15.534,0,0,0,0,0,0,0,0,0,0,0,0,0,0
15.341,0,0,0,0,0,0,0,0,0,0,0,0,0,0
15.663,0,0,0,0,0,0,0,0,0,0,0,0,0,0
15.545,0,0,0,0,0,0,0,0,0,0,0,0,0,0
12.133,0,0,0,0,0,0,0,0,0,0,0,0,0,0
15.409,0,0,0,0,0,0,0,0,0,0,0,0,0,0
15.56,0,0,0,0,0,0,0,0,0,0,0,0,0,0
15.573,0,0,0,0,0,0,0,0,0,0,0,0,0,0
15.657,0,0,0,0,0,0,0,0,0,0,0,0,0,0
15.495,0,0,0,0,0,0,0,0,0,0,0,0,0,0
16.193,0,0,0,0,0,0,0,0,0,0,0,0,0,0
12.072,0,0,0,0,0,0,0,0,0,0,0,0,0,0
12.42,0,0,0,0,0,0,0,0,0,0,0,0,0,0
12.512,0,0,0,0,0,0,0,0,0,0,0,0,0,0
15.52,0,0,0,0,0,0,0,0,0,0,0,0,0,0
16.441,0,0,0,0,0,0,0,0,0,0,0,0,0,0
12.831,0,0,0,0,0,0,0,0,0,0,0,0,0,0
12.746,0,0,0,0,0,0,0,0,0,0,0,0,0,0
13.352,0,0,0,0,0,0,0,0,0,0,0,0,0,0
15.712,0,0,0,0,0,0,0,0,0,0,0,0,0,0
15.857,0,0,0,0,0,0,0,0,0,0,0,0,0,0
12.796,0,0,0,0,0,0,0,0,0,0,0,0,0,0
12.747,0,0,0,0,0,0,0,0,0,0,0,0,0,0
12.695,0,0,0,0,0,0,0,0,0,0,0,0,0,0
12.522,0,0,0,0,0,0,0,0,0,0,0,0,0,0
16.056,0,0,0,0,0,0,0,0,0,0,0,0,0,0
15.892,0,0,0,0,0,0,0,0,0,0,0,0,0,0
12.74,0,0,0,0,0,0,0,0,0,0,0,0,0,0
15.768,0,0,0,0,0,0,0,0,0,0,0,0,0,0
12.547,0,0,0,0,0,0,0,0,0,0,0,0,0,0
12.439,0,0,0,0,0,0,0,0,0,0,0,0,0,0
15.861,0,0,0,0,0,0,0,0,0,0,0,0,0,0
15.74,0,0,0,0,0,0,0,0,0,0,0,0,0,0
15.92,0,0,0,0,0,0,0,0,0,0,0,0,0,0
12.663,0,0,0,0,0,0,0,0,0,0,0,0,0,0
15.859,0,0,0,0,0,0,0,0,0,0,0,0,0,0
16.221,0,0,0,0,0,0,0,0,0,0,0,0,0,0
16.064,0,0,0,0,0,0,0,0,0,0,0,0,0,0
15.818,0,0,0,0,0,0,0,0,0,0,0,0,0,0
16.28,0,0,0,0,0,0,0,0,0,0,0,0,0,0
12.826,0,0,0,0,0,0,0,0,0,0,0,0,0,0
15.817,0,0,0,0,0,0,0,0,0,0,0,0,0,0
16.331,0,0,0,0,0,0,0,0,0,0,0,0,0,0
12.892,0,0,0,0,0,0,0,0,0,0,0,0,0,0
12.824,0,0,0,0,0,0,0,0,0,0,0,0,0,0
13.435,0,0,0,0,0,0,0,0,0,0,0,0,0,0
16.145,0,0,0,0,0,0,0,0,0,0,0,0,0,0
16.172,0,0,0,0,0,0,0,0,0,0,0,0,0,0
16.446,0,0,0,0,0,0,0,0,0,0,0,0,0,0
16.393,0,0,0,0,0,0,0,0,0,0,0,0,0,0
16.363,0,0,0,0,0,0,0,0,0,0,0,0,0,0
16.415,0,0,0,0,0,0,0,0,0,0,0,0,0,0
16.943,0,0,0,0,0,0,0,0,0,0,0,0,0,0
16.553,0,0,0,0,0,0,0,0,0,0,0,0,0,0
17.347,0,0,0,0,0,0,0,0,0,0,0,0,0,0
16.536,0,0,0,0,0,0,0,0,0,0,0,0,0,0
16.802,0,0,0,0,0,0,0,0,0,0,0,0,0,0
17.533,0,0,0,0,0,0,0,0,0,0,0,0,0,0
17.613,0,0,0,0,0,0,0,0,0,0,0,0,0,0
17.769,0,0,0,0,0,0,0,0,0,0,0,0,0,0
16.92,0,0,0,0,0,0,0,0,0,0,0,0,0,0
13.514,0,0,0,0,0,0,0,0,0,0,0,0,0,0
17.778,0,0,0,0,0,0,0,0,0,0,0,0,0,0
17.588,0,0,0,0,0,0,0,0,0,0,0,0,0,0
17.178,0,0,0,0,0,0,0,0,0,0,0,0,0,0
16.979,0,0,0,0,0,0,0,0,0,0,0,0,0,0
16.559,0,0,0,0,0,0,0,0,0,0,0,0,0,0
16.64,0,0,0,0,0,0,0,0,0,0,0,0,0,0
15.896,0,0,0,0,0,0,0,0,0,0,0,0,0,0
12.776,0,0,0,0,0,0,0,0,0,0,0,0,0,0
15.881,0,0,0,0,0,0,0,0,0,0,0,0,0,0
15.816,0,0,0,0,0,0,0,0,0,0,0,0,0,0
15.836,0,0,0,0,0,0,0,0,0,0,0,0,0,0
11.871,0,0,0,0,0,0,0,0,0,0,0,0,0,0
15.287,0,0,0,0,0,0,0,0,0,0,0,0,0,0
14.883,0,0,0,0,0,0,0,0,0,0,0,0,0,0
11.817,0,0,0,0,0,0,0,0,0,0,0,0,0,0
11.969,0,0,0,0,0,0,0,0,0,0,0,0,0,0
11.913,0,0,0,0,0,0,0,0,0,0,0,0,0,0
15.338,0,0,0,0,0,0,0,0,0,0,0,0,0,0
12.581,0,0,0,0,0,0,0,0,0,0,0,0,0,0
15.868,0,0,0,0,0,0,0,0,0,0,0,0,0,0
16.708,0,0,0,0,0,0,0,0,0,0,0,0,0,0
16.626,0,0,0,0,0,0,0,0,0,0,0,0,0,0
17.318,0,0,0,0,0,0,0,0,0,0,0,0,0,0
17.789,0,0,0,0,0,0,0,0,0,0,0,0,0,0
17.549,0,0,0,0,0,0,0,0,0,0,0,0,0,0
17.148,0,0,0,0,0,0,0,0,0,0,0,0,0,0
18.045,0,0,0,0,0,0,0,0,0,0,0,0,0,0
17.609,0,0,0,0,0,0,0,0,0,0,0,0,0,0
17.034,0,0,0,0,0,0,0,0,0,0,0,0,0,0
16.603,0,0,0,0,0,0,0,0,0,0,0,0,0,0
16.84,0,0,0,0,0,0,0,0,0,0,0,0,0,0
17.139,0,0,0,0,0,0,0,0,0,0,0,0,0,0
17.1,0,0,0,0,0,0,0,0,0,0,0,0,0,0
17.115,0,0,0,0,0,0,0,0,0,0,0,0,0,0
18.374,0,0,0,0,0,0,0,0,0,0,0,0,0,0
14.225,0,0,0,0,0,0,0,0,0,0,0,0,0,0
18.379,0,0,0,0,0,0,0,0,0,0,0,0,0,0
17.926,0,0,0,0,0,0,0,0,0,0,0,0,0,0
16.998,0,0,0,0,0,0,0,0,0,0,0,0,0,0
17.924,0,0,0,0,0,0,0,0,0,0,0,0,0,0
17.019,0,0,0,0,0,0,0,0,0,0,0,0,0,0
17.078,0,0,0,0,0,0,0,0,0,0,0,0,0,0
17.056,0,0,0,0,0,0,0,0,0,0,0,0,0,0
17.299,0,0,0,0,0,0,0,0,0,0,0,0,0,0
16.674,0,0,0,0,0,0,0,0,0,0,0,0,0,0
17.12,0,0,0,0,0,0,0,0,0,0,0,0,0,0
16.997,0,0,0,0,0,0,0,0,0,0,0,0,0,0
16.534,0,0,0,0,0,0,0,0,0,0,0,0,0,0
17.248,0,0,0,0,0,0,0,0,0,0,0,0,0,0
16.94,0,0,0,0,0,0,0,0,0,0,0,0,0,0
16.914,0,0,0,0,0,0,0,0,0,0,0,0,0,0
17.598,0,0,0,0,0,0,0,0,0,0,0,0,0,0
17.282,0,0,0,0,0,0,0,0,0,0,0,0,0,0
17.099,0,0,0,0,0,0,0,0,0,0,0,0,0,0
17.158,0,0,0,0,0,0,0,0,0,0,0,0,0,0
17.721,0,0,0,0,0,0,0,0,0,0,0,0,0,0
17.738,0,0,0,0,0,0,0,0,0,0,0,0,0,0
17.03,0,0,0,0,0,0,0,0,0,0,0,0,0,0
14.327,0,0,0,0,0,0,0,0,0,0,0,0,0,0
17.027,0,0,0,0,0,0,0,0,0,0,0,0,0,0
18.209,0,0,0,0,0,0,0,0,0,0,0,0,0,0
14.196,0,0,0,0,0,0,0,0,0,0,0,0,0,0
17.222,0,0,0,0,0,0,0,0,0,0,0,0,0,0
16.989,0,0,0,0,0,0,0,0,0,0,0,0,0,0
17.647,0,0,0,0,0,0,0,0,0,0,0,0,0,0
17.108,0,0,0,0,0,0,0,0,0,0,0,0,0,0
17.159,0,0,0,0,0,0,0,0,0,0,0,0,0,0
17.639,0,0,0,0,0,0,0,0,0,0,0,0,0,0
16.945,0,0,0,0,0,0,0,0,0,0,0,0,0,0
17.177,0,0,0,0,0,0,0,0,0,0,0,0,0,0
16.321,0,0,0,0,0,0,0,0,0,0,0,0,0,0
16.663,0,0,0,0,0,0,0,0,0,0,0,0,0,0
13.648,0,0,0,0,0,0,0,0,0,0,0,0,0,0
16.706,0,0,0,0,0,0,0,0,0,0,0,0,0,0
16.782,0,0,0,0,0,0,0,0,0,0,0,0,0,0
16.961,0,0,0,0,0,0,0,0,0,0,0,0,0,0
17.061,0,0,0,0,0,0,0,0,0,0,0,0,0,0
17.787,0,0,0,0,0,0,0,0,0,0,0,0,0,0
17.486,0,0,0,0,0,0,0,0,0,0,0,0,0,0
16.785,0,0,0,0,0,0,0,0,0,0,0,0,0,0
13.696,0,0,0,0,0,0,0,0,0,0,0,0,0,0
17.172,0,0,0,0,0,0,0,0,0,0,0,0,0,0
17.031,0,0,0,0,0,0,0,0,0,0,0,0,0,0
16.493,0,0,0,0,0,0,0,0,0,0,0,0,0,0
16.819,0,0,0,0,0,0,0,0,0,0,0,0,0,0
16.623,0,0,0,0,0,0,0,0,0,0,0,0,0,0
16.726,0,0,0,0,0,0,0,0,0,0,0,0,0,0
16.719,0,0,0,0,0,0,0,0,0,0,0,0,0,0
16.349,0,0,0,0,0,0,0,0,0,0,0,0,0,0
13.111,0,0,0,0,0,0,0,0,0,0,0,0,0,0
16.992,0,0,0,0,0,0,0,0,0,0,0,0,0,0
16.715,0,0,0,0,0,0,0,0,0,0,0,0,0,0
13.01,0,0,0,0,0,0,0,0,0,0,0,0,0,0
12.862,0,0,0,0,0,0,0,0,0,0,0,0,0,0
15.754,0,0,0,0,0,0,0,0,0,0,0,0,0,0
15.202,0,0,0,0,0,0,0,0,0,0,0,0,0,0
14.263,0,0,0,0,0,0,0,0,0,0,0,0,0,0
14.701,0,0,0,0,0,0,0,0,0,0,0,0,0,0
14.901,0,0,0,0,0,0,0,0,0,0,0,0,0,0
14.53,0,0,0,0,0,0,0,0,0,0,0,0,0,0
14.944,0,0,0,0,0,0,0,0,0,0,0,0,0,0
11.466,0,0,0,0,0,0,0,0,0,0,0,0,0,0
11.573,0,0,0,0,0,0,0,0,0,0,0,0,0,0
14.793,0,0,0,0,0,0,0,0,0,0,0,0,0,0
14.742,0,0,0,0,0,0,0,0,0,0,0,0,0,0
11.49,0,0,0,0,0,0,0,0,0,0,0,0,0,0
11.36,0,0,0,0,0,0,0,0,0,0,0,0,0,0
14.708,0,0,0,0,0,0,0,0,0,0,0,0,0,0
14.623,0,0,0,0,0,0,0,0,0,0,0,0,0,0
14.417,0,0,0,0,0,0,0,0,0,0,0,0,0,0
11.167,0,0,0,0,0,0,0,0,0,0,0,0,0,0
10.727,0,0,0,0,0,0,0,0,0,0,0,0,0,0
14.632,0,0,0,0,0,0,0,0,0,0,0,0,0,0
14.152,0,0,0,0,0,0,0,0,0,0,0,0,0,0
14.48,0,0,0,0,0,0,0,0,0,0,0,0,0,0
11.15,0,0,0,0,0,0,0,0,0,0,0,0,0,0
11.045,0,0,0,0,0,0,0,0,0,0,0,0,0,0
14.568,0,0,0,0,0,0,0,0,0,0,0,0,0,0
14.462,0,0,0,0,0,0,0,0,0,0,0,0,0,0
14.756,0,0,0,0,0,0,0,0,0,0,0,0,0,0
14.467,0,0,0,0,0,0,0,0,0,0,0,0,0,0
14.999,0,0,0,0,0,0,0,0,0,0,0,0,0,0
14.436,0,0,0,0,0,0,0,0,0,0,0,0,0,0
14.221,0,0,0,0,0,0,0,0,0,0,0,0,0,0
14.605,0,0,0,0,0,0,0,0,0,0,0,0,0,0
14.534,0,0,0,0,0,0,0,0,0,0,0,0,0,0
14.405,0,0,0,0,0,0,0,0,0,0,0,0,0,0
14.447,0,0,0,0,0,0,0,0,0,0,0,0,0,0
14.819,0,0,0,0,0,0,0,0,0,0,0,0,0,0
14.711,0,0,0,0,0,0,0,0,0,0,0,0,0,0
14.543,0,0,0,0,0,0,0,0,0,0,0,0,0,0
14.389,0,0,0,0,0,0,0,0,0,0,0,0,0,0
14.467,0,0,0,0,0,0,0,0,0,0,0,0,0,0
11.141,0,0,0,0,0,0,0,0,0,0,0,0,0,0
14.793,0,0,0,0,0,0,0,0,0,0,0,0,0,0
11.008,0,0,0,0,0,0,0,0,0,0,0,0,0,0
11.061,0,0,0,0,0,0,0,0,0,0,0,0,0,0
10.804,0,0,0,0,0,0,0,0,0,0,0,0,0,0
13.892,0,0,0,0,0,0,0,0,0,0,0,0,0,0
14.355,0,0,0,0,0,0,0,0,0,0,0,0,0,0
15.107,0,0,0,0,0,0,0,0,0,0,0,0,0,0
14.428,0,0,0,0,0,0,0,0,0,0,0,0,0,0
11.033,0,0,0,0,0,0,0,0,0,0,0,0,0,0
14.023,0,0,0,0,0,0,0,0,0,0,0,0,0,0
14.073,0,0,0,0,0,0,0,0,0,0,0,0,0,0
14.123,0,0,0,0,0,0,0,0,0,0,0,0,0,0
14.62,0,0,0,0,0,0,0,0,0,0,0,0,0,0
14.727,0,0,0,0,0,0,0,0,0,0,0,0,0,0
14.403,0,0,0,0,0,0,0,0,0,0,0,0,0,0
14.192,0,0,0,0,0,0,0,0,0,0,0,0,0,0
13.981,0,0,0,0,0,0,0,0,0,0,0,0,0,0
15.759,0,0,0,0,0,0,0,0,0,0,0,0,0,0
15.186,0,0,0,0,0,0,0,0,0,0,0,0,0,0
14.8,0,0,0,0,0,0,0,0,0,0,0,0,0,0
14.648,0,0,0,0,0,0,0,0,0,0,0,0,0,0
15.274,0,0,0,0,0,0,0,0,0,0,0,0,0,0
14.804,0,0,0,0,0,0,0,0,0,0,0,0,0,0
14.621,0,0,0,0,0,0,0,0,0,0,0,0,0,0
15.424,0,0,0,0,0,0,0,0,0,0,0,0,0,0
14.888,0,0,0,0,0,0,0,0,0,0,0,0,0,0
14.313,0,0,0,0,0,0,0,0,0,0,0,0,0,0
15.5,0,0,0,0,0,0,0,0,0,0,0,0,0,0
14.769,0,0,0,0,0,0,0,0,0,0,0,0,0,0
13.993,0,0,0,0,0,0,0,0,0,0,0,0,0,0
14.141,0,0,0,0,0,0,0,0,0,0,0,0,0,0
14.899,0,0,0,0,0,0,0,0,0,0,0,0,0,0
14.222,0,0,0,0,0,0,0,0,0,0,0,0,0,0
14.767,0,0,0,0,0,0,0,0,0,0,0,0,0,0
13.782,0,0,0,0,0,0,0,0,0,0,0,0,0,0
14.607,0,0,0,0,0,0,0,0,0,0,0,0,0,0
14.916,0,0,0,0,0,0,0,0,0,0,0,0,0,0
14.674,0,0,0,0,0,0,0,0,0,0,0,0,0,0
14.032,0,0,0,0,0,0,0,0,0,0,0,0,0,0
13.723,0,0,0,0,0,0,0,0,0,0,0,0,0,0
13.867,0,0,0,0,0,0,0,0,0,0,0,0,0,0
10.037,0,0,0,0,0,0,0,0,0,0,0,0,0,0
13.469,0,0,0,0,0,0,0,0,0,0,0,0,0,0
14.105,0,0,0,0,0,0,0,0,0,0,0,0,0,0
14.013,0,0,0,0,0,0,0,0,0,0,0,0,0,0
14.348,0,0,0,0,0,0,0,0,0,0,0,0,0,0
13.759,0,0,0,0,0,0,0,0,0,0,0,0,0,0
14.071,0,0,0,0,0,0,0,0,0,0,0,0,0,0
14.004,0,0,0,0,0,0,0,0,0,0,0,0,0,0
14.237,0,0,0,0,0,0,0,0,0,0,0,0,0,0
14.204,0,0,0,0,0,0,0,0,0,0,0,0,0,0
14.089,0,0,0,0,0,0,0,0,0,0,0,0,0,0
13.803,0,0,0,0,0,0,0,0,0,0,0,0,0,0
14.064,0,0,0,0,0,0,0,0,0,0,0,0,0,0
14.228,0,0,0,0,0,0,0,0,0,0,0,0,0,0
13.747,0,0,0,0,0,0,0,0,0,0,0,0,0,0
13.723,0,0,0,0,0,0,0,0,0,0,0,0,0,0
13.75,0,0,0,0,0,0,0,0,0,0,0,0,0,0
14.632,0,0,0,0,0,0,0,0,0,0,0,0,0,0
14.132,0,0,0,0,0,0,0,0,0,0,0,0,0,0
13.578,0,0,0,0,0,0,0,0,0,0,0,0,0,0
13.448,0,0,0,0,0,0,0,0,0,0,0,0,0,0
13.735,0,0,0,0,0,0,0,0,0,0,0,0,0,0
13.422,0,0,0,0,0,0,0,0,0,0,0,0,0,0
13.229,0,0,0,0,0,0,0,0,0,0,0,0,0,0
13.351,0,0,0,0,0,0,0,0,0,0,0,0,0,0
13.162,0,0,0,0,0,0,0,0,0,0,0,0,0,0
13.233,0,0,0,0,0,0,0,0,0,0,0,0,0,0
13.498,0,0,0,0,0,0,0,0,0,0,0,0,0,0
9.9243,0,0,0,0,0,0,0,0,0,0,0,0,0,0
13.448,0,0,0,0,0,0,0,0,0,0,0,0,0,0
13.503,0,0,0,0,0,0,0,0,0,0,0,0,0,0
13.298,0,0,0,0,0,0,0,0,0,0,0,0,0,0
13.355,0,0,0,0,0,0,0,0,0,0,0,0,0,0
13.452,0,0,0,0,0,0,0,0,0,0,0,0,0,0
13.438,0,0,0,0,0,0,0,0,0,0,0,0,0,0
13.423,0,0,0,0,0,0,0,0,0,0,0,0,0,0
13.547,0,0,0,0,0,0,0,0,0,0,0,0,0,0
13.357,0,0,0,0,0,0,0,0,0,0,0,0,0,0
13.863,0,0,0,0,0,0,0,0,0,0,0,0,0,0
13.466,0,0,0,0,0,0,0,0,0,0,0,0,0,0
9.9725,0,0,0,0,0,0,0,0,0,0,0,0,0,0
13.479,0,0,0,0,0,0,0,0,0,0,0,0,0,0
13.401,0,0,0,0,0,0,0,0,0,0,0,0,0,0
10.361,0,0,0,0,0,0,0,0,0,0,0,0,0,0
13.92,0,0,0,0,0,0,0,0,0,0,0,0,0,0
14.454,0,0,0,0,0,0,0,0,0,0,0,0,0,0
14.301,0,0,0,0,0,0,0,0,0,0,0,0,0,0
14.152,0,0,0,0,0,0,0,0,0,0,0,0,0,0
15.382,0,0,0,0,0,0,0,0,0,0,0,0,0,0
14.92,0,0,0,0,0,0,0,0,0,0,0,0,0,0
16.572,0,0,0,0,0,0,0,0,0,0,0,0,0,0
16.643,0,0,0,0,0,0,0,0,0,0,0,0,0,0
16.7,0,0,0,0,0,0,0,0,0,0,0,0,0,0
16.884,0,0,0,0,0,0,0,0,0,0,0,0,0,0
17.181,0,0,0,0,0,0,0,0,0,0,0,0,0,0
17.745,0,0,0,0,0,0,0,0,0,0,0,0,0,0
19.557,0,0,0,0,0,0,0,0,0,0,0,0,0,0
19.893,0,0,0,0,0,0,0,0,0,0,0,0,0,0
19.852,0,0,0,0,0,0,0,0,0,0,0,0,0,0
19.223,0,0,0,0,0,0,0,0,0,0,0,0,0,0
18.963,0,0,0,0,0,0,0,0,0,0,0,0,0,0
19.313,0,0,0,0,0,0,0,0,0,0,0,0,0,0
18.105,0,0,0,0,0,0,0,0,0,0,0,0,0,0
18.942,0,0,0,0,0,0,0,0,0,0,0,0,0,0
19.264,0,0,0,0,0,0,0,0,0,0,0,0,0,0
18.93,0,0,0,0,0,0,0,0,0,0,0,0,0,0
18.662,0,0,0,0,0,0,0,0,0,0,0,0,0,0
18.849,0,0,0,0,0,0,0,0,0,0,0,0,0,0
18.082,0,0,0,0,0,0,0,0,0,0,0,0,0,0
18.753,0,0,0,0,0,0,0,0,0,0,0,0,0,0
19.003,0,0,0,0,0,0,0,0,0,0,0,0,0,0
19.246,0,0,0,0,0,0,0,0,0,0,0,0,0,0
18.247,0,0,0,0,0,0,0,0,0,0,0,0,0,0
18.681,0,0,0,0,0,0,0,0,0,0,0,0,0,0
18.964,0,0,0,0,0,0,0,0,0,0,0,0,0,0
18.775,0,0,0,0,0,0,0,0,0,0,0,0,0,0
17.947,0,0,0,0,0,0,0,0,0,0,0,0,0,0
18.666,0,0,0,0,0,0,0,0,0,0,0,0,0,0
17.807,0,0,0,0,0,0,0,0,0,0,0,0,0,0
18.097,0,0,0,0,0,0,0,0,0,0,0,0,0,0
18.189,0,0,0,0,0,0,0,0,0,0,0,0,0,0
19.164,0,0,0,0,0,0,0,0,0,0,0,0,0,0
18.509,0,0,0,0,0,0,0,0,0,0,0,0,0,0
17.786,0,0,0,0,0,0,0,0,0,0,0,0,0,0
19.251,0,0,0,0,0,0,0,0,0,0,0,0,0,0
19.272,0,0,0,0,0,0,0,0,0,0,0,0,0,0
17.589,0,0,0,0,0,0,0,0,0,0,0,0,0,0
18.172,0,0,0,0,0,0,0,0,0,0,0,0,0,0
17.163,0,0,0,0,0,0,0,0,0,0,0,0,0,0
17.371,0,0,0,0,0,0,0,0,0,0,0,0,0,0
16.968,0,0,0,0,0,0,0,0,0,0,0,0,0,0
18.531,0,0,0,0,0,0,0,0,0,0,0,0,0,0
18.052,0,0,0,0,0,0,0,0,0,0,0,0,0,0
18.118,0,0,0,0,0,0,0,0,0,0,0,0,0,0
18.685,0,0,0,0,0,0,0,0,0,0,0,0,0,0
16.936,0,0,0,0,0,0,0,0,0,0,0,0,0,0
15.823,0,0,0,0,0,0,0,0,0,0,0,0,0,0
17.566,0,0,0,0,0,0,0,0,0,0,0,0,0,0
16.408,0,0,0,0,0,0,0,0,0,0,0,0,0,0
17.325,0,0,0,0,0,0,0,0,0,0,0,0,0,0
16.178,0,0,0,0,0,0,0,0,0,0,0,0,0,0
16.967,0,0,0,0,0,0,0,0,0,0,0,0,0,0
15.289,0,0,0,0,0,0,0,0,0,0,0,0,0,0
16.03,0,0,0,0,0,0,0,0,0,0,0,0,0,0
12.104,0,0,0,0,0,0,0,0,0,0,0,0,0,0
16.143,0,0,0,0,0,0,0,0,0,0,0,0,0,0
15.649,0,0,0,0,0,0,0,0,0,0,0,0,0,0
15.926,0,0,0,0,0,0,0,0,0,0,0,0,0,0
14.213,0,0,0,0,0,0,0,0,0,0,0,0,0,0
15.818,0,0,0,0,0,0,0,0,0,0,0,0,0,0
12.172,0,0,0,0,0,0,0,0,0,0,0,0,0,0
14.883,0,0,0,0,0,0,0,0,0,0,0,0,0,0
14.982,0,0,0,0,0,0,0,0,0,0,0,0,0,0
15.231,0,0,0,0,0,0,0,0,0,0,0,0,0,0
15.016,0,0,0,0,0,0,0,0,0,0,0,0,0,0
14.62,0,0,0,0,0,0,0,0,0,0,0,0,0,0
11.777,0,0,0,0,0,0,0,0,0,0,0,0,0,0
11.862,0,0,0,0,0,0,0,0,0,0,0,0,0,0
15.116,0,0,0,0,0,0,0,0,0,0,0,0,0,0
14.941,0,0,0,0,0,0,0,0,0,0,0,0,0,0
14.838,0,0,0,0,0,0,0,0,0,0,0,0,0,0
16.003,0,0,0,0,0,0,0,0,0,0,0,0,0,0
14.643,0,0,0,0,0,0,0,0,0,0,0,0,0,0
14.83,0,0,0,0,0,0,0,0,0,0,0,0,0,0
14.226,0,0,0,0,0,0,0,0,0,0,0,0,0,0
14.053,0,0,0,0,0,0,0,0,0,0,0,0,0,0
10.714,0,0,0,0,0,0,0,0,0,0,0,0,0,0
14.304,0,0,0,0,0,0,0,0,0,0,0,0,0,0
14.55,0,0,0,0,0,0,0,0,0,0,0,0,0,0
15.027,0,0,0,0,0,0,0,0,0,0,0,0,0,0
14.509,0,0,0,0,0,0,0,0,0,0,0,0,0,0
15.166,0,0,0,0,0,0,0,0,0,0,0,0,0,0
14.529,0,0,0,0,0,0,0,0,0,0,0,0,0,0
15.316,0,0,0,0,0,0,0,0,0,0,0,0,0,0
14.54,0,0,0,0,0,0,0,0,0,0,0,0,0,0
14.36,0,0,0,0,0,0,0,0,0,0,0,0,0,0
14.375,0,0,0,0,0,0,0,0,0,0,0,0,0,0
14.488,0,0,0,0,0,0,0,0,0,0,0,0,0,0
14.467,0,0,0,0,0,0,0,0,0,0,0,0,0,0
14.297,0,0,0,0,0,0,0,0,0,0,0,0,0,0
14.564,0,0,0,0,0,0,0,0,0,0,0,0,0,0
14.377,0,0,0,0,0,0,0,0,0,0,0,0,0,0
14.421,0,0,0,0,0,0,0,0,0,0,0,0,0,0
14.361,0,0,0,0,0,0,0,0,0,0,0,0,0,0
14.646,0,0,0,0,0,0,0,0,0,0,0,0,0,0
14.629,0,0,0,0,0,0,0,0,0,0,0,0,0,0
14.603,0,0,0,0,0,0,0,0,0,0,0,0,0,0
14.672,0,0,0,0,0,0,0,0,0,0,0,0,0,0
14.814,0,0,0,0,0,0,0,0,0,0,0,0,0,0
14.467,0,0,0,0,0,0,0,0,0,0,0,0,0,0
14.723,0,0,0,0,0,0,0,0,0,0,0,0,0,0
14.712,0,0,0,0,0,0,0,0,0,0,0,0,0,0
14.333,0,0,0,0,0,0,0,0,0,0,0,0,0,0
14.776,0,0,0,0,0,0,0,0,0,0,0,0,0,0
14.602,0,0,0,0,0,0,0,0,0,0,0,0,0,0
14.482,0,0,0,0,0,0,0,0,0,0,0,0,0,0
13.775,0,0,0,0,0,0,0,0,0,0,0,0,0,0
14.272,0,0,0,0,0,0,0,0,0,0,0,0,0,0
13.805,0,0,0,0,0,0,0,0,0,0,0,0,0,0
14.528,0,0,0,0,0,0,0,0,0,0,0,0,0,0
14.092,0,0,0,0,0,0,0,0,0,0,0,0,0,0
14.319,0,0,0,0,0,0,0,0,0,0,0,0,0,0
14.792,0,0,0,0,0,0,0,0,0,0,0,0,0,0
14.308,0,0,0,0,0,0,0,0,0,0,0,0,0,0
14.354,0,0,0,0,0,0,0,0,0,0,0,0,0,0
14.15,0,0,0,0,0,0,0,0,0,0,0,0,0,0
14.594,0,0,0,0,0,0,0,0,0,0,0,0,0,0
14.14,0,0,0,0,0,0,0,0,0,0,0,0,0,0
14.708,0,0,0,0,0,0,0,0,0,0,0,0,0,0
14.285,0,0,0,0,0,0,0,0,0,0,0,0,0,0
11.183,0,0,0,0,0,0,0,0,0,0,0,0,0,0
14.541,0,0,0,0,0,0,0,0,0,0,0,0,0,0
13.829,0,0,0,0,0,0,0,0,0,0,0,0,0,0
14.269,0,0,0,0,0,0,0,0,0,0,0,0,0,0
13.627,0,0,0,0,0,0,0,0,0,0,0,0,0,0
10.805,0,0,0,0,0,0,0,0,0,0,0,0,0,0
14.133,0,0,0,0,0,0,0,0,0,0,0,0,0,0
14.35,0,0,0,0,0,0,0,0,0,0,0,0,0,0
13.809,0,0,0,0,0,0,0,0,0,0,0,0,0,0
14.067,0,0,0,0,0,0,0,0,0,0,0,0,0,0
14.717,0,0,0,0,0,0,0,0,0,0,0,0,0,0
14.294,0,0,0,0,0,0,0,0,0,0,0,0,0,0
16.103,0,0,0,0,0,0,0,0,0,0,0,0,0,0
15.578,0,0,0,0,0,0,0,0,0,0,0,0,0,0
14.956,0,0,0,0,0,0,0,0,0,0,0,0,0,0
15.681,0,0,0,0,0,0,0,0,0,0,0,0,0,0
16.06,0,0,0,0,0,0,0,0,0,0,0,0,0,0
14.467,0,0,0,0,0,0,0,0,0,0,0,0,0,0
13.075,0,0,0,0,0,0,0,0,0,0,0,0,0,0
12.969,0,0,0,0,0,0,0,0,0,0,0,0,0,0
13.017,0,0,0,0,0,0,0,0,0,0,0,0,0,0
12.595,0,0,0,0,0,0,0,0,0,0,0,0,0,0
13.004,0,0,0,0,0,0,0,0,0,0,0,0,0,0
12.564,0,0,0,0,0,0,0,0,0,0,0,0,0,0
12.25,0,0,0,0,0,0,0,0,0,0,0,0,0,0
15.753,0,0,0,0,0,0,0,0,0,0,0,0,0,0
15.584,0,0,0,0,0,0,0,0,0,0,0,0,0,0
14.673,0,0,0,0,0,0,0,0,0,0,0,0,0,0
14.306,0,0,0,0,0,0,0,0,0,0,0,0,0,0
13.833,0,0,0,0,0,0,0,0,0,0,0,0,0,0
13.614,0,0,0,0,0,0,0,0,0,0,0,0,0,0
13.686,0,0,0,0,0,0,0,0,0,0,0,0,0,0
14.958,0,0,0,0,0,0,0,0,0,0,0,0,0,0
10.307,0,0,0,0,0,0,0,0,0,0,0,0,0,0
14.13,0,0,0,0,0,0,0,0,0,0,0,0,0,0
13.871,0,0,0,0,0,0,0,0,0,0,0,0,0,0
13.603,0,0,0,0,0,0,0,0,0,0,0,0,0,0
13.311,0,0,0,0,0,0,0,0,0,0,0,0,0,0
13.589,0,0,0,0,0,0,0,0,0,0,0,0,0,0
13.626,0,0,0,0,0,0,0,0,0,0,0,0,0,0
13.552,0,0,0,0,0,0,0,0,0,0,0,0,0,0
13.828,0,0,0,0,0,0,0,0,0,0,0,0,0,0
13.921,0,0,0,0,0,0,0,0,0,0,0,0,0,0
13.982,0,0,0,0,0,0,0,0,0,0,0,0,0,0
13.72,0,0,0,0,0,0,0,0,0,0,0,0,0,0
13.774,0,0,0,0,0,0,0,0,0,0,0,0,0,0
13.847,0,0,0,0,0,0,0,0,0,0,0,0,0,0
14.313,0,0,0,0,0,0,0,0,0,0,0,0,0,0
13.793,0,0,0,0,0,0,0,0,0,0,0,0,0,0
13.823,0,0,0,0,0,0,0,0,0,0,0,0,0,0
14.064,0,0,0,0,0,0,0,0,0,0,0,0,0,0
14.294,0,0,0,0,0,0,0,0,0,0,0,0,0,0
14.559,0,0,0,0,0,0,0,0,0,0,0,0,0,0
14.15,0,0,0,0,0,0,0,0,0,0,0,0,0,0
14.377,0,0,0,0,0,0,0,0,0,0,0,0,0,0
15.291,0,0,0,0,0,0,0,0,0,0,0,0,0,0
14.826,0,0,0,0,0,0,0,0,0,0,0,0,0,0
14.375,0,0,0,0,0,0,0,0,0,0,0,0,0,0
14.282,0,0,0,0,0,0,0,0,0,0,0,0,0,0
14.235,0,0,0,0,0,0,0,0,0,0,0,0,0,0
14.548,0,0,0,0,0,0,0,0,0,0,0,0,0,0
15.452,0,0,0,0,0,0,0,0,0,0,0,0,0,0
15.899,0,0,0,0,0,0,0,0,0,0,0,0,0,0
15.156,0,0,0,0,0,0,0,0,0,0,0,0,0,0
11.336,0,0,0,0,0,0,0,0,0,0,0,0,0,0
12.537,0,0,0,0,0,0,0,0,0,0,0,0,0,0
15.046,0,0,0,0,0,0,0,0,0,0,0,0,0,0
14.322,0,0,0,0,0,0,0,0,0,0,0,0,0,0
14.064,0,0,0,0,0,0,0,0,0,0,0,0,0,0
15.331,0,0,0,0,0,0,0,0,0,0,0,0,0,0
13.504,0,0,0,0,0,0,0,0,0,0,0,0,0,0
11.967,0,0,0,0,0,0,0,0,0,0,0,0,0,0
11.877,0,0,0,0,0,0,0,0,0,0,0,0,0,0
15.49,0,0,0,0,0,0,0,0,0,0,0,0,0,0
18.419,0,0,0,0,0,0,0,0,0,0,0,0,0,0
13.655,0,0,0,0,0,0,0,0,0,0,0,0,0,0
13.664,0,0,0,0,0,0,0,0,0,0,0,0,0,0
14.235,0,0,0,0,0,0,0,0,0,0,0,0,0,0
13.627,0,0,0,0,0,0,0,0,0,0,0,0,0,0
13.174,0,0,0,0,0,0,0,0,0,0,0,0,0,0
17.373,0,0,0,0,0,0,0,0,0,0,0,0,0,0
13.664,0,0,0,0,0,0,0,0,0,0,0,0,0,0
16.093,0,0,0,0,0,0,0,0,0,0,0,0,0,0
13.799,0,0,0,0,0,0,0,0,0,0,0,0,0,0
16.11,0,0,0,0,0,0,0,0,0,0,0,0,0,0
14.082,0,0,0,0,0,0,0,0,0,0,0,0,0,0
14.022,0,0,0,0,0,0,0,0,0,0,0,0,0,0
14.242,0,0,0,0,0,0,0,0,0,0,0,0,0,0
13.525,0,0,0,0,0,0,0,0,0,0,0,0,0,0
13.539,0,0,0,0,0,0,0,0,0,0,0,0,0,0
13.766,0,0,0,0,0,0,0,0,0,0,0,0,0,0
14.29,0,0,0,0,0,0,0,0,0,0,0,0,0,0
14.607,0,0,0,0,0,0,0,0,0,0,0,0,0,0
14.003,0,0,0,0,0,0,0,0,0,0,0,0,0,0
16.699,0,0,0,0,0,0,0,0,0,0,0,0,0,0
16.675,0,0,0,0,0,0,0,0,0,0,0,0,0,0
15.661,0,0,0,0,0,0,0,0,0,0,0,0,0,0
18.385,0,0,0,0,0,0,0,0,0,0,0,0,0,0
17.204,0,0,0,0,0,0,0,0,0,0,0,0,0,0
17.671,0,0,0,0,0,0,0,0,0,0,0,0,0,0
17.659,0,0,0,0,0,0,0,0,0,0,0,0,0,0
13.477,0,0,0,0,0,0,0,0,0,0,0,0,0,0
13.637,0,0,0,0,0,0,0,0,0,0,0,0,0,0
16.437,0,0,0,0,0,0,0,0,0,0,0,0,0,0
17.006,0,0,0,0,0,0,0,0,0,0,0,0,0,0
16.399,0,0,0,0,0,0,0,0,0,0,0,0,0,0
16.331,0,0,0,0,0,0,0,0,0,0,0,0,0,0
16.034,0,0,0,0,0,0,0,0,0,0,0,0,0,0
16.809,0,0,0,0,0,0,0,0,0,0,0,0,0,0
13.36,0,0,0,0,0,0,0,0,0,0,0,0,0,0
17.221,0,0,0,0,0,0,0,0,0,0,0,0,0,0
16.586,0,0,0,0,0,0,0,0,0,0,0,0,0,0
13.016,0,0,0,0,0,0,0,0,0,0,0,0,0,0
16.573,0,0,0,0,0,0,0,0,0,0,0,0,0,0
17.044,0,0,0,0,0,0,0,0,0,0,0,0,0,0
16.542,0,0,0,0,0,0,0,0,0,0,0,0,0,0
15.255,0,0,0,0,0,0,0,0,0,0,0,0,0,0
16.254,0,0,0,0,0,0,0,0,0,0,0,0,0,0
15.44,0,0,0,0,0,0,0,0,0,0,0,0,0,0
15.632,0,0,0,0,0,0,0,0,0,0,0,0,0,0
15.039,0,0,0,0,0,0,0,0,0,0,0,0,0,0
14.879,0,0,0,0,0,0,0,0,0,0,0,0,0,0
14.558,0,0,0,0,0,0,0,0,0,0,0,0,0,0
14.684,0,0,0,0,0,0,0,0,0,0,0,0,0,0
15.356,0,0,0,0,0,0,0,0,0,0,0,0,0,0
14.011,0,0,0,0,0,0,0,0,0,0,0,0,0,0
13.544,0,0,0,0,0,0,0,0,0,0,0,0,0,0
13.794,0,0,0,0,0,0,0,0,0,0,0,0,0,0
13.556,0,0,0,0,0,0,0,0,0,0,0,0,0,0
13.536,0,0,0,0,0,0,0,0,0,0,0,0,0,0
13.27,0,0,0,0,0,0,0,0,0,0,0,0,0,0
13.193,0,0,0,0,0,0,0,0,0,0,0,0,0,0
12.997,0,0,0,0,0,0,0,0,0,0,0,0,0,0
13.358,0,0,0,0,0,0,0,0,0,0,0,0,0,0
13.524,0,0,0,0,0,0,0,0,0,0,0,0,0,0
13.418,0,0,0,0,0,0,0,0,0,0,0,0,0,0
13.259,0,0,0,0,0,0,0,0,0,0,0,0,0,0
13.349,0,0,0,0,0,0,0,0,0,0,0,0,0,0
13.414,0,0,0,0,0,0,0,0,0,0,0,0,0,0
13.677,0,0,0,0,0,0,0,0,0,0,0,0,0,0
13.468,0,0,0,0,0,0,0,0,0,0,0,0,0,0
13.576,0,0,0,0,0,0,0,0,0,0,0,0,0,0
13.405,0,0,0,0,0,0,0,0,0,0,0,0,0,0
13.419,0,0,0,0,0,0,0,0,0,0,0,0,0,0
13.305,0,0,0,0,0,0,0,0,0,0,0,0,0,0
13.54,0,0,0,0,0,0,0,0,0,0,0,0,0,0
13.829,0,0,0,0,0,0,0,0,0,0,0,0,0,0
13.607,0,0,0,0,0,0,0,0,0,0,0,0,0,0
13.422,0,0,0,0,0,0,0,0,0,0,0,0,0,0
13.811,0,0,0,0,0,0,0,0,0,0,0,0,0,0
13.641,0,0,0,0,0,0,0,0,0,0,0,0,0,0
9.7854,0,0,0,0,0,0,0,0,0,0,0,0,0,0
13.54,0,0,0,0,0,0,0,0,0,0,0,0,0,0
13.613,0,0,0,0,0,0,0,0,0,0,0,0,0,0
13.464,0,0,0,0,0,0,0,0,0,0,0,0,0,0
12.877,0,0,0,0,0,0,0,0,0,0,0,0,0,0
12.622,0,0,0,0,0,0,0,0,0,0,0,0,0,0
12.672,0,0,0,0,0,0,0,0,0,0,0,0,0,0
12.701,0,0,0,0,0,0,0,0,0,0,0,0,0,0
12.405,0,0,0,0,0,0,0,0,0,0,0,0,0,0
12.517,0,0,0,0,0,0,0,0,0,0,0,0,0,0
12.26,0,0,0,0,0,0,0,0,0,0,0,0,0,0
12.221,0,0,0,0,0,0,0,0,0,0,0,0,0,0
12.795,0,0,0,0,0,0,0,0,0,0,0,0,0,0
12.511,0,0,0,0,0,0,0,0,0,0,0,0,0,0
12.496,0,0,0,0,0,0,0,0,0,0,0,0,0,0
12.488,0,0,0,0,0,0,0,0,0,0,0,0,0,0
9.074,0,0,0,0,0,0,0,0,0,0,0,0,0,0
12.741,0,0,0,0,0,0,0,0,0,0,0,0,0,0
12.317,0,0,0,0,0,0,0,0,0,0,0,0,0,0
12.383,0,0,0,0,0,0,0,0,0,0,0,0,0,0
12.239,0,0,0,0,0,0,0,0,0,0,0,0,0,0
12.5,0,0,0,0,0,0,0,0,0,0,0,0,0,0
12.457,0,0,0,0,0,0,0,0,0,0,0,0,0,0
12.179,0,0,0,0,0,0,0,0,0,0,0,0,0,0
12.2,0,0,0,0,0,0,0,0,0,0,0,0,0,0
8.73,0,0,0,0,0,0,0,0,0,0,0,0,0,0
12.383,0,0,0,0,0,0,0,0,0,0,0,0,0,0
12.34,0,0,0,0,0,0,0,0,0,0,0,0,0,0
12.509,0,0,0,0,0,0,0,0,0,0,0,0,0,0
12.356,0,0,0,0,0,0,0,0,0,0,0,0,0,0
12.547,0,0,0,0,0,0,0,0,0,0,0,0,0,0
12.725,0,0,0,0,0,0,0,0,0,0,0,0,0,0
12.587,0,0,0,0,0,0,0,0,0,0,0,0,0,0
12.6,0,0,0,0,0,0,0,0,0,0,0,0,0,0
12.686,0,0,0,0,0,0,0,0,0,0,0,0,0,0
12.438,0,0,0,0,0,0,0,0,0,0,0,0,0,0
12.675,0,0,0,0,0,0,0,0,0,0,0,0,0,0
12.455,0,0,0,0,0,0,0,0,0,0,0,0,0,0
12.464,0,0,0,0,0,0,0,0,0,0,0,0,0,0
12.414,0,0,0,0,0,0,0,0,0,0,0,0,0,0
12.783,0,0,0,0,0,0,0,0,0,0,0,0,0,0
9.1171,0,0,0,0,0,0,0,0,0,0,0,0,0,0
12.525,0,0,0,0,0,0,0,0,0,0,0,0,0,0
12.511,0,0,0,0,0,0,0,0,0,0,0,0,0,0
12.636,0,0,0,0,0,0,0,0,0,0,0,0,0,0
12.514,0,0,0,0,0,0,0,0,0,0,0,0,0,0
12.229,0,0,0,0,0,0,0,0,0,0,0,0,0,0
12.398,0,0,0,0,0,0,0,0,0,0,0,0,0,0
12.658,0,0,0,0,0,0,0,0,0,0,0,0,0,0
8.8919,0,0,0,0,0,0,0,0,0,0,0,0,0,0
8.929,0,0,0,0,0,0,0,0,0,0,0,0,0,0
12.302,0,0,0,0,0,0,0,0,0,0,0,0,0,0
12.388,0,0,0,0,0,0,0,0,0,0,0,0,0,0
12.361,0,0,0,0,0,0,0,0,0,0,0,0,0,0
12.305,0,0,0,0,0,0,0,0,0,0,0,0,0,0
9.0649,0,0,0,0,0,0,0,0,0,0,0,0,0,0
12.442,0,0,0,0,0,0,0,0,0,0,0,0,0,0
12.569,0,0,0,0,0,0,0,0,0,0,0,0,0,0
12.663,0,0,0,0,0,0,0,0,0,0,0,0,0,0
12.473,0,0,0,0,0,0,0,0,0,0,0,0,0,0
12.519,0,0,0,0,0,0,0,0,0,0,0,0,0,0
9.1395,0,0,0,0,0,0,0,0,0,0,0,0,0,0
12.41,0,0,0,0,0,0,0,0,0,0,0,0,0,0
12.412,0,0,0,0,0,0,0,0,0,0,0,0,0,0
12.265,0,0,0,0,0,0,0,0,0,0,0,0,0,0
12.311,0,0,0,0,0,0,0,0,0,0,0,0,0,0
12.142,0,0,0,0,0,0,0,0,0,0,0,0,0,0
12.515,0,0,0,0,0,0,0,0,0,0,0,0,0,0
12.492,0,0,0,0,0,0,0,0,0,0,0,0,0,0
12.255,0,0,0,0,0,0,0,0,0,0,0,0,0,0
12.278,0,0,0,0,0,0,0,0,0,0,0,0,0,0
12.411,0,0,0,0,0,0,0,0,0,0,0,0,0,0
12.264,0,0,0,0,0,0,0,0,0,0,0,0,0,0
12.3,0,0,0,0,0,0,0,0,0,0,0,0,0,0
12.518,0,0,0,0,0,0,0,0,0,0,0,0,0,0
12.348,0,0,0,0,0,0,0,0,0,0,0,0,0,0
12.528,0,0,0,0,0,0,0,0,0,0,0,0,0,0
12.328,0,0,0,0,0,0,0,0,0,0,0,0,0,0
12.491,0,0,0,0,0,0,0,0,0,0,0,0,0,0
12.219,0,0,0,0,0,0,0,0,0,0,0,0,0,0
12.338,0,0,0,0,0,0,0,0,0,0,0,0,0,0
12.287,0,0,0,0,0,0,0,0,0,0,0,0,0,0
12.471,0,0,0,0,0,0,0,0,0,0,0,0,0,0
12.227,0,0,0,0,0,0,0,0,0,0,0,0,0,0
12.375,0,0,0,0,0,0,0,0,0,0,0,0,0,0
12.78,0,0,0,0,0,0,0,0,0,0,0,0,0,0
9.3852,0,0,0,0,0,0,0,0,0,0,0,0,0,0
12.247,0,0,0,0,0,0,0,0,0,0,0,0,0,0
12.34,0,0,0,0,0,0,0,0,0,0,0,0,0,0
12.747,0,0,0,0,0,0,0,0,0,0,0,0,0,0
13.284,0,0,0,0,0,0,0,0,0,0,0,0,0,0
13.76,0,0,0,0,0,0,0,0,0,0,0,0,0,0
13.016,0,0,0,0,0,0,0,0,0,0,0,0,0,0
12.487,0,0,0,0,0,0,0,0,0,0,0,0,0,0
12.627,0,0,0,0,0,0,0,0,0,0,0,0,0,0
12.763,0,0,0,0,0,0,0,0,0,0,0,0,0,0
12.711,0,0,0,0,0,0,0,0,0,0,0,0,0,0
12.701,0,0,0,0,0,0,0,0,0,0,0,0,0,0
13.788,0,0,0,0,0,0,0,0,0,0,0,0,0,0
13.032,0,0,0,0,0,0,0,0,0,0,0,0,0,0
13.799,0,0,0,0,0,0,0,0,0,0,0,0,0,0
13.885,0,0,0,0,0,0,0,0,0,0,0,0,0,0
14.679,0,0,0,0,0,0,0,0,0,0,0,0,0,0
15.008,0,0,0,0,0,0,0,0,0,0,0,0,0,0
15.166,0,0,0,0,0,0,0,0,0,0,0,0,0,0
15.383,0,0,0,0,0,0,0,0,0,0,0,0,0,0
14.863,0,0,0,0,0,0,0,0,0,0,0,0,0,0
15.12,0,0,0,0,0,0,0,0,0,0,0,0,0,0
15.031,0,0,0,0,0,0,0,0,0,0,0,0,0,0
14.89,0,0,0,0,0,0,0,0,0,0,0,0,0,0
14.922,0,0,0,0,0,0,0,0,0,0,0,0,0,0
15.23,0,0,0,0,0,0,0,0,0,0,0,0,0,0
14.769,0,0,0,0,0,0,0,0,0,0,0,0,0,0
15.052,0,0,0,0,0,0,0,0,0,0,0,0,0,0
14.86,0,0,0,0,0,0,0,0,0,0,0,0,0,0
15.21,0,0,0,0,0,0,0,0,0,0,0,0,0,0
14.778,0,0,0,0,0,0,0,0,0,0,0,0,0,0
15.141,0,0,0,0,0,0,0,0,0,0,0,0,0,0
15.237,0,0,0,0,0,0,0,0,0,0,0,0,0,0
15.536,0,0,0,0,0,0,0,0,0,0,0,0,0,0
15.359,0,0,0,0,0,0,0,0,0,0,0,0,0,0
15.475,0,0,0,0,0,0,0,0,0,0,0,0,0,0
15.53,0,0,0,0,0,0,0,0,0,0,0,0,0,0
15.473,0,0,0,0,0,0,0,0,0,0,0,0,0,0
15.383,0,0,0,0,0,0,0,0,0,0,0,0,0,0
15.764,0,0,0,0,0,0,0,0,0,0,0,0,0,0
15.714,0,0,0,0,0,0,0,0,0,0,0,0,0,0
15.25,0,0,0,0,0,0,0,0,0,0,0,0,0,0
15.38,0,0,0,0,0,0,0,0,0,0,0,0,0,0
15.56,0,0,0,0,0,0,0,0,0,0,0,0,0,0
15.086,0,0,0,0,0,0,0,0,0,0,0,0,0,0
11.515,0,0,0,0,0,0,0,0,0,0,0,0,0,0
15.563,0,0,0,0,0,0,0,0,0,0,0,0,0,0
15.69,0,0,0,0,0,0,0,0,0,0,0,0,0,0
15.085,0,0,0,0,0,0,0,0,0,0,0,0,0,0
15.852,0,0,0,0,0,0,0,0,0,0,0,0,0,0
15.349,0,0,0,0,0,0,0,0,0,0,0,0,0,0
15.967,0,0,0,0,0,0,0,0,0,0,0,0,0,0
15.782,0,0,0,0,0,0,0,0,0,0,0,0,0,0
16.475,0,0,0,0,0,0,0,0,0,0,0,0,0,0
15.952,0,0,0,0,0,0,0,0,0,0,0,0,0,0
16.053,0,0,0,0,0,0,0,0,0,0,0,0,0,0
15.253,0,0,0,0,0,0,0,0,0,0,0,0,0,0
14.627,0,0,0,0,0,0,0,0,0,0,0,0,0,0
15.131,0,0,0,0,0,0,0,0,0,0,0,0,0,0
15.207,0,0,0,0,0,0,0,0,0,0,0,0,0,0
15.162,0,0,0,0,0,0,0,0,0,0,0,0,0,0
14.997,0,0,0,0,0,0,0,0,0,0,0,0,0,0
14.719,0,0,0,0,0,0,0,0,0,0,0,0,0,0
14.681,0,0,0,0,0,0,0,0,0,0,0,0,0,0
15.954,0,0,0,0,0,0,0,0,0,0,0,0,0,0
15.013,0,0,0,0,0,0,0,0,0,0,0,0,0,0
15.294,0,0,0,0,0,0,0,0,0,0,0,0,0,0
15.228,0,0,0,0,0,0,0,0,0,0,0,0,0,0
15.696,0,0,0,0,0,0,0,0,0,0,0,0,0,0
14.917,0,0,0,0,0,0,0,0,0,0,0,0,0,0
11.142,0,0,0,0,0,0,0,0,0,0,0,0,0,0
14.742,0,0,0,0,0,0,0,0,0,0,0,0,0,0
14.541,0,0,0,0,0,0,0,0,0,0,0,0,0,0
15.564,0,0,0,0,0,0,0,0,0,0,0,0,0,0
14.933,0,0,0,0,0,0,0,0,0,0,0,0,0,0
15.161,0,0,0,0,0,0,0,0,0,0,0,0,0,0
15.017,0,0,0,0,0,0,0,0,0,0,0,0,0,0
15.034,0,0,0,0,0,0,0,0,0,0,0,0,0,0
14.783,0,0,0,0,0,0,0,0,0,0,0,0,0,0
14.636,0,0,0,0,0,0,0,0,0,0,0,0,0,0
14.648,0,0,0,0,0,0,0,0,0,0,0,0,0,0
14.867,0,0,0,0,0,0,0,0,0,0,0,0,0,0
14.677,0,0,0,0,0,0,0,0,0,0,0,0,0,0
14.976,0,0,0,0,0,0,0,0,0,0,0,0,0,0
15.131,0,0,0,0,0,0,0,0,0,0,0,0,0,0
15.081,0,0,0,0,0,0,0,0,0,0,0,0,0,0
14.731,0,0,0,0,0,0,0,0,0,0,0,0,0,0
11.343,0,0,0,0,0,0,0,0,0,0,0,0,0,0
15.224,0,0,0,0,0,0,0,0,0,0,0,0,0,0
15.304,0,0,0,0,0,0,0,0,0,0,0,0,0,0
15.527,0,0,0,0,0,0,0,0,0,0,0,0,0,0
15.138,0,0,0,0,0,0,0,0,0,0,0,0,0,0
15.412,0,0,0,0,0,0,0,0,0,0,0,0,0,0
15.229,0,0,0,0,0,0,0,0,0,0,0,0,0,0
15.255,0,0,0,0,0,0,0,0,0,0,0,0,0,0
15.486,0,0,0,0,0,0,0,0,0,0,0,0,0,0
15.329,0,0,0,0,0,0,0,0,0,0,0,0,0,0
15.457,0,0,0,0,0,0,0,0,0,0,0,0,0,0
15.5,0,0,0,0,0,0,0,0,0,0,0,0,0,0
15.631,0,0,0,0,0,0,0,0,0,0,0,0,0,0
15.466,0,0,0,0,0,0,0,0,0,0,0,0,0,0
15.711,0,0,0,0,0,0,0,0,0,0,0,0,0,0
15.65,0,0,0,0,0,0,0,0,0,0,0,0,0,0
15.676,0,0,0,0,0,0,0,0,0,0,0,0,0,0
15.871,0,0,0,0,0,0,0,0,0,0,0,0,0,0
16.05,0,0,0,0,0,0,0,0,0,0,0,0,0,0
16.017,0,0,0,0,0,0,0,0,0,0,0,0,0,0
16.135,0,0,0,0,0,0,0,0,0,0,0,0,0,0
16.614,0,0,0,0,0,0,0,0,0,0,0,0,0,0
16.391,0,0,0,0,0,0,0,0,0,0,0,0,0,0
16.056,0,0,0,0,0,0,0,0,0,0,0,0,0,0
15.9,0,0,0,0,0,0,0,0,0,0,0,0,0,0
16.492,0,0,0,0,0,0,0,0,0,0,0,0,0,0
16.04,0,0,0,0,0,0,0,0,0,0,0,0,0,0
15.773,0,0,0,0,0,0,0,0,0,0,0,0,0,0
12.203,0,0,0,0,0,0,0,0,0,0,0,0,0,0
15.816,0,0,0,0,0,0,0,0,0,0,0,0,0,0
16.276,0,0,0,0,0,0,0,0,0,0,0,0,0,0
16.117,0,0,0,0,0,0,0,0,0,0,0,0,0,0
15.714,0,0,0,0,0,0,0,0,0,0,0,0,0,0
16.354,0,0,0,0,0,0,0,0,0,0,0,0,0,0
12.163,0,0,0,0,0,0,0,0,0,0,0,0,0,0
12.444,0,0,0,0,0,0,0,0,0,0,0,0,0,0
12.47,0,0,0,0,0,0,0,0,0,0,0,0,0,0
12.294,0,0,0,0,0,0,0,0,0,0,0,0,0,0
16.623,0,0,0,0,0,0,0,0,0,0,0,0,0,0
16.488,0,0,0,0,0,0,0,0,0,0,0,0,0,0
16.956,0,0,0,0,0,0,0,0,0,0,0,0,0,0
16.472,0,0,0,0,0,0,0,0,0,0,0,0,0,0
17.097,0,0,0,0,0,0,0,0,0,0,0,0,0,0
16.251,0,0,0,0,0,0,0,0,0,0,0,0,0,0
16.5,0,0,0,0,0,0,0,0,0,0,0,0,0,0
16.581,0,0,0,0,0,0,0,0,0,0,0,0,0,0
16.923,0,0,0,0,0,0,0,0,0,0,0,0,0,0
16.264,0,0,0,0,0,0,0,0,0,0,0,0,0,0
17.499,0,0,0,0,0,0,0,0,0,0,0,0,0,0
17.971,0,0,0,0,0,0,0,0,0,0,0,0,0,0
14.975,0,0,0,0,0,0,0,0,0,0,0,0,0,0
17.637,0,0,0,0,0,0,0,0,0,0,0,0,0,0
16.657,0,0,0,0,0,0,0,0,0,0,0,0,0,0
18.336,0,0,0,0,0,0,0,0,0,0,0,0,0,0
14.927,0,0,0,0,0,0,0,0,0,0,0,0,0,0
18.279,0,0,0,0,0,0,0,0,0,0,0,0,0,0
18.197,0,0,0,0,0,0,0,0,0,0,0,0,0,0
17.051,0,0,0,0,0,0,0,0,0,0,0,0,0,0
14.101,0,0,0,0,0,0,0,0,0,0,0,0,0,0
13.554,0,0,0,0,0,0,0,0,0,0,0,0,0,0
13.496,0,0,0,0,0,0,0,0,0,0,0,0,0,0
16.456,0,0,0,0,0,0,0,0,0,0,0,0,0,0
12.556,0,0,0,0,0,0,0,0,0,0,0,0,0,0
15.96,0,0,0,0,0,0,0,0,0,0,0,0,0,0
15.52,0,0,0,0,0,0,0,0,0,0,0,0,0,0
16.337,0,0,0,0,0,0,0,0,0,0,0,0,0,0
16.064,0,0,0,0,0,0,0,0,0,0,0,0,0,0
16.472,0,0,0,0,0,0,0,0,0,0,0,0,0,0
15.424,0,0,0,0,0,0,0,0,0,0,0,0,0,0
16.669,0,0,0,0,0,0,0,0,0,0,0,0,0,0
15.363,0,0,0,0,0,0,0,0,0,0,0,0,0,0
12.262,0,0,0,0,0,0,0,0,0,0,0,0,0,0
15.505,0,0,0,0,0,0,0,0,0,0,0,0,0,0
16.151,0,0,0,0,0,0,0,0,0,0,0,0,0,0
15.535,0,0,0,0,0,0,0,0,0,0,0,0,0,0
15.582,0,0,0,0,0,0,0,0,0,0,0,0,0,0
15.565,0,0,0,0,0,0,0,0,0,0,0,0,0,0
15.397,0,0,0,0,0,0,0,0,0,0,0,0,0,0
11.687,0,0,0,0,0,0,0,0,0,0,0,0,0,0
15.115,0,0,0,0,0,0,0,0,0,0,0,0,0,0
14.799,0,0,0,0,0,0,0,0,0,0,0,0,0,0
15.506,0,0,0,0,0,0,0,0,0,0,0,0,0,0
15.484,0,0,0,0,0,0,0,0,0,0,0,0,0,0
12.406,0,0,0,0,0,0,0,0,0,0,0,0,0,0
11.838,0,0,0,0,0,0,0,0,0,0,0,0,0,0
15.616,0,0,0,0,0,0,0,0,0,0,0,0,0,0
15.545,0,0,0,0,0,0,0,0,0,0,0,0,0,0
15.834,0,0,0,0,0,0,0,0,0,0,0,0,0,0
13.605,0,0,0,0,0,0,0,0,0,0,0,0,0,0
16.436,0,0,0,0,0,0,0,0,0,0,0,0,0,0
15.971,0,0,0,0,0,0,0,0,0,0,0,0,0,0
15.849,0,0,0,0,0,0,0,0,0,0,0,0,0,0
16.226,0,0,0,0,0,0,0,0,0,0,0,0,0,0
15.585,0,0,0,0,0,0,0,0,0,0,0,0,0,0
12.29,0,0,0,0,0,0,0,0,0,0,0,0,0,0
15.928,0,0,0,0,0,0,0,0,0,0,0,0,0,0
16.59,0,0,0,0,0,0,0,0,0,0,0,0,0,0
16.186,0,0,0,0,0,0,0,0,0,0,0,0,0,0
16.486,0,0,0,0,0,0,0,0,0,0,0,0,0,0
16.49,0,0,0,0,0,0,0,0,0,0,0,0,0,0
17.087,0,0,0,0,0,0,0,0,0,0,0,0,0,0
17.069,0,0,0,0,0,0,0,0,0,0,0,0,0,0
16.265,0,0,0,0,0,0,0,0,0,0,0,0,0,0
16.34,0,0,0,0,0,0,0,0,0,0,0,0,0,0
16.529,0,0,0,0,0,0,0,0,0,0,0,0,0,0
15.616,0,0,0,0,0,0,0,0,0,0,0,0,0,0
15.439,0,0,0,0,0,0,0,0,0,0,0,0,0,0
15.794,0,0,0,0,0,0,0,0,0,0,0,0,0,0
15.608,0,0,0,0,0,0,0,0,0,0,0,0,0,0
15.795,0,0,0,0,0,0,0,0,0,0,0,0,0,0
15.513,0,0,0,0,0,0,0,0,0,0,0,0,0,0
16.5,0,0,0,0,0,0,0,0,0,0,0,0,0,0
15.95,0,0,0,0,0,0,0,0,0,0,0,0,0,0
16.012,0,0,0,0,0,0,0,0,0,0,0,0,0,0
12.715,0,0,0,0,0,0,0,0,0,0,0,0,0,0
12.41,0,0,0,0,0,0,0,0,0,0,0,0,0,0
15.713,0,0,0,0,0,0,0,0,0,0,0,0,0,0
15.447,0,0,0,0,0,0,0,0,0,0,0,0,0,0
15.562,0,0,0,0,0,0,0,0,0,0,0,0,0,0
16.164,0,0,0,0,0,0,0,0,0,0,0,0,0,0
15.976,0,0,0,0,0,0,0,0,0,0,0,0,0,0
15.429,0,0,0,0,0,0,0,0,0,0,0,0,0,0
15.447,0,0,0,0,0,0,0,0,0,0,0,0,0,0
15.464,0,0,0,0,0,0,0,0,0,0,0,0,0,0
15.762,0,0,0,0,0,0,0,0,0,0,0,0,0,0
15.222,0,0,0,0,0,0,0,0,0,0,0,0,0,0
12.074,0,0,0,0,0,0,0,0,0,0,0,0,0,0
15.291,0,0,0,0,0,0,0,0,0,0,0,0,0,0
12.084,0,0,0,0,0,0,0,0,0,0,0,0,0,0
12.385,0,0,0,0,0,0,0,0,0,0,0,0,0,0
15.87,0,0,0,0,0,0,0,0,0,0,0,0,0,0
16.061,0,0,0,0,0,0,0,0,0,0,0,0,0,0
15.309,0,0,0,0,0,0,0,0,0,0,0,0,0,0
15.548,0,0,0,0,0,0,0,0,0,0,0,0,0,0
15.889,0,0,0,0,0,0,0,0,0,0,0,0,0,0
15.965,0,0,0,0,0,0,0,0,0,0,0,0,0,0
16.062,0,0,0,0,0,0,0,0,0,0,0,0,0,0
16.063,0,0,0,0,0,0,0,0,0,0,0,0,0,0
17.184,0,0,0,0,0,0,0,0,0,0,0,0,0,0
13.865,0,0,0,0,0,0,0,0,0,0,0,0,0,0
13.589,0,0,0,0,0,0,0,0,0,0,0,0,0,0
13.327,0,0,0,0,0,0,0,0,0,0,0,0,0,0
13.323,0,0,0,0,0,0,0,0,0,0,0,0,0,0
17.288,0,0,0,0,0,0,0,0,0,0,0,0,0,0
17.076,0,0,0,0,0,0,0,0,0,0,0,0,0,0
17.414,0,0,0,0,0,0,0,0,0,0,0,0,0,0
14.034,0,0,0,0,0,0,0,0,0,0,0,0,0,0
13.108,0,0,0,0,0,0,0,0,0,0,0,0,0,0
13.469,0,0,0,0,0,0,0,0,0,0,0,0,0,0
12.342,0,0,0,0,0,0,0,0,0,0,0,0,0,0
15.606,0,0,0,0,0,0,0,0,0,0,0,0,0,0
16.243,0,0,0,0,0,0,0,0,0,0,0,0,0,0
12.586,0,0,0,0,0,0,0,0,0,0,0,0,0,0
15.904,0,0,0,0,0,0,0,0,0,0,0,0,0,0
15.498,0,0,0,0,0,0,0,0,0,0,0,0,0,0
15.403,0,0,0,0,0,0,0,0,0,0,0,0,0,0
15.71,0,0,0,0,0,0,0,0,0,0,0,0,0,0
15.632,0,0,0,0,0,0,0,0,0,0,0,0,0,0
15.767,0,0,0,0,0,0,0,0,0,0,0,0,0,0
15.557,0,0,0,0,0,0,0,0,0,0,0,0,0,0
15.642,0,0,0,0,0,0,0,0,0,0,0,0,0,0
17.239,0,0,0,0,0,0,0,0,0,0,0,0,0,0
13.738,0,0,0,0,0,0,0,0,0,0,0,0,0,0
12.544,0,0,0,0,0,0,0,0,0,0,0,0,0,0
12.274,0,0,0,0,0,0,0,0,0,0,0,0,0,0
15.663,0,0,0,0,0,0,0,0,0,0,0,0,0,0
15.048,0,0,0,0,0,0,0,0,0,0,0,0,0,0
14.808,0,0,0,0,0,0,0,0,0,0,0,0,0,0
14.997,0,0,0,0,0,0,0,0,0,0,0,0,0,0
14.809,0,0,0,0,0,0,0,0,0,0,0,0,0,0
14.852,0,0,0,0,0,0,0,0,0,0,0,0,0,0
14.433,0,0,0,0,0,0,0,0,0,0,0,0,0,0
14.805,0,0,0,0,0,0,0,0,0,0,0,0,0,0
14.719,0,0,0,0,0,0,0,0,0,0,0,0,0,0
14.663,0,0,0,0,0,0,0,0,0,0,0,0,0,0
14.496,0,0,0,0,0,0,0,0,0,0,0,0,0,0
14.478,0,0,0,0,0,0,0,0,0,0,0,0,0,0
11.261,0,0,0,0,0,0,0,0,0,0,0,0,0,0
14.658,0,0,0,0,0,0,0,0,0,0,0,0,0,0
14.707,0,0,0,0,0,0,0,0,0,0,0,0,0,0
11.335,0,0,0,0,0,0,0,0,0,0,0,0,0,0
14.718,0,0,0,0,0,0,0,0,0,0,0,0,0,0
15.136,0,0,0,0,0,0,0,0,0,0,0,0,0,0
14.879,0,0,0,0,0,0,0,0,0,0,0,0,0,0
14.827,0,0,0,0,0,0,0,0,0,0,0,0,0,0
11.407,0,0,0,0,0,0,0,0,0,0,0,0,0,0
15.026,0,0,0,0,0,0,0,0,0,0,0,0,0,0
14.907,0,0,0,0,0,0,0,0,0,0,0,0,0,0
15.078,0,0,0,0,0,0,0,0,0,0,0,0,0,0
15.507,0,0,0,0,0,0,0,0,0,0,0,0,0,0
16.014,0,0,0,0,0,0,0,0,0,0,0,0,0,0
15.456,0,0,0,0,0,0,0,0,0,0,0,0,0,0
15.355,0,0,0,0,0,0,0,0,0,0,0,0,0,0
15.224,0,0,0,0,0,0,0,0,0,0,0,0,0,0
15.031,0,0,0,0,0,0,0,0,0,0,0,0,0,0
15.365,0,0,0,0,0,0,0,0,0,0,0,0,0,0
15.135,0,0,0,0,0,0,0,0,0,0,0,0,0,0
15.066,0,0,0,0,0,0,0,0,0,0,0,0,0,0
15.492,0,0,0,0,0,0,0,0,0,0,0,0,0,0
16.103,0,0,0,0,0,0,0,0,0,0,0,0,0,0
12.156,0,0,0,0,0,0,0,0,0,0,0,0,0,0
15.379,0,0,0,0,0,0,0,0,0,0,0,0,0,0
15.11,0,0,0,0,0,0,0,0,0,0,0,0,0,0
15.373,0,0,0,0,0,0,0,0,0,0,0,0,0,0
15.373,0,0,0,0,0,0,0,0,0,0,0,0,0,0
15.519,0,0,0,0,0,0,0,0,0,0,0,0,0,0
15.967,0,0,0,0,0,0,0,0,0,0,0,0,0,0
16.351,0,0,0,0,0,0,0,0,0,0,0,0,0,0
12.321,0,0,0,0,0,0,0,0,0,0,0,0,0,0
15.804,0,0,0,0,0,0,0,0,0,0,0,0,0,0
14.898,0,0,0,0,0,0,0,0,0,0,0,0,0,0
15.225,0,0,0,0,0,0,0,0,0,0,0,0,0,0
15.205,0,0,0,0,0,0,0,0,0,0,0,0,0,0
15.072,0,0,0,0,0,0,0,0,0,0,0,0,0,0
14.581,0,0,0,0,0,0,0,0,0,0,0,0,0,0
14.535,0,0,0,0,0,0,0,0,0,0,0,0,0,0
14.431,0,0,0,0,0,0,0,0,0,0,0,0,0,0
14.472,0,0,0,0,0,0,0,0,0,0,0,0,0,0
14.663,0,0,0,0,0,0,0,0,0,0,0,0,0,0
14.842,0,0,0,0,0,0,0,0,0,0,0,0,0,0
15.141,0,0,0,0,0,0,0,0,0,0,0,0,0,0
15.571,0,0,0,0,0,0,0,0,0,0,0,0,0,0
15.112,0,0,0,0,0,0,0,0,0,0,0,0,0,0
11.719,0,0,0,0,0,0,0,0,0,0,0,0,0,0
15.556,0,0,0,0,0,0,0,0,0,0,0,0,0,0
15.391,0,0,0,0,0,0,0,0,0,0,0,0,0,0
16.714,0,0,0,0,0,0,0,0,0,0,0,0,0,0
16.547,0,0,0,0,0,0,0,0,0,0,0,0,0,0
11.819,0,0,0,0,0,0,0,0,0,0,0,0,0,0
11.965,0,0,0,0,0,0,0,0,0,0,0,0,0,0
15.575,0,0,0,0,0,0,0,0,0,0,0,0,0,0
15.848,0,0,0,0,0,0,0,0,0,0,0,0,0,0
15.61,0,0,0,0,0,0,0,0,0,0,0,0,0,0
15.406,0,0,0,0,0,0,0,0,0,0,0,0,0,0
15.124,0,0,0,0,0,0,0,0,0,0,0,0,0,0
15.388,0,0,0,0,0,0,0,0,0,0,0,0,0,0
15.545,0,0,0,0,0,0,0,0,0,0,0,0,0,0
15.256,0,0,0,0,0,0,0,0,0,0,0,0,0,0
14.963,0,0,0,0,0,0,0,0,0,0,0,0,0,0
15.208,0,0,0,0,0,0,0,0,0,0,0,0,0,0
15.233,0,0,0,0,0,0,0,0,0,0,0,0,0,0
15.378,0,0,0,0,0,0,0,0,0,0,0,0,0,0
15.213,0,0,0,0,0,0,0,0,0,0,0,0,0,0
15.757,0,0,0,0,0,0,0,0,0,0,0,0,0,0
15.495,0,0,0,0,0,0,0,0,0,0,0,0,0,0
15.514,0,0,0,0,0,0,0,0,0,0,0,0,0,0
15.646,0,0,0,0,0,0,0,0,0,0,0,0,0,0
15.492,0,0,0,0,0,0,0,0,0,0,0,0,0,0
15.569,0,0,0,0,0,0,0,0,0,0,0,0,0,0
15.74,0,0,0,0,0,0,0,0,0,0,0,0,0,0
16.163,0,0,0,0,0,0,0,0,0,0,0,0,0,0
15.557,0,0,0,0,0,0,0,0,0,0,0,0,0,0
15.587,0,0,0,0,0,0,0,0,0,0,0,0,0,0
15.426,0,0,0,0,0,0,0,0,0,0,0,0,0,0
17.217,0,0,0,0,0,0,0,0,0,0,0,0,0,0
15.705,0,0,0,0,0,0,0,0,0,0,0,0,0,0
15.91,0,0,0,0,0,0,0,0,0,0,0,0,0,0
16.004,0,0,0,0,0,0,0,0,0,0,0,0,0,0
16.293,0,0,0,0,0,0,0,0,0,0,0,0,0,0
16.686,0,0,0,0,0,0,0,0,0,0,0,0,0,0
14.065,0,0,0,0,0,0,0,0,0,0,0,0,0,0
14.476,0,0,0,0,0,0,0,0,0,0,0,0,0,0
18.001,0,0,0,0,0,0,0,0,0,0,0,0,0,0
19.235,0,0,0,0,0,0,0,0,0,0,0,0,0,0
18.815,0,0,0,0,0,0,0,0,0,0,0,0,0,0
18.04,0,0,0,0,0,0,0,0,0,0,0,0,0,0
19.012,0,0,0,0,0,0,0,0,0,0,0,0,0,0
18.921,0,0,0,0,0,0,0,0,0,0,0,0,0,0
14.552,0,0,0,0,0,0,0,0,0,0,0,0,0,0
15.677,0,0,0,0,0,0,0,0,0,0,0,0,0,0
15.063,0,0,0,0,0,0,0,0,0,0,0,0,0,0
15.58,0,0,0,0,0,0,0,0,0,0,0,0,0,0
15.69,0,0,0,0,0,0,0,0,0,0,0,0,0,0
19.181,0,0,0,0,0,0,0,0,0,0,0,0,0,0
19.88,0,0,0,0,0,0,0,0,0,0,0,0,0,0
19.042,0,0,0,0,0,0,0,0,0,0,0,0,0,0
19.2,0,0,0,0,0,0,0,0,0,0,0,0,0,0
19.071,0,0,0,0,0,0,0,0,0,0,0,0,0,0
18.401,0,0,0,0,0,0,0,0,0,0,0,0,0,0
19.851,0,0,0,0,0,0,0,0,0,0,0,0,0,0
18.579,0,0,0,0,0,0,0,0,0,0,0,0,0,0
18.163,0,0,0,0,0,0,0,0,0,0,0,0,0,0
14.876,0,0,0,0,0,0,0,0,0,0,0,0,0,0
18.452,0,0,0,0,0,0,0,0,0,0,0,0,0,0
18.765,0,0,0,0,0,0,0,0,0,0,0,0,0,0
15.69,0,0,0,0,0,0,0,0,0,0,0,0,0,0
19.166,0,0,0,0,0,0,0,0,0,0,0,0,0,0
18.523,0,0,0,0,0,0,0,0,0,0,0,0,0,0
18.904,0,0,0,0,0,0,0,0,0,0,0,0,0,0
18.846,0,0,0,0,0,0,0,0,0,0,0,0,0,0
19.459,0,0,0,0,0,0,0,0,0,0,0,0,0,0
15.078,0,0,0,0,0,0,0,0,0,0,0,0,0,0
19.233,0,0,0,0,0,0,0,0,0,0,0,0,0,0
16.663,0,0,0,0,0,0,0,0,0,0,0,0,0,0
17.109,0,0,0,0,0,0,0,0,0,0,0,0,0,0
16.511,0,0,0,0,0,0,0,0,0,0,0,0,0,0
15.394,0,0,0,0,0,0,0,0,0,0,0,0,0,0
15.064,0,0,0,0,0,0,0,0,0,0,0,0,0,0
15.307,0,0,0,0,0,0,0,0,0,0,0,0,0,0
14.451,0,0,0,0,0,0,0,0,0,0,0,0,0,0
11.134,0,0,0,0,0,0,0,0,0,0,0,0,0,0
14.52,0,0,0,0,0,0,0,0,0,0,0,0,0,0
13.891,0,0,0,0,0,0,0,0,0,0,0,0,0,0
13.998,0,0,0,0,0,0,0,0,0,0,0,0,0,0
10.169,0,0,0,0,0,0,0,0,0,0,0,0,0,0
9.9304,0,0,0,0,0,0,0,0,0,0,0,0,0,0
10.228,0,0,0,0,0,0,0,0,0,0,0,0,0,0
10.791,0,0,0,0,0,0,0,0,0,0,0,0,0,0
13.695,0,0,0,0,0,0,0,0,0,0,0,0,0,0
13.176,0,0,0,0,0,0,0,0,0,0,0,0,0,0
NaN,0,0,0,0,0,0,0,0,0,0,0,0,0,0
NaN,0,0,0,0,0,0,0,0,0,0,0,0,0,0
NaN,0,0,0,0,0,0,0,0,0,0,0,0,0,0
NaN,0,0,0,0,0,0,0,0,0,0,0,0,0,0
1.066,0,0,0,0,0,0,0,0,0,0,0,0,0,0
46.119,0,0,0,0,0,0,0,0,0,0,0,0,0,0
15.241,0,0,0,0,0,0,0,0,0,0,0,0,0,0
13.867,0,0,0,0,0,0,0,0,0,0,0,0,0,0
13.51,0,0,0,0,0,0,0,0,0,0,0,0,0,0
13.557,0,0,0,0,0,0,0,0,0,0,0,0,0,0
13.493,0,0,0,0,0,0,0,0,0,0,0,0,0,0
13.005,0,0,0,0,0,0,0,0,0,0,0,0,0,0
13.118,0,0,0,0,0,0,0,0,0,0,0,0,0,0
13.058,0,0,0,0,0,0,0,0,0,0,0,0,0,0
13.186,0,0,0,0,0,0,0,0,0,0,0,0,0,0
13.557,0,0,0,0,0,0,0,0,0,0,0,0,0,0
13.345,0,0,0,0,0,0,0,0,0,0,0,0,0,0
12.805,0,0,0,0,0,0,0,0,0,0,0,0,0,0
12.982,0,0,0,0,0,0,0,0,0,0,0,0,0,0
13.286,0,0,0,0,0,0,0,0,0,0,0,0,0,0
13.134,0,0,0,0,0,0,0,0,0,0,0,0,0,0
13.304,0,0,0,0,0,0,0,0,0,0,0,0,0,0
9.8565,0,0,0,0,0,0,0,0,0,0,0,0,0,0
9.8546,0,0,0,0,0,0,0,0,0,0,0,0,0,0
13.284,0,0,0,0,0,0,0,0,0,0,0,0,0,0
13.508,0,0,0,0,0,0,0,0,0,0,0,0,0,0
13.83,0,0,0,0,0,0,0,0,0,0,0,0,0,0
13.968,0,0,0,0,0,0,0,0,0,0,0,0,0,0
14.349,0,0,0,0,0,0,0,0,0,0,0,0,0,0
10.681,0,0,0,0,0,0,0,0,0,0,0,0,0,0
10.32,0,0,0,0,0,0,0,0,0,0,0,0,0,0
13.319,0,0,0,0,0,0,0,0,0,0,0,0,0,0
10.265,0,0,0,0,0,0,0,0,0,0,0,0,0,0
10.364,0,0,0,0,0,0,0,0,0,0,0,0,0,0
10.281,0,0,0,0,0,0,0,0,0,0,0,0,0,0
10.224,0,0,0,0,0,0,0,0,0,0,0,0,0,0
13.487,0,0,0,0,0,0,0,0,0,0,0,0,0,0
13.347,0,0,0,0,0,0,0,0,0,0,0,0,0,0
13.459,0,0,0,0,0,0,0,0,0,0,0,0,0,0
13.397,0,0,0,0,0,0,0,0,0,0,0,0,0,0
9.9402,0,0,0,0,0,0,0,0,0,0,0,0,0,0
13.506,0,0,0,0,0,0,0,0,0,0,0,0,0,0
13.135,0,0,0,0,0,0,0,0,0,0,0,0,0,0
13.335,0,0,0,0,0,0,0,0,0,0,0,0,0,0
13.332,0,0,0,0,0,0,0,0,0,0,0,0,0,0
13.141,0,0,0,0,0,0,0,0,0,0,0,0,0,0
13.126,0,0,0,0,0,0,0,0,0,0,0,0,0,0
13.048,0,0,0,0,0,0,0,0,0,0,0,0,0,0
13.14,0,0,0,0,0,0,0,0,0,0,0,0,0,0
13.254,0,0,0,0,0,0,0,0,0,0,0,0,0,0
12.951,0,0,0,0,0,0,0,0,0,0,0,0,0,0
12.896,0,0,0,0,0,0,0,0,0,0,0,0,0,0
13.009,0,0,0,0,0,0,0,0,0,0,0,0,0,0
13.024,0,0,0,0,0,0,0,0,0,0,0,0,0,0
12.914,0,0,0,0,0,0,0,0,0,0,0,0,0,0
12.809,0,0,0,0,0,0,0,0,0,0,0,0,0,0
12.812,0,0,0,0,0,0,0,0,0,0,0,0,0,0
12.913,0,0,0,0,0,0,0,0,0,0,0,0,0,0
13.094,0,0,0,0,0,0,0,0,0,0,0,0,0,0
12.796,0,0,0,0,0,0,0,0,0,0,0,0,0,0
12.894,0,0,0,0,0,0,0,0,0,0,0,0,0,0
9.557,0,0,0,0,0,0,0,0,0,0,0,0,0,0
9.3547,0,0,0,0,0,0,0,0,0,0,0,0,0,0
12.943,0,0,0,0,0,0,0,0,0,0,0,0,0,0
9.4928,0,0,0,0,0,0,0,0,0,0,0,0,0,0
13.055,0,0,0,0,0,0,0,0,0,0,0,0,0,0
13.109,0,0,0,0,0,0,0,0,0,0,0,0,0,0
13.051,0,0,0,0,0,0,0,0,0,0,0,0,0,0
13.121,0,0,0,0,0,0,0,0,0,0,0,0,0,0
12.91,0,0,0,0,0,0,0,0,0,0,0,0,0,0
13.095,0,0,0,0,0,0,0,0,0,0,0,0,0,0
13.116,0,0,0,0,0,0,0,0,0,0,0,0,0,0
9.7055,0,0,0,0,0,0,0,0,0,0,0,0,0,0
12.767,0,0,0,0,0,0,0,0,0,0,0,0,0,0
12.886,0,0,0,0,0,0,0,0,0,0,0,0,0,0
12.956,0,0,0,0,0,0,0,0,0,0,0,0,0,0
12.844,0,0,0,0,0,0,0,0,0,0,0,0,0,0
12.858,0,0,0,0,0,0,0,0,0,0,0,0,0,0
12.974,0,0,0,0,0,0,0,0,0,0,0,0,0,0
12.846,0,0,0,0,0,0,0,0,0,0,0,0,0,0
12.974,0,0,0,0,0,0,0,0,0,0,0,0,0,0
12.88,0,0,0,0,0,0,0,0,0,0,0,0,0,0
12.807,0,0,0,0,0,0,0,0,0,0,0,0,0,0
9.2216,0,0,0,0,0,0,0,0,0,0,0,0,0,0
12.808,0,0,0,0,0,0,0,0,0,0,0,0,0,0
12.806,0,0,0,0,0,0,0,0,0,0,0,0,0,0
9.4043,0,0,0,0,0,0,0,0,0,0,0,0,0,0
12.862,0,0,0,0,0,0,0,0,0,0,0,0,0,0
13.084,0,0,0,0,0,0,0,0,0,0,0,0,0,0
12.738,0,0,0,0,0,0,0,0,0,0,0,0,0,0
12.925,0,0,0,0,0,0,0,0,0,0,0,0,0,0
12.884,0,0,0,0,0,0,0,0,0,0,0,0,0,0
12.856,0,0,0,0,0,0,0,0,0,0,0,0,0,0
12.632,0,0,0,0,0,0,0,0,0,0,0,0,0,0
12.606,0,0,0,0,0,0,0,0,0,0,0,0,0,0
12.726,0,0,0,0,0,0,0,0,0,0,0,0,0,0
12.705,0,0,0,0,0,0,0,0,0,0,0,0,0,0
12.901,0,0,0,0,0,0,0,0,0,0,0,0,0,0
9.3925,0,0,0,0,0,0,0,0,0,0,0,0,0,0
12.69,0,0,0,0,0,0,0,0,0,0,0,0,0,0
13.191,0,0,0,0,0,0,0,0,0,0,0,0,0,0
13.538,0,0,0,0,0,0,0,0,0,0,0,0,0,0
13.557,0,0,0,0,0,0,0,0,0,0,0,0,0,0
13.026,0,0,0,0,0,0,0,0,0,0,0,0,0,0
13.421,0,0,0,0,0,0,0,0,0,0,0,0,0,0
13.523,0,0,0,0,0,0,0,0,0,0,0,0,0,0
