1
326.143,304.289,287.895,301.384,300.748,132.145,338.996,135.05
329.45,303.987,289.66,301.551,300.229,128.932,340.018,131.368
330.518,303.868,291.644,301.488,302.452,124.946,341.327,127.326
331.511,303.618,292.813,301.422,302.81,125.23,341.508,127.426
333.644,303.313,294.558,301.638,302.107,125.505,341.192,127.18
334.766,303.026,295.11,301.704,300.976,125.732,340.632,127.054
336.818,302.833,295.933,301.882,299.951,129.092,340.836,130.043
336.818,302.833,295.933,301.882,299.951,129.092,340.836,130.043
299,306,299,133,339,133,339,306
298,306,298,137,339,137,339,306
297,302,297,134,337,134,337,302
296.785,305.772,292.788,133.865,332.417,132.944,336.415,304.851
294,306,294,137,335,137,335,306
291.976,303.792,284.677,140.776,328.186,138.827,335.486,301.844
289,302,289,140,332,140,332,302
286.853,303.901,279.496,140.835,324.998,138.782,332.354,301.849
286.851,303.856,279.507,141.06,325.053,139.005,332.397,301.802
281.863,303.751,275.307,138.535,322.075,136.68,328.631,301.896
280.882,303.749,274.59,141.411,322.285,139.563,328.578,301.9
278.125,304.679,268.855,142.465,318.578,139.624,327.848,301.837
276.952,304.83,267.351,145.204,317.927,142.162,327.529,301.788
275,302,275,143,326,143,326,302
274.691,304.519,266.549,145.169,318.26,142.527,326.402,301.877
274,302,274,143,326,143,326,302
274,302,274,143,326,143,326,302
274,302,274,143,326,143,326,302
273.621,310.465,257.069,149.669,310.677,144.151,327.23,304.947
268,306,268,147,326,147,326,306
268,306,268,147,326,147,326,306
268,306,268,147,326,147,326,306
268,312,268,153,326,153,326,312
268,312,268,153,326,153,326,312
265,312,265,153,325,153,325,312
324.476,313.29,258.848,307.821,271.607,154.717,337.234,160.186
258,312,258,157,325,157,325,312
255,312,255,157,324,157,324,312
322.331,314.13,250.467,304.757,269.861,156.069,341.725,165.442
251,312,251,160,322,160,322,312
251,312,251,160,322,160,322,312
251,312,251,160,322,160,322,312
251,312,251,160,322,160,322,312
251,312,251,160,322,160,322,312
241,306,241,157,320,157,320,306
241,306,241,157,321,157,321,306
239,312,239,160,320,160,320,312
239,316,239,160,322,160,322,316
238,316,238,160,323,160,323,316
235,312,235,157,324,157,324,312
236,312,236,157,324,157,324,312
236,312,236,157,323,157,323,312
234,306,234,157,325,157,325,306
232,306,232,160,325,160,325,306
231,306,231,160,326,160,326,306
231,306,231,160,327,160,327,306
231,306,231,160,326,160,326,306
235.667,326.948,197.927,193.03,288.362,167.543,326.103,301.462
227,302,227,173,321,173,321,302
230,302,230,167,322,167,322,302
227.752,307.157,219.69,166.075,313.555,160.711,321.617,301.793
228,302,228,163,320,163,320,302
228,302,228,163,319,163,319,302
231,299,231,157,316,157,316,299
232,299,232,157,316,157,316,299
227.872,299.883,221.508,162.007,311.363,157.86,317.726,295.736
227.796,299.77,221.624,161.942,310.67,157.955,316.841,295.783
228,296,228,153,323,153,323,296
226,292,226,150,325,150,325,292
227,292,227,150,324,150,324,292
239.184,311.689,197.056,170.918,287.918,143.725,330.047,284.497
240.317,316.431,191.854,180.955,281.143,149.014,329.606,284.49
231,289,231,153,327,153,327,289
234,289,234,147,326,147,326,289
234,289,234,147,325,147,325,289
235,289,235,147,325,147,325,289
235,289,235,147,324,147,324,289
236,289,236,147,324,147,324,289
236,289,236,147,323,147,323,289
237,289,237,147,322,147,322,289
228,289,228,143,319,143,319,289
224,289,224,143,318,143,318,289
224,289,224,143,317,143,317,289
223,289,223,143,318,143,318,289
223,289,223,143,316,143,316,289
221,289,221,140,313,140,313,289
224.47,304.243,197.932,157.078,288.876,140.678,315.414,287.843
219.475,292.936,212.951,142.872,306.991,138.783,313.515,288.847
219.351,292.955,212.724,142.747,308.714,138.513,315.341,288.72
219.385,293.077,212.244,143.131,307.22,138.609,314.36,288.554
219.363,292.983,212.668,145.697,308.652,141.334,315.346,288.621
219.385,293.077,212.376,145.887,307.351,141.364,314.36,288.554
219.849,293.995,205.576,142.7,297.362,134.041,311.635,285.336
219.721,293.294,209.997,140.958,300.522,135.179,310.246,287.516
219.597,293.097,211.38,140.259,300.927,135.445,309.144,288.283
222.527,293.07,215.086,136.805,303.599,132.59,311.041,288.855
224,292,224,137,309,137,309,292
226.301,292.835,220.397,139.331,306.462,136.021,312.366,289.524
231.495,293.434,221.323,140.845,304.42,135.305,314.593,287.894
232.217,293.43,223.523,142.739,306.9,137.929,315.593,288.62
228.43,293.948,214.53,146.256,301.874,138.035,315.774,285.727
221,289,221,140,315,140,315,289
229,299,229,137,317,137,317,299
229,299,229,137,316,137,316,299
229,299,229,137,317,137,317,299
229,299,229,137,316,137,316,299
319.954,335.76,258.185,331.111,272.747,137.648,334.515,142.297
320.35,321.877,268.32,318.904,281.257,92.5004,333.287,95.4735
291.532,312.394,269.506,62.3337,316.422,58.2012,338.448,308.261
317.513,332.474,263.106,323.688,297.726,109.31,352.134,118.096
302.68,348.105,241.875,323.694,310.623,152.447,371.429,176.858
217.994,340.099,207.354,262.579,333.796,245.224,344.435,322.744
230.858,339.269,200.719,279.963,324.269,217.175,354.408,276.481
232.943,323.384,217.231,263.676,345.85,229.829,361.562,289.536
253.387,338.331,224.916,282.406,335.306,226.208,363.776,282.132
362.504,314.105,258.73,306.865,263.555,237.713,367.329,244.953
267,315,267,222,341,222,341,315
292.659,325.306,249.816,173.52,293.893,161.079,336.736,312.865
284.207,324.886,271.094,157.699,318.04,154.016,331.153,321.204
283.665,309.643,272.96,157.637,315.159,154.665,325.864,306.672
287.373,305.54,271.181,151.718,316,147,332.192,300.822
301.235,327.538,272.142,161.712,315.731,154.065,344.823,319.891
301.471,304.882,265.412,160.647,312,149,348.059,293.235
300.751,305.051,265.599,160.387,312.185,149.067,347.337,293.731
283.816,276.818,276.548,150.834,320.517,148.297,327.785,274.282
280.369,264.998,274.878,146.021,318.032,144.029,323.523,263.007
282.591,261.401,277.07,145.473,320.591,143.4,326.111,259.328
292.858,282.782,273.798,157.531,314.316,151.365,333.376,276.617
292.222,282.824,276.494,153.37,317.284,148.414,333.012,277.868
289.001,285.383,275.74,151.112,315.61,147.174,328.871,281.445
292.615,292.923,275.492,155.939,313.523,151.185,330.646,288.169
292.615,292.923,275.492,155.939,314.385,151.077,331.508,288.061
294.483,308.101,273.306,151.719,309.558,146.81,330.734,303.192
294.272,308.148,271.475,151.827,309.907,146.222,332.704,302.543
293.092,311.164,267.313,145.44,305.609,139.483,331.388,305.206
290.46,308.22,267.68,148.76,307.58,143.06,330.36,302.52
284.438,307.344,268.229,151.327,308.174,147.177,324.384,303.194
287.222,307.162,268.267,151.305,306.579,146.646,325.534,302.503
287.668,308.095,269.747,151.286,307.765,146.941,325.686,303.75
284.671,307.713,270.776,150.906,311.394,147.307,325.289,304.114
283.739,310.593,272.778,150.563,312.319,147.855,323.28,307.885
281.164,310.615,271.358,153.728,311.825,151.199,321.63,308.086
281.709,313.354,270.787,157.717,311.743,154.843,322.665,310.48
280.398,316.973,269.779,157.681,312.124,154.858,322.743,314.15
280.588,317.028,269.601,157.717,311.986,154.794,322.973,314.105
280.465,314.244,269.67,157.712,312.707,154.744,323.502,311.276
274,312,274,157,320,157,320,312
283.511,316.017,265.189,154.167,309.712,149.127,328.035,310.977
282.235,315.197,268.118,152.859,312.09,149.036,326.206,311.373
285.756,315.805,268.061,156.549,310.756,151.805,328.451,311.061
286.729,313.518,267.805,157.387,311.347,152.109,330.272,308.24
288.936,313.466,270.654,161.728,312.576,156.678,330.857,308.415
292.055,314.612,269.121,163.627,311.374,157.209,334.308,308.194
296.115,315.577,268.5,177.5,310.231,169.154,337.846,307.231
298.363,318.566,266.797,166.476,307.768,157.973,339.334,310.063
301.914,319.652,264.58,167.98,305.732,157.85,343.067,309.522
301.219,318.191,270.885,162.477,314.715,153.939,345.049,309.653
303.227,320.474,259.87,168.137,302.835,155.908,346.193,308.245
303.434,321.095,259.361,168.133,301.913,155.873,345.986,308.835
302.982,321.115,259.392,167.991,302.497,155.72,346.087,308.844
302.511,321.603,258.553,168.312,302.484,155.714,346.443,309.005
302.511,321.603,258.553,168.312,302.484,155.714,346.443,309.005
305.613,317.192,263.451,311.523,283.643,161.339,325.806,167.008
305.667,320.556,263.763,315.487,282.437,161.117,324.34,166.186
305.228,319.723,263.842,315.584,278.931,164.693,320.317,168.832
270,312,270,167,312,167,312,312
309.514,314.266,268.714,311.866,277.317,165.607,318.117,168.007
309.498,314.232,268.714,311.804,277.42,165.537,318.204,167.964
312.559,316.494,272.777,315.971,274.664,172.574,314.446,173.098
314.032,317.482,271.511,315.867,276.599,181.883,319.12,183.498
314.04,322.048,269.665,318.074,282.125,178.937,326.5,182.911
316.621,323.193,268.504,315.975,289.034,179.105,337.152,186.323
272,316,272,180,321,180,321,316
272,316,272,180,321,180,321,316
272,319,272,177,322,177,322,319
274,319,274,174,322,174,322,319
316.615,325.324,270.88,317.203,295.844,176.617,341.579,184.738
316.344,325.545,269.935,316.951,295.923,176.615,342.332,185.21
315.189,328.017,269.997,320.064,296.004,172.297,341.196,180.251
315.839,329.109,266.636,319.614,295.598,169.536,344.801,179.032
317.612,331.649,268.174,323.085,295.265,166.699,344.702,175.263
317.957,331.882,267.977,323.224,295.096,166.67,345.077,175.328
316.184,334.518,263.902,322.855,299.017,165.442,351.3,177.105
317.988,335.553,265.365,323.859,300.447,165.988,353.071,177.682
317.988,335.553,265.365,323.859,300.447,165.988,353.071,177.682
317.988,335.553,265.365,323.859,300.447,165.988,353.071,177.682
317.988,335.553,265.365,323.859,300.447,165.988,353.071,177.682
317.988,335.553,265.365,323.859,300.447,165.988,353.071,177.682
317.988,335.553,265.365,323.859,300.447,165.988,353.071,177.682
317.988,335.553,265.365,323.859,300.447,165.988,353.071,177.682
317.988,335.553,265.365,323.859,300.447,165.988,353.071,177.682
317.988,335.553,265.365,323.859,300.447,165.988,353.071,177.682
317.988,335.553,265.365,323.859,300.447,165.988,353.071,177.682
352.525,308.067,291.343,304.604,298.596,176.468,359.777,179.931
302.38,312.691,297.073,177.35,353.966,175.119,359.273,310.46
302.368,312.656,297.026,177.315,354.909,175.03,360.251,310.372
302.38,312.691,297.069,177.272,353.962,175.041,359.273,310.46
332.861,329.893,278.283,321.895,299.696,175.783,354.273,183.781
334.466,332.701,278.435,324.477,299.882,178.368,355.913,186.593
335.785,328.723,278.308,321.539,296.492,176.062,353.969,183.246
336.297,326.748,276.534,317.894,297.978,173.145,357.741,181.999
339.441,327.5,275.002,319.869,291.848,177.614,356.287,185.245
339.62,327.203,279.199,324.22,286.723,171.85,347.144,174.834
340.085,327.223,279.438,325.648,283.431,171.92,344.078,173.495
281.999,323.184,272.338,176.333,333.913,172.282,343.575,319.133
283.743,323.774,267.872,169.387,331.572,162.838,347.444,317.225
284.437,324.504,263.477,185.846,331.185,175.611,352.145,314.269
284.932,324.205,264.598,185.254,331.196,175.508,351.531,314.459
285.764,324.203,265.639,185.004,330.37,175.645,350.496,314.844
341.644,333.732,286.875,325.37,310.901,168,365.67,176.362
341.853,334.409,286.55,325.441,312.07,168.066,367.373,177.033
328.513,333.081,301.162,168.973,361.487,158.919,388.838,323.027
318.435,327.66,303.272,165.404,369.191,159.244,384.355,321.5
328.624,331.962,301.551,163.282,364.161,153.233,391.233,321.913
327.168,338.2,285.794,165.809,355.31,149.126,396.684,321.516
336.524,338.998,277.894,160.937,340.464,140.335,399.094,318.396
344.416,335.238,275.116,175.129,340.331,146.902,409.631,307.01
324.961,335.961,289.298,160.393,355.729,146.899,391.392,322.467
349.059,338.235,269.612,189.273,330.547,156.775,409.993,305.737
341.994,332.711,271.138,187.984,336.284,156.09,407.14,300.817
331.315,330.578,291.79,170.762,353.085,155.603,392.609,315.419
335.615,337.256,288.392,180.409,348.433,162.332,395.656,319.179
330.837,335.9,291.815,173.652,351.837,159.217,390.858,321.464
321.11,333.108,307.206,167.655,369.94,162.383,383.843,327.837
324.956,334.707,299.526,165.171,357.863,156.421,383.293,325.956
323.577,334.422,298.119,169.922,357.738,160.695,383.197,325.196
322.102,335.904,294.357,173.702,356.576,163.059,384.321,325.261
326.384,336.725,292.993,176.027,352.626,163.636,386.017,324.334
328.006,338.499,289.43,176.073,348.569,162.027,387.145,324.453
324.572,336.146,298.078,178.839,358.696,168.63,385.189,325.936
328.705,335.892,301.273,175.519,357.381,165.922,384.814,326.295
338.809,341.023,281.707,192.062,333.017,172.393,390.119,321.354
340.285,339.855,284.217,191.276,335.88,171.781,391.947,320.36
333.876,338.927,293.163,184.22,348.539,169.648,389.251,324.355
338.037,342.024,282.947,190.879,336.323,171.424,391.413,322.569
350.005,335.42,295.531,324.018,327.003,173.652,381.477,185.053
351.194,335.813,297.379,325.292,328.225,167.503,382.041,178.023
351.129,336.101,297.335,325.262,329.103,167.603,382.896,178.442
355.586,336.442,300.086,325.738,329.318,174.168,384.818,184.872
359.61,340.488,300.059,327.727,332.473,176.458,392.024,189.219
358.87,340.877,299.195,327.72,332.563,176.376,392.237,189.533
359.034,341.133,298.939,327.884,332.399,176.119,392.493,189.369
356.836,348.197,307.827,182.792,359.682,167.428,408.691,332.832
359.914,350.719,309.557,187.059,359.378,171.73,409.735,335.389
358.706,349.823,317.588,185.353,369.823,172.294,410.941,336.765
360.873,349.268,321.614,184.378,373.528,172.017,412.788,336.908
362.706,349.823,321.588,185.353,373.118,172.471,414.235,336.941
363.834,349.932,321.204,185.503,372.428,172.222,415.058,336.652
371.273,352.513,312.237,192.054,362.167,173.684,421.203,334.142
367.873,349.892,317.149,188.768,368.302,172.664,419.026,333.788
365.066,346.626,328.201,183.804,380.483,171.966,417.348,334.789
363.461,346.268,329.004,183.384,382.698,172.025,417.154,334.91
364.605,343.666,334.678,182.06,389.394,171.927,419.321,333.533
369.308,344.539,336.385,179.923,391.769,168.846,424.692,333.461
367.006,342.447,345.175,176.53,399.627,169.365,421.458,335.282
372.912,345.784,342.91,181.773,396.908,171.895,426.91,335.907
376.461,346.308,343.615,182.077,399.769,170.846,432.615,335.077
382.383,348.343,345.763,185.217,399.057,173.253,435.677,336.379
381.769,345.497,356.832,183.41,410.711,175.121,435.647,337.208
388.375,347.841,349.112,185.18,401.41,172.556,440.673,335.217
390.072,344.896,360.424,181.832,411.904,172.472,441.552,335.536
398.505,349.349,351.11,191.367,401.752,176.174,449.147,334.156
404.713,349.384,351.773,193.979,400.118,177.509,453.059,332.914
399.884,344.585,372.2,185.4,421.618,176.805,449.303,335.991
406.018,347.394,366.539,188.07,415.565,175.922,455.043,335.246
409.086,350.166,357.474,190.17,405.8,174.581,457.412,334.577
412.462,352.715,360.217,194.485,411.018,177.711,463.264,335.941
414.635,352.581,360.173,190.708,411.368,173.484,465.83,335.356
412.708,351.43,368.704,187.552,422.052,173.227,466.056,337.105
411.93,351.34,368.095,187.689,422.329,173.162,466.164,336.813
412.645,350.988,368.854,188.958,421.646,174.69,465.438,336.72
464.579,336.619,388.53,334.084,393.585,182.453,469.634,184.988
469.874,339.291,390.639,337.925,393.247,186.694,472.482,188.06
470.673,336.448,390.595,334.16,394.647,192.361,474.724,194.649
469.673,336.448,390.623,334.189,394.676,192.334,473.726,194.592
476.956,336.453,390.581,333.836,395.067,185.79,481.442,188.407
393,336,393,193,481,193,481,336
481.154,332.572,390.574,325.326,401.633,187.091,492.213,194.337
484.797,333.384,391.157,321.379,409.226,180.439,502.866,192.444
483.923,333.289,392.134,321.368,410.406,180.676,502.195,192.597
413.694,359.266,371.213,212.639,456.451,187.944,498.932,334.571
414.199,358.411,372.532,211.904,456.468,188.032,498.135,334.54
407,336,407,187,501,187,501,336
500.878,339.228,408.433,336.549,412.801,185.864,505.245,188.543
504.558,339.47,411.491,337.114,415.39,183.098,508.457,185.455
508.504,339.829,412.466,337.302,416.896,168.945,512.935,171.472
506.989,340.21,412.251,335.224,421.041,168.213,515.779,173.199
507.332,340.049,413.423,336.571,419.645,168.579,513.553,172.058
503.479,343.342,414.7,337.794,425.311,168.02,514.089,173.568
504.506,343.679,414.999,338.585,424.865,165.228,514.372,170.322
416,342,416,170,504,170,504,342
418,342,418,173,503,173,503,342
418,342,418,173,504,173,504,342
500.648,343.14,412.663,339.756,419.129,171.659,507.114,175.043
497.938,342.212,414.927,341.583,416.23,169.684,499.24,170.312
495.483,343.923,409.523,338.317,420.468,170.487,506.429,176.093
494.602,343.973,409.513,338.301,420.699,170.513,505.788,176.186
412,342,412,173,491,173,491,342
410,342,410,173,488,173,488,342
412,342,412,170,485,170,485,342
411.296,343.856,406.184,173.867,476.331,171.757,481.444,341.746
403,342,403,170,478,170,478,342
400,342,400,170,472,170,472,342
400,342,400,170,471,170,471,342
397.241,343.073,394.342,173.49,466.509,172.256,469.408,341.839
393,342,393,173,466,173,466,342
393,342,393,173,466,173,466,342
389.368,343.094,386.372,163.294,458.368,162.094,461.365,341.894
389.05,347.332,385.096,163.45,458.599,161.869,462.554,345.751
386.384,347.044,383.323,163.411,458.986,162.15,462.046,345.783
386.762,344.299,380.729,167.83,456.888,165.226,462.921,341.695
384.415,346.079,381.341,167.787,458.939,166.449,462.013,344.741
382.799,347.136,379.619,167.467,456.382,166.108,459.562,345.778
387.663,344.055,382.168,161.348,456.132,159.124,461.626,341.831
385.329,346.852,382.633,167.562,457.781,166.432,460.477,345.722
386,342,386,167,462,167,462,342
388,342,388,163,463,163,463,342
386,342,386,163,462,163,462,342
386,342,386,163,463,163,463,342
463.735,342.804,385.385,340.448,390.827,159.514,469.177,161.87
464.588,342.709,385.419,340.328,390.858,159.484,470.027,161.865
387,342,387,160,464,160,464,342
383,342,383,167,463,167,463,342
385,342,385,170,464,170,464,342
384,342,384,170,465,170,465,342
388.005,354.793,365.67,171.926,445.743,162.146,468.078,345.013
379,342,379,163,467,163,467,342
379,342,379,163,468,163,468,342
380,339,380,160,468,160,468,339
380,339,380,160,467,160,467,339
381,339,381,160,466,160,466,339
469.078,338.528,383.136,332.668,395.016,158.433,480.957,164.292
470.594,340.384,376.09,335.811,384.53,161.38,479.034,165.953
377,339,377,167,470,167,470,339
377,339,377,167,469,167,469,339
477.003,340.607,376.239,335.209,385.609,160.301,486.373,165.699
479.141,343.319,371.191,338.259,379.822,154.132,487.772,159.193
482.997,343.729,376.121,338.294,385.974,144.507,492.85,149.941
484.943,343.544,374.187,338.353,383.27,144.575,494.027,149.767
485.31,342.935,372.208,338.585,379.436,150.671,492.538,155.021
487.517,343.244,370.265,338.616,377.695,150.383,494.947,155.011
369,342,369,143,488,143,488,342
488.321,340.012,370.364,335.799,377.331,140.726,495.288,144.939
371,342,371,140,490,140,490,342
376,339,376,143,490,143,490,339
374.443,339.947,367.294,146.952,487.648,142.495,494.796,335.489
371,336,371,140,493,140,493,336
370,336,370,143,491,143,491,336
381.427,361.361,326.786,168.374,443.296,135.386,497.937,328.373
367,336,367,140,493,140,493,336
364.629,337.747,355.03,143.357,482.46,137.064,492.059,331.454
362.877,337.785,351.963,141.335,477.354,134.369,488.268,330.819
362.356,332.688,355.916,139.469,478.246,135.392,484.687,328.61
355.405,333.031,348.882,139.498,476.411,135.2,482.935,328.733
356.27,332.723,349.434,136.776,471.367,132.522,478.203,328.47
352,329,352,137,474,137,474,329
349,326,349,137,472,137,472,326
349,326,349,137,470,137,470,326
348,326,348,137,469,137,469,326
347,326,347,140,465,140,465,326
343,322,343,137,463,137,463,322
342.402,327.049,334.084,139.885,452.472,134.624,460.791,321.787
339.447,327.28,330.244,136.314,447.79,130.649,456.993,321.615
338.099,327.87,321.981,139.063,437.674,129.186,453.792,317.993
336,322,336,133,450,133,450,322
336,322,336,133,449,133,449,322
336,322,336,133,448,133,448,322
336,322,336,133,447,133,447,322
324,316,324,127,440,127,440,316
324.409,319.718,317.769,129.38,436.462,125.24,443.102,315.578
324.414,319.727,317.698,129.446,435.398,125.292,442.114,315.572
324,319,324,127,439,127,439,319
325,319,325,127,438,127,438,319
322,312,322,120,438,120,438,312
322,312,322,123,437,123,437,312
322,312,322,123,436,123,436,312
322,312,322,123,435,123,435,312
322,312,322,123,434,123,434,312
322,312,322,123,433,123,433,312
316.465,313.453,307.125,123.535,420.686,117.95,430.026,307.868
316.422,312.984,309.21,125.453,424.462,121.021,431.675,308.551
316.477,313.086,309.072,125.484,423.328,120.974,430.733,308.576
313.392,312.717,306.538,125.358,423.04,121.096,429.895,308.455
313.441,312.771,306.417,125.459,421.892,121.129,428.917,308.441
312.441,312.771,305.417,125.459,420.044,121.161,427.068,308.472
306,312,306,123,422,123,422,312
306,312,306,123,424,123,424,312
306,312,306,123,423,123,423,312
305,312,305,123,421,123,421,312
299,316,299,123,414,123,414,316
298,316,298,123,416,123,416,316
400.736,346.584,292.293,312.65,353.366,117.482,461.809,151.416
401.275,347.909,290.143,312.894,352.052,116.4,463.185,151.414
288,319,288,127,412,127,412,319
396.393,348.776,285.865,314.984,345.531,119.825,456.06,153.617
289.857,323.566,275.78,133.535,394.241,124.76,408.318,314.791
288.799,329.461,262.558,128.275,381.833,112.717,408.074,313.903
288.305,327.825,264.941,126.891,383.5,113.105,406.865,314.039
289.177,327.724,265.813,126.789,382.629,113.206,405.993,314.14
290.233,327.758,266.329,126.961,381.13,113.294,405.035,314.091
273.665,330.183,266.096,123.289,392.11,118.679,399.68,325.573
273.362,330.17,265.086,120.51,386.568,115.714,394.844,325.375
270.894,331.343,253.131,125.803,370.636,115.649,388.399,321.188
267.185,333.328,248.094,134.779,372.826,122.786,391.917,321.335
263.799,334.854,247.482,133.61,372.874,123.443,389.191,324.687
261.111,335.07,245.473,136.989,370.039,127.155,385.677,325.236
260.785,334.817,244.9,136.248,371.291,126.137,387.177,324.706
257,336,257,130,378,130,378,336
366.965,356.556,251.545,333.057,293.618,126.407,409.037,149.906
255,336,255,133,376,133,376,336
362.889,357.354,243.395,332.554,286.49,124.913,405.984,149.714
249.088,341.984,213.408,145.744,345.672,121.696,381.352,317.936
366.232,352.342,241.42,329.72,279.527,119.471,404.339,142.093
248.477,335.568,220.754,137.239,347.06,119.583,374.783,317.912
249.188,333.881,228.871,130.713,355.406,118.059,375.723,321.228
369.394,345.512,247.917,327.176,278.995,121.282,400.473,139.618
368.049,343.561,244.683,329.854,267.5,124.5,390.866,138.207
363.286,345.49,245.312,329.298,273.23,125.894,391.204,142.087
360.229,344.986,242.509,328.933,269.862,128.345,387.582,144.398
248.749,335.813,193.631,163.897,318.727,123.79,373.845,295.706
260.414,336.207,197.064,166.591,317.472,121.619,380.823,291.235
251,322,251,130,369,130,369,322
363.331,332.905,249.695,317.854,274.814,128.207,388.449,143.258
362.306,332.707,249.707,317.694,274.991,128.066,387.59,143.079
262.885,329.321,197.886,171.156,317.81,121.872,382.81,280.037
264.602,323.925,206.665,167.495,327.562,122.718,385.499,279.148
265.338,325.405,210.662,164.595,328.733,124.451,383.409,285.261
265.2,325.6,211.3,163.9,328.3,124.9,382.2,286.6
368.99,324.016,253.337,311.381,272.4,136.876,388.053,149.51
368.553,317.801,255.479,311.758,264.76,138.064,377.834,144.106
367.556,317.747,255.479,311.758,264.766,137.957,376.843,143.946
367.064,316.941,255.502,311.792,263.513,138.224,375.075,143.373
366.001,316.977,255.45,311.835,263.523,138.257,374.074,143.399
244,312,244,143,351,143,351,312
245,312,245,143,350,143,350,312
343.628,314.662,241.512,302.648,260.577,140.597,362.693,152.611
342.715,316.442,240.352,305.275,258.371,140.095,360.735,151.262
331.152,321.296,228.069,300.315,261.079,138.131,364.163,159.113
244.044,325.43,184.393,192.873,294.123,143.495,353.773,276.052
328.854,322.444,222.115,297.885,258.5,139.752,365.238,164.311
324.834,325.893,218.497,298.451,259.667,138.914,366.005,166.356
324.338,328.043,217.842,298.757,260.455,143.8,366.951,173.087
325.096,325.874,221.079,300.599,260.387,138.832,364.404,164.107
326.116,326.618,220.99,299.233,262.162,141.185,367.288,168.571
327.658,328.796,220.022,302.117,258.249,147.891,365.884,174.57
322.165,334.306,216.509,302.699,264.555,142.089,370.211,173.696
318.437,333.095,217.221,297.372,271.258,144.268,372.474,179.991
319.545,330.601,219.676,292.334,278.134,139.771,378.004,178.039
315.812,330.619,220.454,288.732,284.887,142.044,380.246,183.93
316.865,329.147,221.711,286.491,285.475,144.247,380.63,186.903
318.032,327.555,222.3,285.55,286.332,139.615,382.065,181.62
318.62,328.182,222.258,285.465,287.021,139.37,383.384,182.088
323.579,337.958,225.49,304.353,281.307,141.429,379.396,175.034
324.059,328.958,229.015,293.189,289.608,132.186,384.651,167.955
330.658,315.821,232.232,286.108,280.153,127.367,378.579,157.081
326.2,321.4,231.4,289.8,286.1,125.7,380.9,157.3
339.443,321.272,243.599,305.697,272.35,128.769,368.194,144.344
338.539,324.308,243.538,305.308,278,133,373,152
336.763,328.355,240.621,310.78,272.093,138.608,368.236,156.183
339.404,324.139,246.099,310.967,271.149,133.527,364.454,146.699
338.527,324.385,247.341,311.639,271.778,136.818,362.964,149.565
330.812,334.009,241.776,317.376,275.79,135.301,364.825,151.934
335.313,330.886,245.987,319.189,269.268,141.404,358.594,153.102
328.311,332.107,237.303,313.146,274.225,135.922,365.233,154.882
337.225,328.113,241.648,315.998,263.47,143.848,359.047,155.964
342.196,325.39,245.167,318.112,257.799,149.685,354.828,156.962
291.585,321.943,198.2,245.284,285.033,139.505,378.418,216.164
332.09,330.738,231.093,311.997,261.492,148.184,362.488,166.926
336.185,331.523,233.169,318.646,254.169,150.646,357.185,163.523
338.596,329.924,235.84,321.271,250.077,152.206,352.833,160.86
338.278,324.489,236.357,319.341,244.87,150.771,346.792,155.919
338.702,323.645,236.961,320.137,242.772,151.613,344.513,155.121
334.687,324.888,234.678,318.702,245.069,150.716,345.078,156.902
335.75,328.92,234.079,322.431,244.983,151.595,346.654,158.084
334.822,328.797,234.083,322.367,244.987,151.531,345.726,157.961
333.855,332.092,231.846,325.636,242.589,155.898,344.598,162.354
329.188,336.119,230.079,326.208,247.238,154.624,346.346,164.535
329.307,335.713,231.613,326.931,247.054,155.151,344.748,163.932
326.377,335.311,233.778,325.841,251.563,151.944,344.162,161.414
298.841,319.903,202.654,261.354,272.383,146.799,368.571,205.348
272.6,332.2,205,197,299,150,366.6,285.2
330.953,328.355,235.544,315.711,256.65,156.46,352.059,169.104
323.805,332.996,229.886,314.644,260.749,156.698,354.668,175.05
329.854,339.317,236.232,328.915,255.244,157.805,348.866,168.207
329.224,338.565,231.436,325.759,253.58,156.659,351.368,169.465
334.009,331.867,240.358,325.624,251.628,156.575,345.279,162.819
321.096,327.811,227.105,313.84,251.577,149.207,345.568,163.179
323.575,323.457,227.711,309.011,251.646,150.166,347.511,164.611
322.767,323.184,227.733,308.864,251.669,150.018,346.702,164.339
311.016,333.861,217.684,314.972,251.242,149.156,344.574,168.045
317.544,326.081,221.576,311.863,246.14,146.058,342.107,160.275
317.785,329.682,221.889,317.416,244.512,140.542,340.408,152.808
313.238,324.078,211.885,305.143,242.592,140.77,343.945,159.704
311.828,316.492,209.868,298.76,237.839,137.928,339.798,155.661
310.736,314.881,209.292,296.766,238.241,134.65,339.685,152.765
219,299,219,143,324,143,324,299
220,299,220,143,324,143,324,299
311.52,309.058,214.039,296.203,235.682,132.079,333.163,144.934
312.744,305.723,217.586,295.527,235.465,128.657,330.623,138.852
311.961,309.282,214.995,295.949,237.576,131.717,334.543,145.05
311.071,316.27,213.038,301.746,238.246,131.592,336.279,146.115
246.62,310.301,185.913,175.878,289.764,128.977,350.471,263.4
262.582,309.824,180.688,193.808,279.037,124.386,360.931,240.402
321.995,313.071,219.66,305.761,231.701,137.193,334.035,144.503
318.949,314.298,218.608,304.964,234.426,134.923,334.767,144.257
316.998,314.689,218.057,304.454,235.64,134.48,334.581,144.715
265.395,305.489,180.127,200.025,278.797,120.249,364.066,225.713
264.032,306.212,182.139,190.196,280.487,120.774,362.381,236.79
272.896,306.86,178.734,244.646,261.588,119.245,355.75,181.46
264.464,305.89,183.056,190.042,280.921,121.272,362.328,237.121
262.679,304.593,198.625,148.462,292.998,109.744,357.052,265.876
239,299,239,117,330,117,330,299
241,299,241,123,331,123,331,299
248.22,299.722,241.473,124.289,329.189,120.916,335.936,296.349
247.419,296.612,242.929,123.755,330.272,121.487,334.762,294.344
255.537,297.149,240.028,115.473,325.164,108.205,340.673,289.882
257.024,297.82,239.572,115.822,323.35,107.788,340.801,289.786
257.206,297.827,239.515,115.867,322.329,107.815,340.02,289.776
258.015,297.725,240.658,116.718,321.558,108.96,338.915,289.967
246,282,246,117,334,117,334,282
246,279,246,117,333,117,333,279
247,279,247,117,332,117,332,279
248,279,248,117,332,117,332,279
263.725,279.854,239.501,114.687,320.126,102.862,344.351,268.029
262.453,275.825,236.952,112.189,318.82,99.4306,344.322,263.067
259.831,278.646,239.277,114.215,320.631,104.046,341.185,268.477
260.535,278.496,240.356,114.184,320.308,104.366,340.487,268.677
261.52,278.375,241.356,114.184,319.338,104.608,339.501,268.798
264.075,276.422,236.468,120.82,315.027,106.882,342.634,262.484
265.939,273.429,232.453,121.757,312.251,104.139,345.737,255.811
263.773,276.02,236.795,120.151,314.786,106.652,341.763,262.522
263.997,275.981,237.048,120.28,314.479,106.879,341.427,262.58
265.443,275.992,236.663,120.581,312.65,106.509,341.43,261.92
265.119,268.884,234.198,120.076,311.658,103.98,342.579,252.789
268.16,269.895,228.662,119.426,305.388,99.2858,344.886,249.755
265.132,273.105,228.408,113.244,305.065,95.6339,341.789,255.494
268.362,272.778,227.293,113.634,304.324,93.7551,345.393,252.898
264.745,269.282,228.06,112.887,305.854,94.6393,342.539,251.034
264.422,263.531,227.426,111.847,305.904,92.7064,342.9,244.39
263.281,261.705,222.121,112.228,299.365,90.9575,340.526,240.435
258.487,254.267,221.278,109.347,301.884,88.6515,339.092,233.571
258.581,252.217,219.544,106.914,297.959,85.8469,336.996,231.15
255.945,250.025,221.23,100.203,297.455,82.541,332.17,232.363
253.479,249.169,223.973,92.4169,301.53,77.8178,331.037,234.57
249.799,242.174,224.666,82.2382,301.72,70.1296,326.853,230.066
249.821,251.962,222.812,95.3083,301.34,81.7691,328.349,238.423
248.676,251.054,221.892,90.3514,297.297,77.7838,324.081,238.486
247.497,247.198,221.305,86.2993,297.97,73.8188,324.163,234.718
247.123,244.191,218.157,87.1653,296.707,72.6754,325.673,229.701
245.541,244.243,219.189,86.1351,298.162,72.973,324.513,231.081
244.73,242.07,214.558,82.1588,291.571,67.6281,321.743,227.539
243.409,241.364,214.615,82.2411,293.351,67.9936,322.145,227.117
243.965,239.816,213.847,81.6959,291.46,66.9125,321.578,225.033
243.114,238.597,213.214,81.6258,292.022,66.6149,321.921,223.587
243.814,235.504,206.041,66.7819,278.513,50.5568,316.286,219.279
243.219,238.949,204.775,72.3596,281.461,54.6629,319.905,221.253
241.216,241.688,210.816,74.488,286.848,60.664,317.248,227.864
237.338,240.884,212.089,71.1521,290.43,59.4981,315.679,229.23
236.115,241.109,211.992,70.8261,292.027,59.4878,316.151,229.77
234.703,229.216,205.73,55.3784,283.243,42.4595,312.216,216.297
236.012,225.936,210.597,51.663,287.36,40.4684,312.775,214.741
244.851,220.829,189.265,68.7847,268.56,39.7954,324.146,191.839
238.829,222.537,204.366,61.7073,278.941,45.7268,313.405,206.556
236.456,215.692,210.461,57.5544,286.702,45.0216,312.697,203.159
234.606,212.896,202.701,60.458,282.885,43.6751,314.791,196.113
249.437,215.611,181.822,75.3715,255.919,39.6463,323.534,179.885
247.144,214.064,179.307,70.2513,254.794,34.6441,322.631,178.457
234.412,214.647,194.529,55.1176,273.588,35.3529,313.471,194.882
224.554,205.358,201.582,53.3888,285.411,40.717,308.383,192.686
230.918,217.337,199.118,56.3471,279.714,40.4269,311.514,201.417
234.666,208.356,191.875,61.8793,274.736,37.6727,317.527,184.15
229.601,208.03,195.819,52.3411,276.52,34.8306,310.301,190.52
231.538,212.2,197.854,57.5566,277.113,40.2922,310.798,194.935
230.843,212.195,196.5,56.09,277.061,38.3667,311.404,194.471
230.565,216.476,195.336,56.3461,272.826,39.2984,308.054,199.428
226.701,205.993,197.508,53.541,277.983,38.131,307.176,190.583
234.168,214.498,192.798,56.4079,270.225,36.1467,311.595,194.237
234.983,218.456,190.199,51.8605,265.038,31.7424,309.822,198.338
233.697,207.685,197.865,52.4157,272.14,35.2753,307.972,190.545
232.555,207.758,193.127,47.2319,265.961,29.3428,305.389,189.869
233.017,200.662,191.957,52.8453,271.848,30.6533,312.908,178.47
222.292,192.747,189.898,47.6211,271.671,29.368,304.066,174.494
227.446,199.675,188.702,45.9098,263.57,27.0452,302.315,180.811
227.555,195.133,191.751,41.4754,262.972,24.8803,298.776,178.538
232.949,198.311,183.742,48.9319,252.579,26.2564,301.786,175.635
229.147,192.433,184.304,50.6693,257.082,27.6474,301.926,169.411
228.776,198.407,185.127,47.6211,255.203,27.3361,298.851,178.122
217.22,192.54,195.48,40.36,268.84,29.88,290.58,182.06
213.439,194.538,198.074,35.767,270.397,28.768,285.762,187.539
231.888,191.877,194.321,46.7919,269.495,27.3271,307.062,172.413
217.652,192.691,197.959,30.7752,264.742,22.653,284.434,184.569
216.158,191.427,198.281,30.5244,264.902,23.122,282.78,184.024
234.167,193.971,191.585,45.6191,257.206,26.7834,299.789,175.135
231.601,190.137,196.236,50.3619,263.134,33.4359,298.499,173.211
236.292,186.038,191.133,56.5815,260.858,32.2589,306.017,161.715
231.838,189.973,191.838,59.973,267.168,36.7946,307.168,166.795
232.312,196.706,190.367,56.8899,261.743,35.4771,303.688,175.294
230.615,192.716,189.881,56.9358,262.174,35.2477,302.908,171.027
237.104,197.01,190.552,58.9039,257.789,36.2398,304.341,174.346
240.068,196.849,188.616,59.6438,254.479,34.9452,305.931,172.151
229.9,195.39,193.954,48.0112,262.878,31.2005,298.824,178.579
227.816,195.148,195.274,44.6434,265.014,29.5646,297.556,180.069
227.204,194.548,194.973,44.6726,265.321,29.5438,297.552,179.419
222.731,190.654,193.654,45.2692,268.269,30.3462,297.346,175.731
227.912,190.899,196.377,35.8554,267.34,21.4223,298.875,176.466
212.91,183.576,196.257,42.9433,275.007,33.6176,291.661,174.251
216.105,185.188,196.29,44.2873,272.41,33.5829,292.224,174.484
247.812,186.991,188.859,65.0182,262.531,29.4098,321.485,151.382
221.135,196.217,195.96,47.2604,270.41,34.6771,295.586,183.633
221.2,198.4,197.22,43.8624,269.531,32.6418,293.511,187.179
242.808,200.822,190.164,60.4384,263.37,32.9863,316.014,173.37
205.285,192.124,201.922,37.393,275.974,35.7832,279.337,190.514
220.904,205.101,207.859,44.8371,275.619,39.3217,288.664,199.585
213.693,207.926,206.615,45.1472,273.662,42.2321,280.74,205.011
210,208,210,47,279,47,279,208
229.776,216.524,204.148,67.0317,270.734,55.617,296.362,205.109
240.757,212.541,216.486,66.9189,282.324,55.946,306.595,201.568
232.405,217.446,217.206,69.2609,279.88,62.8328,295.079,211.018
243.891,218.106,216.968,73.1346,280.519,61.3322,307.442,206.304
244.367,217.175,216.479,72.662,280.007,60.4021,307.896,204.915
246.129,196.082,217.047,65.2118,282.694,50.6235,311.776,181.494
246.071,220.73,223.891,71.0161,286.771,61.7007,308.95,211.415
256.98,208.289,221.131,68.669,284.926,52.2894,320.774,191.909
255.694,208.624,224.471,68.1176,279,56,310.224,196.506
258.875,204.926,224.414,71.1358,281.647,56.394,316.108,190.184
258.02,202.424,229.249,68.161,285.181,56.1756,313.951,190.439
261.744,202.653,230.641,66.1452,284.515,53.8701,315.618,190.378
243,206,243,60,293,60,293,206
264.229,202,239.521,68.9603,296.692,58.3429,321.4,191.383
265.324,201.946,242.135,62.8108,305.865,52.1892,329.054,191.324
267.809,203.395,238.751,64.8104,303.13,51.3115,332.188,189.896
267.607,203.599,239.023,65.4436,303.504,52.1026,332.088,190.258
268.85,202.023,248.642,70.6705,319.653,59.7457,339.861,191.098
268.978,200.662,251.612,64.6241,323.315,55.4704,340.682,191.509
268.846,200.769,251.939,65.5077,324.554,56.4308,341.461,191.692
256,209,256,70,343,70,343,209
269.01,216.706,250.889,69.4752,328.392,59.9364,346.513,207.168
256,204,256,66,339,66,339,204
290.332,207.921,215.108,172.521,275.844,43.4561,351.068,78.8555
260.151,196.72,256.446,68.8711,341.519,66.4052,345.225,194.254
343.46,204.36,245.351,188.592,265.687,62.0569,363.796,77.8244
272.363,197.238,218.635,94.6673,326.027,38.4146,379.754,140.986
276.921,193.331,226.133,85.4079,331.263,35.9348,382.051,143.858
340.636,212.586,237.892,166.351,291.256,47.7651,394,94
360.989,208.919,240.091,167.07,277.078,60.2193,397.976,102.069
375.631,205.499,242.033,170.509,271.48,58.078,405.078,93.0679
341.247,222.954,226.491,144.199,292.438,48.1045,407.195,126.859
304.188,217.831,227.922,113.979,336.017,34.5972,412.283,138.449
323.211,222.741,224.167,127.507,313.886,34.1983,412.93,129.433
263.301,180.441,238.314,71.7979,389.895,36.9342,414.883,145.577
365.633,221.938,240.028,154.948,297.329,47.5086,422.934,114.498
401.039,202.976,246.234,166.855,274.595,45.3056,429.401,81.4268
340.373,217.815,232.487,117.121,326.43,16.4679,434.316,117.161
387.671,217.923,239.682,158.063,285.857,43.9085,433.846,103.769
313.601,209.594,244.83,101.343,371.144,21.0968,439.915,129.348
427.269,199.288,259.662,184.5,271.103,54.8326,438.71,69.6215
320.995,218.356,246.571,103.337,367.312,25.2098,441.737,140.229
328.696,220.719,242.069,109.067,360.308,17.3301,446.934,128.982
324.079,220.654,248.013,99.8438,379.432,17.0982,455.498,137.909
431.339,216.834,257.53,166.325,291.459,49.5692,465.268,100.078
415.131,225.139,251.978,165.81,295.657,45.6935,458.81,105.022
421.826,213.73,261.106,164.023,297.101,47.6396,457.821,97.3466
312.014,203.691,266.551,83.0388,411.379,28.4661,456.841,149.118
406.882,226.809,257.083,160.442,307.183,47.3594,456.982,113.726
322.015,211.72,262.832,105.493,403.05,27.3721,462.233,133.598
421.951,221.644,271.509,170.647,311.515,52.632,461.956,103.629
421.721,225.771,271.671,171.498,314.423,53.3018,464.473,107.575
425.815,219.752,271.126,170.135,309.094,51.766,463.783,101.383
302.44,200.737,272.802,92.4947,448.887,44.2811,478.524,152.523
421.211,227.821,269.998,171.7,313.605,54.2038,464.818,110.324
419.528,224.621,277.69,166.951,323.639,53.9412,465.477,111.611
423.082,221.431,282.345,168.264,324.433,56.8526,465.17,110.02
403.179,229.761,278.665,160.799,337.357,54.8283,461.87,123.79
446.716,206.844,292.219,168.635,319.003,60.3342,473.5,98.5431
421.391,219.81,288.108,163.534,332.733,57.8428,466.017,114.118
424.673,211.637,285.307,160.788,322.559,58.6904,461.925,109.54
446.539,190.308,288.654,158.731,308.5,59.5,466.385,91.0769
296.783,175.71,275.024,82.7391,439.342,44.2815,461.102,137.253
300.68,170.998,282.695,74.0773,441.634,44.5834,459.619,141.504
288,170,288,66,451,66,451,170
284,162,284,68,453,68,453,162
401.901,217.391,277.99,150.846,330.17,53.6838,454.081,120.229
298,163,298,67,450,67,450,163
404.613,213.278,274.648,143.165,324.621,50.5323,454.586,120.645
421.902,203.179,278.708,150.829,314.767,52.1946,457.962,104.545
292,161,292,68,446,68,446,161
353.709,207.392,264.045,108.121,342.566,37.1983,432.23,136.469
390.842,218.219,275.211,134.708,336.361,50.0385,451.992,133.55
409.026,226.405,279.304,147.225,332.363,60.2993,462.084,139.48
316.901,189.607,281.969,82.6933,412.357,40.0914,447.289,147.005
317.998,190.427,289.592,80.5098,420.554,46.6658,448.96,156.583
316.594,186.242,298.949,83.9053,433.936,60.6316,451.581,162.969
328.616,186.644,293.849,93.9315,411.329,49.8767,446.096,142.589
322.658,189.753,289.616,101.644,411.808,55.8219,444.849,143.932
323.647,191.261,293.628,99.1326,414.248,59.8294,444.267,151.958
324.5,191.5,293.8,99.4,412.9,59.7,443.6,151.8
329.579,193.962,297.639,101.901,411.669,62.3394,443.608,154.401
368.687,224.106,287.295,128.893,365.753,61.8241,447.145,157.037
377.306,213.334,292.556,171.823,348.505,57.5942,433.255,99.1045
352.32,196.958,303.452,101.549,401.006,51.5825,449.874,146.992
343.581,187.91,312.881,87.0363,416.142,55.609,446.842,156.483
342.621,187.346,313.709,85.3959,416.917,56.1281,445.828,158.079
434.545,182.972,329.376,158.702,351.017,64.927,456.185,89.1966
378.39,201.578,305.234,124.358,376.185,57.1401,449.342,134.361
347.535,184.04,314.617,91.0941,412.894,56.2877,445.812,149.233
365.743,199.534,303.878,117.564,386.702,55.0551,448.566,137.025
372.083,205.425,300.729,126.144,376.917,57.5746,448.271,136.856
364.56,201.08,302.16,117.88,385.84,55.12,448.24,138.32
365.2,201.6,302.2,117.6,386.04,54.72,449.04,138.72
380.145,209.324,305.358,129.764,377.316,62.1232,452.103,141.684
376,206,300.5,130.5,376,55,451.5,130.5
373.583,203.286,296.546,123.168,370.689,51.8763,447.726,131.995
388.215,201.084,307.738,125.341,373.323,55.6569,453.8,131.4
399.195,209.756,314.683,142.146,376.634,64.7073,461.146,132.317
358.875,187.337,319.223,101.137,415.806,56.7092,455.458,142.909
344.159,171.903,336.124,75.4897,438.414,66.9655,446.448,163.379
420.724,187.69,328.483,150.793,365.379,58.5517,457.621,95.4483
422.049,185.717,329.443,153.305,362.183,59.7639,454.789,92.176
392.5,187.5,318,113,380.5,50.5,455,125
415.525,186.63,324.142,124.324,372.083,54.0113,463.465,116.317
430.897,186.187,327.185,129.012,371.703,48.2594,475.415,105.434
398.521,181.399,316.989,113.209,373.154,46.0556,454.685,114.246
397.133,173.104,320.905,113.211,377.155,41.6215,453.382,101.514
401.501,173.537,324.367,101.912,379.929,42.0767,457.063,113.701
379.328,168.361,318.389,81.7633,384.427,35.2917,445.367,121.89
392.637,176.656,323.096,90.6455,385.561,40.1418,455.102,126.152
383.591,176.694,324.191,79.4944,389.84,39.3753,449.24,136.575
382.982,175.994,326.416,66.0946,389.126,33.8173,445.693,143.717
375.067,170.353,327.939,63.5272,391.778,35.3628,438.907,142.188
355,164,355,43,421,43,421,164
389.823,169.685,323.979,82.4854,383.065,37.8695,448.909,125.069
389.658,172.696,323.976,75.016,385.396,33.7167,451.077,131.396
371.244,170.201,311.866,87.8832,386.421,34.1062,445.798,116.424
397.198,175.152,319.849,109.216,380.088,38.5505,457.437,104.487
395.452,179.642,320.931,119.78,384.922,40.1176,459.443,99.9789
394.475,176.23,317.557,112.131,381.164,35.8033,458.082,99.9016
396.39,180.512,322.61,121.488,388.756,38.8049,462.537,97.8293
371.257,163.681,322.364,87.4077,416.211,27.2493,465.104,103.523
442.03,178.25,340.798,153.709,364.111,57.5421,465.344,82.0833
421.924,181.839,325.86,132.964,368.169,49.8054,464.233,98.68
416.608,184.761,321.275,131.028,369.354,45.7268,464.686,99.4596
375.041,174.128,314.618,92.1239,404.603,25.8187,465.027,107.822
381.901,181.28,312.388,106.094,393.73,30.8914,463.242,106.078
382.664,179.042,315.716,103.081,400.595,28.2718,467.544,104.232
378.049,178.561,313.854,98.3171,400.439,29.0488,464.634,109.293
390.609,186.956,312.723,111.666,387.114,34.7099,465,110
366.368,172.462,318.774,86.7925,420.745,30.1415,468.34,115.811
385.366,182.759,310.614,111.404,382.264,36.3427,457.016,107.697
381.738,177.987,316.275,105.559,393.137,36.0877,458.6,108.515
382.581,178.665,315.93,104.469,391.467,36.6143,458.117,110.81
395.232,178.204,319.525,111.405,383.465,38.9397,459.171,105.739
371.276,167.912,324.268,87.1168,412.358,35.8647,459.366,116.66
387.336,183.954,313.448,111.606,378.132,45.546,452.02,117.895
372.415,171.477,322.938,84.8923,409.631,35.3539,459.108,121.938
394.317,185.767,310.485,111.104,373.857,39.9505,457.688,114.613
383.298,182.737,312.85,102.897,385.712,38.607,456.159,118.448
372.261,173.065,318.382,83.738,401.051,33.874,454.931,123.201
394.352,184.96,314.596,109.762,378.143,42.3635,457.899,117.562
393.431,190.229,313.609,115.103,380.427,44.1082,460.25,119.235
387.612,188.165,307.559,106.51,376.446,38.9747,456.499,120.629
381.086,179.831,315.962,91.4488,393.361,34.4183,458.485,122.801
381.28,180.04,315.64,92.52,391.96,35.28,457.6,122.8
376.773,184.023,306.776,98.6265,383.396,35.8231,453.393,121.219
375.842,185.231,310.941,94.0593,390.47,37.4454,455.371,128.617
373.467,189.276,311.859,91.0883,388.268,43.1456,449.876,141.333
377.614,183.344,310.25,103.855,383.13,42.0933,450.493,121.582
381.049,185.801,309.206,110.11,377.809,44.995,449.652,120.687
371.09,177.423,331.925,80.8143,423.102,43.8507,462.267,140.459
419.486,198.134,316.384,135.436,366.561,52.9221,469.664,115.62
415.733,201.779,315.674,133.385,373.407,48.9236,473.466,117.318
429.789,202.031,319.5,143.305,367.973,52.2711,478.262,110.996
433.079,204.094,315.865,142.993,364.442,49.8049,481.656,110.906
437.79,204.899,318.665,147.542,365.555,50.1559,484.679,107.512
445.496,202.343,323.004,147.718,363.936,55.931,486.428,110.556
439.264,202.092,315.61,143.662,359.294,51.2157,482.948,109.646
444.661,203.616,320.66,146.93,363.205,53.8649,487.205,110.551
452.728,200.646,320.896,149.169,356.175,58.8206,488.007,110.298
421.332,203.344,305.88,132.453,358.881,46.1372,474.333,117.029
313.99,201.53,264.184,96.7652,372.17,45.4272,421.976,150.192
312.193,201.2,264.812,97.6625,373.24,48.0428,420.621,151.58
304.239,199.464,264.836,96.5072,379.66,52.5623,419.063,155.519
304.064,199.488,264.262,96.7734,377.453,52.9118,417.255,155.626
303.466,198.944,263.795,96.567,376.453,52.9118,416.125,155.289
308.629,199.926,263.377,97.2406,369.583,50.4381,414.834,153.124
308.745,199.411,264.272,96.782,369.932,50.9963,414.404,153.625
309.303,199.188,264.377,97.2406,368.908,51.1761,413.834,153.124
352.482,189.329,286.034,115.359,359.583,49.2902,426.031,123.261
354.057,184.648,286.234,102.546,355.931,44.9697,423.755,127.072
369.071,178.777,292.879,131.792,350.125,38.9602,426.317,85.9455
383.959,170.497,319.738,165.145,330.186,39.7655,394.407,45.1172
323.742,177.954,309.785,55.4423,374.502,48.0694,388.459,170.581
325.394,172.646,318.34,40.3686,373.317,37.4364,380.371,169.714
335.865,175.073,312.935,42.4064,360.201,34.2368,383.131,166.903
335.34,174.523,314.125,58.5503,357.904,50.5419,379.119,166.515
334.949,174.515,313.986,58.5207,358.111,50.5462,379.074,166.541
330.461,170.416,316.256,49.6758,356.464,44.9454,370.669,165.686
334.094,172.423,308.306,56.3765,347.694,47.6235,373.482,163.671
324.011,164.21,318.05,50.9448,360.721,48.6989,366.682,161.964
327.769,166.154,313.846,54.7692,356.431,49.4462,370.354,160.831
322.493,164.274,318.762,48.6206,362.684,47.2038,366.415,162.858
320,158,320,44,365,44,365,158
319.526,166.607,308.655,50.6573,355.184,46.2953,366.054,162.245
322.231,172.154,298.461,53.3077,345.961,43.8077,369.731,162.654
318.011,166.735,300.132,53.5054,351.022,45.4703,368.9,158.7
313.891,161.911,303.069,53.6931,354.555,48.5445,365.376,156.762
356.231,162.497,301,154,317.474,46.9191,372.705,55.4162
358.933,160.758,304.938,154.853,316.459,49.519,370.454,55.4246
315.646,162.369,287.769,60.1539,340.231,45.8462,368.108,148.061
306,157,306,52,360,52,360,157
307.719,158.087,297.212,54.5148,349.973,49.1622,360.48,152.734
310.515,160.979,291.967,60.821,346.54,50.7149,365.087,150.873
307.439,159.653,294.059,55.9601,350.443,48.6848,363.823,152.378
310.026,165.956,283.744,64.5848,337.536,50.6388,363.818,152.01
303.677,160.794,295.665,56.6412,350.953,52.3882,358.965,156.541
308.392,166.344,279.664,67.848,335.843,51.4624,364.571,149.958
316.577,171.868,272.09,81.1825,323.204,56.1076,367.691,146.793
305.651,170.518,277.192,72.944,336.098,55.7632,364.557,153.338
298.389,165.095,288.107,68.1553,352.489,61.3269,362.771,158.267
292,163,292,65,355,65,355,163
356.704,162.497,286.239,157.277,292.828,68.3206,363.293,73.5403
287.484,160.858,283.522,63.795,350.289,61.0699,354.25,158.133
284.794,167.924,277.434,66.7139,346.505,61.6906,353.866,162.901
282,165,282,66,356,66,356,165
284.836,168.453,276.665,66.3068,344.033,60.9173,352.205,163.064
282.792,171.086,275.152,64.132,347.355,58.9746,354.995,165.929
284.086,171.172,273.758,64.9402,346.474,57.8707,356.802,164.103
284.458,170.466,273.653,65.1126,346.882,57.6018,357.688,162.955
272,173,272,62,342,62,342,173
287.181,186.143,247.43,81.6113,311.034,57.4236,350.786,161.955
277.4,168.954,270.377,68.8683,349.356,63.3259,356.38,163.412
276,168,276,64,355,64,355,168
277,168,277,63,355,63,355,168
277,169,277,63,354,63,354,169
278,170,278,64,354,64,354,170
272,173,272,64,364,64,364,173
363.63,178.491,271.064,171.634,279.083,63.3766,371.649,70.2333
364.487,179.919,271.005,172.44,279.657,64.2925,373.138,71.7711
363.494,179.577,271.041,172.465,279.365,64.2588,371.818,71.3706
364.487,179.919,271.005,172.44,279.657,64.2925,373.138,71.7711
363.494,179.577,271.041,172.465,279.365,64.2588,371.818,71.3706
364.487,179.919,271.005,172.44,279.657,64.2925,373.138,71.7711
267,173,267,70,370,70,370,173
267,172,267,71,371,71,371,172
416.438,157.41,280.333,149.558,285.091,67.0822,421.196,74.9344
414.333,160.752,279.964,150.213,286.507,66.7849,420.877,77.3237
413.647,159.588,280.053,149.312,286.482,65.7294,420.077,76.0059
412.569,158.885,280.017,148.281,286.625,65.69,419.177,76.2941
410.733,158.019,279.161,147.279,285.897,64.7671,417.469,75.5077
409.665,157.85,279.086,147.191,285.815,64.7605,416.394,75.42
409.646,155.448,279.298,147.467,284.344,65.0415,414.693,73.022
407.679,157.688,279.086,147.191,285.815,64.7605,414.408,75.2578
406.685,157.607,279.086,147.191,285.815,64.7605,413.414,75.1767
405.685,157.607,279.08,147.272,285.809,64.8416,412.414,75.1767
404.665,155.143,279.298,147.467,284.344,65.0415,409.711,72.717
402.712,157.283,279.086,147.191,285.809,64.8416,409.434,74.9334
307.131,182.536,245.309,131.754,315.5,46.3039,377.322,97.086
279.156,157.666,267.109,82.5998,380.677,64.3728,392.725,139.439
296.219,158.342,274.289,93.3958,395.601,52.4335,417.531,117.379
394.125,172.83,288.074,142.918,308.312,71.165,414.363,101.077
298.55,163.156,271.779,98.5157,393.007,48.3102,419.778,112.951
298.854,159.699,273.188,97.837,391.139,48.8997,416.805,110.762
391,176,289.3,142.1,314.8,65.6,416.5,99.5
392.397,173.841,289.734,142.803,312.835,66.392,415.498,97.4296
392.277,175.49,289.395,143.646,313.512,65.73,416.394,97.5742
323.638,168.733,277.622,101.118,369.271,38.7458,415.287,106.36
321.433,168.202,279.72,102.787,378.382,39.8722,420.096,105.287
384.788,180.647,287.339,148.649,314.586,65.67,412.034,97.668
328.472,170.699,279.174,110.351,363.31,41.6204,412.608,101.968
388.058,182.839,296.445,149.525,327.394,64.416,419.007,97.7299
399.235,188.059,300.882,163.471,325.177,66.2941,423.529,90.8824
401.499,187.776,301.327,164.332,324.342,65.9948,424.514,89.4395
324.243,179.005,276.697,104.714,379.364,39.0068,426.91,113.297
327.207,180.443,274.812,111.242,369.674,39.4183,422.069,108.619
326.974,180.866,274.335,112.435,368.476,40.0186,421.115,108.45
329.104,189.052,276.607,112.406,378.876,42.3589,431.373,119.005
334.89,188.995,275.221,123.588,360.974,45.3566,420.644,110.763
333.325,182.961,281.276,124.52,363.008,51.7277,415.056,110.169
323.851,174.612,285.748,110.359,385.09,51.4464,423.194,115.699
325.681,175.926,282.141,106.081,378.136,46.2397,421.676,116.085
396.347,189.338,307.563,161.088,338.15,64.9569,426.934,93.2064
384.755,188.634,303.599,164.764,333.519,63.035,414.675,86.9045
352.009,188.963,284.058,133.092,345.554,58.2997,413.504,114.17
313,171,313,72,395,72,395,171
371.786,184.683,305.11,163.847,335.626,66.1957,402.302,87.032
388.422,178.257,315.322,170.004,326.339,72.4254,399.44,80.6786
386.071,174.005,317.066,169.076,324.31,67.665,393.315,72.5939
327,177,327,65,384,65,384,177
335.241,178.104,328.679,66.5483,379.21,63.5759,385.772,175.131
338,179,338,67,386,67,386,179
341,177,341,67,384,67,384,177
345,177,345,69,384,69,384,177
348.178,169.614,343.461,73.715,379.62,71.9367,384.336,167.836
349,171,349,75,384,75,384,171
382.855,174.249,347.615,171.975,353.969,73.4819,389.209,75.7554
383.307,174.127,348.153,170.709,357.191,77.7547,392.344,81.1724
383.951,172.495,349.99,169.099,359.347,75.5347,393.307,78.9307
356,176,356,74,387,74,387,176
362.11,174.728,354.365,76.629,383.84,74.3021,391.584,172.401
366.028,171.331,358.165,76.9862,387.214,74.5655,395.076,168.91
374.389,174.465,359.543,80.4405,385.63,76.3216,400.476,170.346
374.894,171.414,364.925,75.9929,389.64,73.4108,399.609,168.832
377.618,170.349,366.201,76.1575,391.347,73.1095,402.764,167.301
384.687,175.544,371.443,80.1885,395.152,76.8955,408.396,172.251
386.019,171.158,374.497,75.1404,397.013,72.4385,408.535,168.456
386.693,171.864,376.727,79.3217,399.935,76.8224,409.901,169.365
388.574,169.743,379.594,79.9406,404.346,77.4654,413.327,167.267
387.632,159.171,378.625,79.3971,403.502,76.5885,412.509,156.362
410.875,159.494,385.04,158.202,389.02,78.601,414.855,79.8928
391.906,166.009,383.973,82.7168,408.796,80.3528,416.728,163.645
412.967,159.676,388.331,158.484,392.354,75.3397,416.99,76.5318
391,163,391,79,416,79,416,163
396,171,396,76,418,76,418,171
416.784,171.21,395.117,170.854,396.676,75.7652,418.342,76.1204
400.662,167.306,399.454,79.1308,421.819,78.8244,423.027,167
400,167,400,81,422,81,422,167
401,163,401,79,423,79,423,163
425.354,162.334,403.813,161.997,405.125,77.9707,426.667,78.3073
422.569,167.288,401.868,166.983,403.18,77.7821,423.881,78.0865
404,161,404,79,424,79,424,161
405.353,163.229,402.593,83.1865,422.741,82.4917,425.501,162.535
405.779,166.999,401.433,83.3411,420.81,82.3346,425.155,165.992
404.211,160.049,402.862,83.1428,424.364,82.7655,425.714,159.672
403,158,403,82,423,82,423,158
402,158,402,83,422,83,422,158
403.736,166.411,400.407,83.1837,418.578,82.4569,421.907,165.684
401,164,401,87,420,87,420,164
415.805,162.181,396.172,161.441,399.027,85.7746,418.66,86.5155
401.123,162.352,394.074,84.8115,412.557,83.1311,419.607,160.672
400.793,162.517,394.235,83.8138,412.772,82.269,419.331,160.972
414.746,161.37,393.495,160.638,395.973,88.7922,417.223,89.5249
396.251,160.525,393.841,88.2386,414.685,87.5438,417.094,159.83
394,167,394,89,415,89,415,167
394,172,394,91,414,91,414,172
399.354,178.295,393.531,94.4492,412.73,93.116,418.553,176.962
402.804,176.492,391.6,99.9365,409.772,97.2772,420.975,173.833
397,176,397,100,415,100,415,176
396,178,396,103,416,103,416,178
396,178,396,103,416,103,416,178
395,180,395,103,415,103,415,180
396.486,182.266,391.728,101.369,412.655,100.138,417.414,181.035
394,186,394,106,414,106,414,186
394.158,186.244,392.955,108.047,413.396,107.732,414.599,185.929
394,186,394,109,416,109,416,186
393.788,191.178,389.357,111.425,411.954,110.169,416.385,189.923
392,189,392,111,417,111,417,189
391.717,194.061,387.964,115.24,412.765,114.059,416.518,192.88
389,190,389,110,413,110,413,190
388,191,388,114,413,114,413,191
389,197,389,117,414,117,414,197
389.794,198.65,384.256,117.414,410.656,115.614,416.194,196.85
387,198,387,115,414,115,414,198
389.097,198.125,387.797,116.241,413.966,115.826,415.265,197.71
389.813,200.435,388.163,116.33,412.644,115.85,414.293,199.955
389.777,200.427,388.141,115.324,412.632,114.853,414.268,199.956
393.143,198.216,389.612,118.773,420.418,117.404,423.949,196.847
391,202,391,119,421,119,421,202
393.515,203.067,391.278,120.29,421.121,119.483,423.358,202.261
395.911,203.053,390.416,124.297,419.854,122.243,425.349,200.999
396.23,203.219,394.279,125.143,422.836,124.429,424.788,202.505
398.481,206.256,395.189,122.306,420.679,121.307,423.971,205.256
400.213,204.344,393.303,128.336,419.361,125.967,426.271,201.975
400.535,204.346,393.049,129.495,419.089,126.891,426.574,201.743
400.436,203.357,393.049,129.495,419.089,126.891,426.475,200.753
397,205,397,126,420,126,420,205
408.966,206.414,383.539,199.568,402.772,128.131,428.199,134.977
394,207,394,133,420,133,420,207
393,206,393,135,423,135,423,206
393,206,393,134,422,134,422,206
389,209,389,136,413,136,413,209
390,212,390,135,411,135,411,212
388,214,388,138,409,138,409,214
405.478,217.706,384.454,216.681,388.207,139.766,409.23,140.792
405.857,218.641,383.248,217.419,387.338,141.748,409.948,142.97
405.849,217.714,383.197,216.455,387.348,141.742,410,143
405.117,220.399,381.852,218.697,386.762,151.592,410.027,153.295
388,220,388,151,409,151,409,220
405.405,225.192,380.121,221.345,389,163,414.284,166.848
409.968,222.027,382.535,219.606,387.747,160.536,415.18,162.957
412.4,223.736,379.199,219.209,386.641,164.633,419.842,169.16
379,225,379,164,413,164,413,225
408.473,229.678,376.154,224.781,386.105,159.107,418.424,164.004
376,231,376,161,409,161,409,231
409.598,230.65,373.993,229.166,376.874,160.036,412.478,161.52
403.541,232.757,366.243,226.541,377.838,156.973,415.135,163.189
370,232,370,158,405,158,405,232
368,233,368,158,403,158,403,233
369,233,369,159,403,159,403,233
368,234,368,157,404,157,404,234
382.081,237.486,368.487,155.919,398,151,411.595,232.568
388.605,234.777,366.757,156.123,397.083,147.699,418.931,226.352
386.264,234.085,363.768,161.405,393.883,152.084,416.379,224.764
402.693,233.918,365.65,231.603,370.245,158.078,407.288,160.393
404.261,231.699,362.621,227.825,369.353,155.452,410.993,159.325
408.364,230.895,363.316,229.093,366.185,157.367,411.233,159.169
403.228,225.802,362.508,222.893,367.675,150.548,408.396,153.457
364,221,364,142,406,142,406,221
406.222,227.76,361.87,221.766,373.136,138.397,417.488,144.39
391.215,230.891,344.124,168.663,383.409,138.934,430.501,201.162
391.944,231.428,343.952,169.037,383.242,138.814,431.234,201.204
367,227,367,139,417,139,417,227
366,226,366,140,422,140,422,226
373.357,234.255,327.106,176.069,381.27,133.016,427.52,191.202
374.616,233.105,331.871,172.758,387.833,133.118,430.579,193.465
367.512,233.297,361.277,144.454,416.881,140.552,423.116,229.395
369.518,235.249,362.863,142.081,411.401,138.614,418.056,231.782
372.514,234.052,366.621,141.726,415.846,138.584,421.739,230.91
370.234,237.245,368.301,144.431,418.092,143.394,420.025,236.208
373.135,236.425,365.372,144.574,416.71,140.236,424.472,232.087
371.14,237.946,366.652,143.683,425.328,140.889,429.817,235.152
384.412,251.353,332.395,183.08,390.634,138.707,442.651,206.98
369.384,247.891,366.017,143.516,429.273,141.475,432.64,245.85
371.448,248.414,367.455,146.61,436.486,143.902,440.479,245.707
374.411,251.691,368.546,149.055,440.796,144.926,446.661,247.562
375.233,251.896,369.097,149.128,445.571,144.563,451.706,247.331
443.547,257.721,364.613,250.652,373.991,145.939,452.925,153.008
401.039,276.63,328.99,200.343,391.741,141.078,463.79,217.365
444.42,259.06,359.02,246.86,374.2,140.6,459.6,152.8
391,269,328.623,194.148,397.18,137.016,459.557,211.869
400.023,271.159,333.016,206.78,396.494,140.71,463.502,205.09
392.772,270.726,333.576,188.367,403.016,138.457,462.212,220.816
395.87,270.805,334.741,200.167,402.135,141.845,463.264,212.483
391.275,267.439,334.361,189.938,402.949,139.569,459.863,217.069
396,269,336.5,209.5,405,141,464.5,200.5
404.193,269.532,340.946,218.144,404.661,139.725,467.908,191.113
420.199,269.816,356.306,230.926,410.066,142.605,473.959,181.497
429.488,264.777,364.547,236.542,407.552,137.631,472.493,165.867
424.689,269.16,360.755,233.641,413.302,139.057,477.236,174.576
447.132,265.975,374.85,245.645,404.057,141.797,476.339,162.127
430,273,361.6,238.8,409.8,142.4,478.2,176.6
451.809,264.605,374.513,248.398,396.127,145.317,473.422,161.524
443.487,274.473,373.407,250.051,411.247,141.465,481.327,165.887
430.031,281.446,361.862,242.492,420.508,139.862,488.677,178.815
448.71,275.434,370.281,247.34,409.042,139.134,487.47,167.228
434.659,280.202,365.102,243.041,422.867,134.915,492.425,172.076
447.95,279.327,371.122,252.917,410.424,138.583,487.252,164.993
450.886,280.449,371.088,253.517,409.689,139.145,489.487,166.077
448.018,281.916,368.722,253.982,409.067,139.455,488.363,167.389
455.803,281.462,377.851,264.037,406.007,138.072,483.96,155.497
449.847,286.669,369.986,259.375,410.757,140.081,490.618,167.376
453.888,284.935,372.276,262.851,406.022,138.135,487.635,160.219
453.911,284.988,372.638,263.502,406.757,134.441,488.031,155.928
432.081,289.944,358.99,249.745,421.823,135.503,494.914,175.702
437.942,287.382,362.615,250.684,421.301,130.224,496.628,166.921
435.715,288.054,360.677,249.462,421.509,131.176,496.548,169.768
447.479,284.581,369.765,252.698,420.142,129.904,497.857,161.787
404.707,280.838,340.945,194.833,426.75,131.22,490.511,217.224
407.613,284.483,339.44,213.688,426.82,129.544,494.994,200.339
462.418,287.212,377.227,260.22,418.658,129.456,503.849,156.447
411,289,336,214,424,126,499,201
412.405,288.875,331.891,206.871,418.849,121.494,499.362,203.499
408.605,291.856,334.148,193.516,428.338,122.201,502.795,220.541
483.261,276.856,382.068,264.549,399.281,123.021,500.474,135.328
409.28,291.04,334.52,191.36,431.48,118.64,506.24,218.32
474.529,288.882,373.118,263.529,409.529,117.882,510.941,143.235
408.67,294.294,336.201,174.149,432.72,115.931,505.189,236.077
481.32,289.261,382.899,269.806,412.674,119.18,511.095,138.635
416.122,301.877,333.924,206.258,432.842,121.224,515.04,216.843
431.696,297.227,344.072,218.365,432.63,119.967,520.254,198.829
424.952,300.217,339.882,219.625,432.667,121.685,517.737,202.277
427.169,292.708,342.553,205.271,432.271,118.447,516.887,205.883
431.893,290.478,341.432,198.457,424.834,116.469,515.295,208.49
438.497,287.441,346.2,205.4,428.076,113.29,520.372,195.331
419.67,289.564,340.94,190.365,436.526,114.503,515.255,213.702
430.635,286.547,344.531,191.687,432.66,111.693,518.764,206.553
427.112,290.799,341.395,193.84,432.416,113.372,518.133,210.331
432.174,288.412,344.478,196.404,429.962,114.927,517.657,206.936
421.444,291.387,345.009,188.993,439.127,118.736,515.562,221.13
434.446,292.916,347.826,201.656,436.046,117.923,522.665,209.183
434.355,293.875,347.35,202.036,435.582,118.448,522.587,210.286
431.707,299.158,349.324,215.564,443.182,123.067,525.565,206.661
439.978,299.356,358.256,218.973,448.285,127.444,530.007,207.826
438,297,359.5,218.5,450.5,127.5,529,206
494.027,294.928,393.612,257.788,440.299,131.563,540.713,168.702
446,301,364.5,219.5,452,132,533.5,213.5
439.976,294.22,365.537,201.171,458.951,126.439,533.39,219.488
456.935,299.181,371.69,219.815,454.255,131.134,539.5,210.5
456.024,300.306,369.306,225.977,451.259,130.365,537.977,204.694
454.174,294.608,370.381,209.371,457.731,123.502,541.524,208.74
458.152,293.243,373.797,211.61,458.155,124.44,542.509,206.074
457.368,291.408,372.777,212.104,459.222,119.896,543.813,199.2
446.134,294.236,366.039,210.327,461.626,119.084,541.721,202.993
463.013,297.823,366.683,222.565,451.947,113.428,548.277,188.685
458.946,299.084,362.514,220.562,452.34,110.249,548.772,188.771
522.98,287.444,410.137,267.234,436.365,120.797,549.208,141.007
456.528,296.557,362.893,219.597,449.886,113.756,543.521,190.716
459.703,297.976,363.795,222.259,448.983,114.355,544.891,190.072
425.859,283.783,364.95,170.271,487.59,104.464,548.499,217.976
424.601,287.746,360.275,175.819,486.753,103.13,551.079,215.058
540.345,301.763,405.759,283.684,425.951,133.367,560.537,151.445
544.511,294.776,415.284,288.314,422.796,138.09,552.023,144.551
545.178,300.574,415.263,291.068,426.646,135.511,556.56,145.017
539.393,310.963,410.304,293.623,431.538,135.55,560.627,152.89
546.954,307.094,412.649,294.976,426.976,136.186,561.281,148.303
546.644,307.69,411.686,295.233,426.328,136.615,561.286,149.072
545.31,313.477,407.172,293.898,429.579,135.806,567.717,155.385
429.707,313.869,356.661,198.214,493.762,111.624,566.808,227.279
552.201,308.315,410.747,297.706,422.212,144.841,563.666,155.45
551.915,312.858,408.235,297.292,424.731,145.021,568.411,160.586
553.609,313.462,412.51,297.957,429.372,144.514,570.471,160.019
558.659,313.4,408.255,296.95,424.88,144.956,575.284,161.406
560.664,308.697,411.713,295.156,425.27,146.025,574.221,159.566
567.21,302.58,412.557,298.714,416.3,149.008,570.953,152.874
555.775,321.934,410.271,296.801,436.681,143.9,582.185,169.032
560.24,325.486,410.662,298.513,438.563,143.79,588.141,170.763
457.354,333.69,359.664,222.044,488.443,109.363,586.133,221.009
576.29,303.722,418.247,295.547,426.519,135.63,584.562,143.805
451.541,333.761,360.725,217.214,500.867,108.013,591.682,224.559
564.736,327.799,410.655,298.727,440.69,139.545,594.77,168.617
417,299,417,147,579,147,579,299
420,302,420,150,590,150,590,302
416,309,416,143,576,143,576,309
590.825,308.427,418.449,301.623,424.736,142.358,597.112,149.162
471.538,347.735,361.491,232.904,493.09,106.789,603.136,221.62
470.99,346.847,362.334,231.982,494.544,106.918,603.2,221.783
415,306,415,147,593,147,593,306
418,306,418,150,591,150,591,306
583.604,315.362,408.958,297.115,426.406,130.117,601.052,148.364
591.276,310.895,409.543,301.655,417.403,147.071,599.137,156.312
415,306,415,147,597,147,597,306
415,306,415,147,597,147,597,306
415,306,415,147,597,147,597,306
415,306,415,147,597,147,597,306
415,306,415,147,597,147,597,306
420.224,310.637,411.185,143.423,599.634,133.236,608.673,300.45
599.234,318.186,410.048,302.421,424.31,131.276,613.497,147.041
423.361,315.967,408.172,148.893,598.508,131.59,613.697,298.664
417.476,315.268,410.837,147.64,600.352,140.135,606.991,307.763
415,312,415,140,603,140,603,312
411,312,411,137,607,137,607,312
416.309,320.775,383.982,157.736,583.791,118.119,616.118,281.158
598.837,311.826,408.166,305.399,413.765,139.318,604.435,145.745
411.184,310.727,395.216,139.073,579.782,121.904,595.75,293.558
582.217,305.026,399.005,298.364,405.291,125.502,588.503,132.164
588.179,302.614,397.922,295.389,404.493,122.348,594.75,129.573
586.179,300.838,397.676,291.643,405.971,121.584,594.474,130.779
587.312,300.626,396.898,291.666,404.9,121.631,595.313,130.591
398,289,398,123,577,123,577,289
581.268,294.04,394.511,280.423,406.127,121.114,592.884,134.731
584.149,290.161,391.391,282.675,398.017,112.069,590.775,119.554
584.082,289.272,392.414,283.522,397.524,113.206,589.191,118.956
580.31,290.316,388.124,270.237,407.579,84.0306,599.765,104.11
398,276,398,100,586,100,586,276
396.716,309.341,319.561,95.9355,436.635,53.6087,513.79,267.014
395.32,308.687,319.721,95.0372,437.115,53.4979,512.714,267.147
397.182,308.625,320.51,95.4784,436.986,53.5807,513.657,266.728
397.209,308.372,321.721,95.0372,438.226,53.8124,513.714,267.147
440.227,319.553,333.624,152.635,442.256,83.2565,548.859,250.174
439.969,319.459,333.665,153.947,442.333,84.1518,548.638,249.664
410,259,410,93,567,93,567,259
408.077,262.833,403.074,101.049,570.748,95.8635,575.752,257.647
412.193,262.849,403.05,118.389,590.01,106.556,599.153,251.016
585.389,267.571,396.65,250.014,409.072,116.472,597.811,134.029
591.766,261.785,398.203,255.111,403.284,107.769,596.847,114.443
447.052,288.01,357.116,156.103,509.719,52.055,599.656,183.962
438.184,291.495,351.505,145.426,519.738,45.5952,606.417,191.665
591.55,265.469,376.923,247.794,389.39,96.4086,604.017,114.084
591.461,265.544,375.923,247.794,388.39,96.4086,603.928,114.159
387.444,257.294,382.81,101.283,596.157,94.9458,600.791,250.957
411.225,265.134,394.194,103.348,594.71,82.2411,611.74,244.027
409.928,259.623,391.382,104.129,591.372,80.2767,609.918,235.771
598.282,253.203,399.036,246.001,404.366,98.5313,603.612,105.733
571.078,284.815,381.234,234.562,418.601,93.3945,608.446,143.648
577.408,281.852,386.797,237.569,420.117,94.1484,610.728,138.432
578.913,281.772,387.117,238.096,419.838,94.4085,611.634,138.085
576.824,283.706,390,237,425.706,94.1765,612.529,140.882
408,252,408,99,603,99,603,252
600.743,249.453,404.067,242.969,408.911,96.041,605.587,102.525
426.74,251.827,387.513,111.56,574.656,59.2234,613.883,199.49
426.901,251.105,387.832,112.586,574.4,59.9641,613.469,198.483
428.587,252.586,387.019,112.87,573.101,57.5071,614.669,197.222
427.595,252.365,386.679,117.34,569.303,61.9992,610.219,197.024
441.503,279.991,367.828,138.956,543.395,47.2415,617.07,188.277
419.919,273.513,393.297,113.784,589.027,81.1622,615.649,240.892
421.068,273.464,394.205,113.866,588.859,81.1029,615.722,240.7
413.923,276.808,388.302,114.036,593.993,81.6586,619.614,244.431
414.538,274.378,391.259,115.531,602.312,84.6008,625.592,243.448
421.216,277.943,386.881,121.197,593.637,75.9081,627.972,232.654
416.839,275.78,392.24,116.608,598.06,84.7999,622.659,243.971
421.595,271.376,401.378,117.415,601.125,91.1855,621.343,245.147
422.483,271.522,402.232,117.303,602.108,91.0565,622.359,245.276
420.002,281.13,393.389,124.584,600.902,89.3066,627.515,245.852
449.502,304.54,366.561,154.018,546.499,54.868,629.44,205.39
429.453,294.078,381.319,142.454,581.624,78.8654,629.758,230.489
430.646,296.615,384.203,142.621,583.49,82.519,629.932,236.512
405.53,280.421,398.789,128.743,609.084,119.396,615.826,271.074
446.314,305.935,369.523,160.522,545.537,67.5703,622.329,212.984
452.923,315.98,369.19,173.323,540.675,72.6689,624.408,215.326
443.456,314.736,368.041,172.957,547.815,77.3324,623.23,219.112
445.833,319.621,361.782,184.204,533.343,77.7184,617.394,213.135
418.781,305.087,388.551,146.827,586.433,109.03,616.662,267.289
408.776,301.037,388.606,138.125,594.066,112.687,614.236,275.599
439.963,332.602,355.832,187.71,534.715,83.8428,618.846,228.735
429.754,327.672,367.195,167.195,559.438,92.2531,621.997,252.73
407.806,318.009,375.36,160.647,586.804,117.051,619.25,274.412
411.697,325.685,374.028,162.455,583.927,114.017,621.596,277.247
412.819,323.65,378.532,158.178,582.669,115.88,616.956,281.352
406.351,318.046,385.178,151.686,592.708,125.274,613.881,291.633
438.245,339.38,356.991,186.622,537.544,90.5829,618.799,243.341
433.312,333.232,360.326,182.226,543.784,93.5541,616.771,244.561
434.123,332.841,361.326,182.226,543.974,93.9459,616.771,244.561
434.407,332.765,362.095,182.114,544.637,94.4941,616.949,245.144
411.404,320.081,379.413,163.324,582.584,121.86,614.575,278.617
419.206,320.072,391.714,160.275,587.082,126.663,614.574,286.46
417.632,312.498,397.562,155.026,592.195,130.22,612.265,287.692
416.601,312.155,392.053,160.264,589.639,128.331,614.187,280.222
414.206,315.381,390.419,162.861,589.037,131.884,612.824,284.404
410.2,309.6,391.262,158.092,590.892,133.139,609.831,284.646
413.761,313.092,387.949,164.295,588.605,129.487,614.417,278.285
414.011,309.799,400.772,155.334,598.434,138.391,611.674,292.857
420.771,314.152,396.663,158.955,592.719,128.5,616.827,283.697
426.371,314.216,399.632,161.801,591.924,128.066,618.663,280.48
427.144,314.364,400.164,161.927,591.781,128.012,618.761,280.449
422.301,322.342,395.315,165.188,589.714,131.807,616.7,288.961
421.061,322.42,394.318,165.106,589.867,131.863,616.61,289.176
420.061,322.42,393.318,165.106,589.032,131.835,615.775,289.148
420.234,313.421,406.952,147.404,600.434,131.925,613.715,297.943
427.463,319.196,398.161,160.349,586.688,125.572,615.99,284.419
419.339,306.631,414.589,143.565,601.906,138.109,606.656,301.175
419,309,419,133,600,133,600,309
415,312,415,140,601,140,601,312
416,309,416,127,607,127,607,309
421.932,324.885,393.804,154.46,593.424,121.512,621.553,291.938
600.384,315.192,410.935,309.508,416.133,136.224,605.583,141.908
600.683,314.667,411.526,309.938,415.851,136.946,605.008,141.675
600.683,314.667,411.526,309.938,415.851,136.946,605.008,141.675
600.683,314.667,411.526,309.938,415.851,136.946,605.008,141.675
600.683,314.667,411.526,309.938,415.851,136.946,605.008,141.675
600.683,314.667,411.526,309.938,415.851,136.946,605.008,141.675
565.349,340.505,383.33,285.899,428.33,135.899,610.349,190.505
548.988,352.828,371.118,278.716,429.195,139.331,607.065,213.444
551.038,343.463,370.726,280.354,420.194,139.018,600.506,202.127
551.038,343.463,370.726,280.354,420.194,139.018,600.506,202.127
551.038,343.463,370.726,280.354,420.194,139.018,600.506,202.127
551.038,343.463,370.726,280.354,420.194,139.018,600.506,202.127
551.038,343.463,370.726,280.354,420.194,139.018,600.506,202.127
450.232,344.215,357.937,193.967,495.707,109.337,588.002,259.585
548.683,347.652,354.351,272.426,405.587,140.066,599.919,215.291
547.699,347.829,355.058,271.786,407.212,139.663,599.853,215.705
533.851,344.672,360.406,271.898,415.04,141.688,588.484,214.462
535.61,342.377,364.475,268.478,419.631,140.75,590.765,214.649
532.203,344.702,364.017,271.044,420.106,142.974,588.293,216.632
543.949,327.573,372.812,277.239,412.271,143.08,583.408,193.414
546.746,324.565,372.94,278.826,408.122,145.137,581.927,190.876
547.1,318.565,373.175,278.735,403.715,145.378,577.64,185.208
581.405,307.568,389.081,275.513,409.595,152.432,601.919,184.486
604.485,311.298,390.569,279.555,409.966,148.84,623.881,180.582
398,289,398,157,639,157,639,289
397,289,397,157,639,157,639,289
396,289,396,157,639,157,639,289
395,289,395,157,639,157,639,289
504.552,340.443,356.023,261.438,423.136,135.264,571.666,214.269
498.972,339.354,354.102,263.106,420.805,136.371,565.675,212.618
500.822,338.317,361.551,268.065,424.949,142.381,564.22,212.633
500.375,337.276,361.343,265.232,425.109,142.175,564.141,214.219
458.79,338.008,350.969,238.376,437.603,144.621,545.424,244.253
454.322,331.493,355.567,224.774,443.062,143.809,541.817,250.528
405,292,405,157,527,157,527,292
459.429,328.318,361.086,221.168,442.346,146.586,540.69,253.737
517.445,300.23,403.653,286.256,419.935,153.676,533.727,167.651
528.722,295.534,406.08,288.025,414.195,155.481,536.837,162.99
528.689,303.14,403.423,288.403,419.184,154.433,544.451,169.171
533.272,300.102,404.893,289.832,415.688,154.895,544.067,165.165
469.33,331.182,359.518,228.996,438.702,143.903,548.514,246.089
495.493,324.918,367.408,254.204,428.297,143.914,556.383,214.628
491.513,330.317,362.902,256.226,427.971,143.277,556.582,217.368
492.195,330.134,363.902,256.226,428.722,143.709,557.014,217.617
494.209,329.671,362.041,260.363,421.784,146.435,553.952,215.743
494.906,332.742,361.55,263.64,421.87,147.233,555.226,216.335
491.834,330.637,359.064,258.217,421.51,143.732,554.28,216.153
494.478,332.377,356.976,262.398,417.433,143.605,554.935,213.583
494.942,332.29,356.793,262.603,416.718,143.805,554.868,213.491
542.061,303.243,401.469,298.396,406.527,151.708,547.119,156.556
484.467,336.879,354.882,258.301,426.333,140.468,555.919,219.046
474.654,336.426,350.835,251.637,430.314,135.574,554.132,220.362
468.28,338.398,346.503,244.837,431.479,134.234,553.256,227.794
469.934,340.226,347.41,242.517,435.018,132.66,557.542,230.369
399,302,399,147,535,147,535,302
399,306,399,140,531,140,531,306
509.039,317.808,376.923,291.385,410.039,125.808,542.154,152.231
518.858,307.398,391.724,303.833,396.556,131.502,523.69,135.066
401,306,401,137,528,137,528,306
458.056,344.713,341.573,224.213,435.019,133.882,551.502,254.382
399,306,399,133,521,133,521,306
398.308,312.844,390.84,138.593,510.434,133.467,517.902,307.719
395,309,395,140,520,140,520,309
394,309,394,140,519,140,519,309
394.37,309.97,386.726,131.598,497.722,126.84,505.366,305.213
509.513,303.834,386.835,301.428,390.138,132.964,512.816,135.369
406.99,319.607,374.801,135.058,479.601,116.779,511.79,301.327
393,302,393,123,500,123,500,302
411.786,323.317,356.146,145.267,447.932,116.584,503.573,294.634
400.545,311.302,370.431,138.83,467.703,121.845,497.817,294.318
398.689,318.435,351.822,148.887,443.477,123.551,490.345,293.1
397.32,317.24,353.457,147.269,445.368,123.55,489.231,293.521
393.353,312.412,352.471,148.882,441.882,126.529,482.765,290.059
385.986,306.186,355.115,145.12,448.219,127.275,479.09,288.341
385.015,303.333,347.687,149.712,441.423,126.935,478.752,280.556
382.985,305.441,344.385,152.524,439.106,128.614,477.707,281.53
376.706,299.823,340.353,154.412,436.118,130.471,472.471,275.882
359,279,359,140,458,140,458,279
360.435,284.491,353.115,141.738,449.323,136.804,456.644,279.557
357.267,287.359,344.649,144.355,443.672,135.617,456.29,278.621
450.821,280.788,351.339,277.711,355.573,140.791,455.056,143.868
446.402,289.535,340.961,267.025,369.261,134.46,474.703,156.97
344,277,344,145,450,145,450,277
450.14,284.678,335.884,271.122,351.811,136.876,466.068,150.432
337,282,337,143,447,143,447,282
337,279,337,143,446,143,446,279
338,279,338,143,445,143,445,279
335.258,285.859,324.886,144.106,432.359,136.242,442.731,277.995
440.82,291.26,326.72,274.96,346.44,136.92,460.54,153.22
327,286,327,143,440,143,440,286
325.697,291.712,316.743,145.465,428.324,138.633,437.278,284.881
325.6,291.664,316.825,145.411,426.908,138.805,435.684,285.059
326.596,291.604,317.821,145.351,426.849,138.809,435.624,285.063
429.791,282.39,309.859,278.996,313.835,138.495,433.767,141.89
428.553,283.357,306.821,278.957,311.939,137.359,433.671,141.759
427.47,287.194,306.655,281.941,312.964,136.825,433.779,142.077
311,289,311,140,431,140,431,289
316.001,301.409,297.591,148.604,414.401,134.53,432.812,287.336
308,289,308,143,432,143,432,289
430.789,289.934,302.966,284.456,309.168,139.75,436.99,145.228
302,292,302,150,440,150,440,292
437.001,297.484,295.943,288.383,304.894,149.638,445.952,158.739
300,296,300,157,440,157,440,296
300,296,300,160,444,160,444,296
300,299,300,157,442,157,442,299
372.029,350.469,286.246,246.099,405.43,148.14,491.213,252.51
303,306,303,157,442,157,442,306
297.466,314.719,290.936,164.525,439.091,158.083,445.621,308.277
321.942,344.244,271.833,208.951,417.907,154.849,468.016,290.142
291,309,291,167,446,167,446,309
292.87,319.829,284.306,176.37,437.61,167.217,446.175,310.676
288.912,319.287,281.549,175.715,441.513,167.512,448.876,311.083
326.28,356.762,269.628,221.876,412.046,162.061,468.698,296.947
295,316,295,170,450,170,450,316
287,312,287,173,446,173,446,312
291,316,291,170,446,170,446,316
448.432,316.564,295.801,312.547,299.554,169.962,452.185,173.979
451.077,323.615,295.447,312.228,305.728,171.712,461.359,183.099
300,319,300,183,455,183,455,319
302,319,302,180,460,180,460,319
301,322,301,183,459,183,459,322
304,322,304,183,467,183,467,322
298,326,298,190,466,190,466,326
298,326,298,190,466,190,466,326
298,326,298,190,466,190,466,326
286,322,286,197,470,197,470,322
290,322,290,199,468,199,468,322
280,320,280,205,468,205,468,320
276,323,276,200,466,200,466,323
464.636,324.641,270.482,321.654,272.391,197.591,466.545,200.578
463.399,324.99,270.256,319.588,273.752,194.629,466.894,200.032
464.04,323.761,270.437,319.671,273.036,196.642,466.639,200.732
463.998,324.782,270.373,320.691,272.994,196.598,466.619,200.689
462.316,324.96,270.172,319.585,273.697,193.572,465.841,198.947
460.896,326.442,269.838,318.312,275.203,192.243,466.261,200.373
461.224,327.577,269.717,318.203,275.929,191.311,467.435,200.686
461.871,329.528,269.968,320.871,275.823,191.09,467.726,199.747
267,327,267,198,461,198,461,327
276,330,276,199,461,199,461,330
271,326,271,201,461,201,461,326
271,324,271,199,466,199,466,324
274.46,353.285,250.946,226.306,441.02,191.107,464.534,318.086
472.252,322.532,260.804,316.252,264.421,194.498,475.868,200.778
262,319,262,201,461,201,461,319
262.223,331.782,252.544,210.796,448.529,195.118,458.208,316.103
262.302,330.776,252.617,209.711,448.523,194.038,458.208,315.103
253,316,253,196,448,196,448,316
437.811,314.018,252.11,302.987,259.102,185.283,444.803,196.315
437.811,314.018,252.11,302.987,259.102,185.283,444.803,196.315
253,305,253,187,439,187,439,305
262,303,262,183,439,183,439,303
267,303,267,179,443,179,443,303
264.178,302.582,261.368,182.687,437.599,178.556,440.409,298.451
267,296,267,173,435,173,435,296
267,296,267,173,435,173,435,296
440.431,305.707,312.326,287.203,332.443,147.931,460.548,166.435
375.832,304.662,327.994,186.909,425.04,147.484,472.878,265.237
353.885,294.717,343.972,141.066,426.532,135.74,436.444,289.391
374.127,298.161,335.091,158.089,413.919,136.121,452.955,276.193
383.697,294.016,342.681,160.714,413.232,139.005,454.249,272.308
386.309,285.878,351.049,147.775,413.789,131.756,449.049,269.86
383.94,285.336,357.548,139.299,416.642,128.619,443.034,274.656
378.418,282.638,365.657,136.792,419.718,132.062,432.479,277.908
378.292,282.518,365.701,136.828,420.771,132.069,433.362,277.759
376,286,376,127,426,127,426,286
383.536,290.486,375.401,123.712,422.167,121.431,430.303,288.205
381,282,381,131,426,131,426,282
382,282,382,130,426,130,426,282
382,282,382,130,425,130,425,282
382,282,382,130,424,130,424,282
382,282,382,130,424,130,424,282
418.941,186.694,381.666,179.949,408.408,32.169,445.682,38.9139
2
0
0
0
0
1
389.362,259.779,370.381,114.255,409.028,109.214,428.009,254.738
383.197,255.164,370.902,119.918,419.5,115.5,431.795,250.746
378.87,258.533,371.754,123.329,419.727,120.804,426.842,256.008
376.708,258.391,370.12,124.437,419.689,121.999,426.276,255.954
374.697,260.175,369.865,127.296,421.27,125.426,426.102,258.305
373.931,260.688,366.925,127.583,417.575,124.917,424.58,258.022
371.662,257.205,366.557,124.479,416.944,122.541,422.049,255.267
369.259,254.731,366.721,120.213,417.967,119.246,420.505,253.764
369.559,256.362,364.616,120.45,416.057,118.58,421,254.491
368.758,255.678,360.084,122.098,411.84,118.738,420.514,252.317
365.363,257.145,361.832,119.44,413.516,118.115,417.047,255.819
364.191,259.55,362.384,122.179,415.598,121.479,417.406,258.85
363,260,363,122,419,122,419,260
361,262,361,123,418,123,418,262
360,260,360,124,418,124,418,260
358,263,358,126,417,126,417,263
359,265,359,127,418,127,418,265
358,264,358,128,418,128,418,264
358,265,358,127,419,127,419,265
356,268,356,134,419,134,419,268
355,269,355,134,422,134,422,269
353,274,353,138,420,138,420,274
353,271,353,139,422,139,422,271
359.955,276.809,351.236,141.662,415.871,137.492,424.59,272.639
360.059,277.679,351.48,142.557,416.914,138.402,425.494,273.524
359.876,278.809,353.2,143.072,418.485,139.861,425.161,275.599
358.819,277.712,350.82,143.742,418.653,139.692,426.651,273.663
358.651,276.876,352.344,142.343,419.946,139.174,426.252,273.707
359.827,278.647,351.653,143.779,419.495,139.667,427.669,274.535
358.734,278.905,352.476,143.316,421.022,140.153,427.28,275.741
361.384,279.458,349.418,145.828,416.403,139.83,428.37,273.46
402.109,291.911,341.911,285.891,355.891,146.089,416.089,152.109
399.427,293.159,340.927,286.659,356.488,146.61,414.988,153.11
400.54,293.329,342.471,291.327,347.284,151.768,405.353,153.771
396.974,295.148,340.308,290.19,352.576,149.988,409.242,154.946
398.003,295.111,340.273,290.122,352.382,150.008,410.111,154.997
394.724,295.85,339.604,289.365,355.925,150.638,411.044,157.123
397.377,293.775,342.094,291.078,348.711,155.425,403.994,158.122
397.913,294.02,343.182,291.318,350.019,152.865,404.75,155.568
398.696,293.235,343.007,291.73,346.669,156.261,402.358,157.766
397.389,294.22,343.125,291.506,349.903,155.945,404.167,158.658
396.519,293.706,343.895,291.544,349.463,156.074,402.086,158.236
346,296,346,157,397,157,397,296
345,292,345,157,396,157,396,292
344,292,344,157,394,157,394,292
343,292,343,153,393,153,393,292
390.85,292.406,341.095,291.751,342.925,152.67,392.68,153.325
341.255,292.465,339.785,157.22,389.659,156.678,391.129,291.922
386.668,299.626,337.234,298.42,340.698,156.383,390.132,157.589
386.528,299.568,336.392,298.604,339.067,159.52,389.202,160.485
382.975,300.472,331.486,297.763,338.45,165.445,389.939,168.155
383.45,300.616,330.92,298.706,335.748,165.936,388.278,167.846
381.562,302.766,329.852,301.329,333.604,166.267,385.314,167.703
329,305,329,167,380,167,380,305
379.689,302.51,326.792,301.709,328.841,166.513,381.738,167.314
375.961,302.673,324.268,301.471,327.41,166.382,379.103,167.584
375.985,302.651,324.269,301.448,327.41,166.358,379.126,167.561
375.985,302.651,324.269,301.448,327.41,166.358,379.126,167.561
368.745,311.062,318.262,306.855,329.821,168.152,380.303,172.359
370.58,310.724,319.965,307.56,328.654,168.541,379.269,171.704
369.374,310.043,317.549,308.423,321.898,169.247,373.723,170.866
365.539,310.574,314.334,307.648,322.11,171.578,373.314,174.504
362.698,308.704,312.019,304.755,322.423,171.241,373.102,175.19
363.72,309.421,312.607,308.721,314.377,179.498,365.49,180.199
359.575,312.52,309.063,309.458,317.016,178.243,367.527,181.305
357.465,313.793,305.862,310.159,314.991,180.535,366.594,184.169
354.038,311.372,301.651,306.776,312.904,178.5,365.29,183.096
355.36,310.954,302.061,307.147,311.117,180.365,364.416,184.173
352.878,313.292,300.838,311.364,305.626,182.097,357.666,184.025
350.373,316.622,298.315,315.621,300.876,182.44,352.934,183.441
344.431,314.796,291.429,310.227,302.6,180.638,355.603,185.207
341.337,314.292,286.53,310.01,296.364,184.138,351.17,188.419
340.658,313.989,286.333,309.935,295.984,180.611,350.309,184.665
336.197,314.836,280.746,309.795,292.533,180.139,347.984,185.18
333.905,312.371,278.761,306.356,292.774,177.903,347.918,183.918
329.034,315.467,275.513,309.076,290.967,179.653,344.487,186.043
331.659,313.517,279.54,311.3,285.173,178.944,337.291,181.161
328.061,313.973,276.895,311.682,282.845,178.784,334.012,181.075
328.061,313.973,276.895,311.682,282.845,178.784,334.012,181.075
323.367,314.109,271.023,310.474,280.01,181.056,332.355,184.691
320.263,313.91,268.809,310.433,277.728,178.428,329.182,181.904
319.092,314.197,268.318,310.08,279.009,178.217,329.784,182.334
319.258,310.584,267.518,308.12,273.665,179.032,325.405,181.495
314.803,313.696,264.346,311.005,271.392,178.901,321.848,181.592
310.639,316.785,260.41,313.146,269.956,181.403,320.185,185.042
308.944,317.483,258.309,314.589,265.907,181.623,316.542,184.517
306.647,314.138,255.053,310.288,264.391,185.163,315.984,189.014
301.808,314.971,250.289,311.126,259.71,184.889,311.229,188.734
300.4,316.935,249.369,313.375,258.51,182.361,309.54,185.921
298.378,317.663,248.424,314.835,255.967,181.583,305.92,184.411
295.5,318.5,244.494,314.576,254.435,185.341,305.441,189.265
294.694,318.407,241.18,314.21,250.884,190.481,304.398,194.678
292.199,317.013,238.836,313.456,247.022,190.668,300.385,194.226
291.131,317.428,237.421,312.952,247.635,190.386,301.345,194.862
289.743,317.354,235.842,313.594,244.411,190.773,298.312,194.533
281.985,320.123,229.554,313.569,244.692,192.462,297.123,199.015
284.5,317.99,230.335,314.865,237.281,194.458,291.447,197.583
280.256,317.274,227.624,312.34,238.727,193.912,291.358,198.846
276.936,318.614,224.702,313.211,237.257,191.854,289.491,197.258
272.951,318.527,221.032,313.659,232.727,188.912,284.646,193.779
273.266,319.236,221.552,316.133,229.075,190.745,280.789,193.847
