1.0234,0,0,0,0,0,0,0,0,0,0,0,0,0,0
40.225,0,0,0,0,0,0,0,0,0,0,0,0,0,0
14.448,0,0,0,0,0,0,0,0,0,0,0,0,0,0
13.842,0,0,0,0,0,0,0,0,0,0,0,0,0,0
10.453,0,0,0,0,0,0,0,0,0,0,0,0,0,0
14.011,0,0,0,0,0,0,0,0,0,0,0,0,0,0
10.281,0,0,0,0,0,0,0,0,0,0,0,0,0,0
10.246,0,0,0,0,0,0,0,0,0,0,0,0,0,0
14.231,0,0,0,0,0,0,0,0,0,0,0,0,0,0
10.206,0,0,0,0,0,0,0,0,0,0,0,0,0,0
10.715,0,0,0,0,0,0,0,0,0,0,0,0,0,0
13.626,0,0,0,0,0,0,0,0,0,0,0,0,0,0
14.07,0,0,0,0,0,0,0,0,0,0,0,0,0,0
14.023,0,0,0,0,0,0,0,0,0,0,0,0,0,0
13.802,0,0,0,0,0,0,0,0,0,0,0,0,0,0
10.859,0,0,0,0,0,0,0,0,0,0,0,0,0,0
13.592,0,0,0,0,0,0,0,0,0,0,0,0,0,0
14.678,0,0,0,0,0,0,0,0,0,0,0,0,0,0
15.747,0,0,0,0,0,0,0,0,0,0,0,0,0,0
14.326,0,0,0,0,0,0,0,0,0,0,0,0,0,0
13.866,0,0,0,0,0,0,0,0,0,0,0,0,0,0
10.298,0,0,0,0,0,0,0,0,0,0,0,0,0,0
10.222,0,0,0,0,0,0,0,0,0,0,0,0,0,0
10.349,0,0,0,0,0,0,0,0,0,0,0,0,0,0
10.145,0,0,0,0,0,0,0,0,0,0,0,0,0,0
10.829,0,0,0,0,0,0,0,0,0,0,0,0,0,0
13.594,0,0,0,0,0,0,0,0,0,0,0,0,0,0
14.183,0,0,0,0,0,0,0,0,0,0,0,0,0,0
13.758,0,0,0,0,0,0,0,0,0,0,0,0,0,0
14.46,0,0,0,0,0,0,0,0,0,0,0,0,0,0
13.769,0,0,0,0,0,0,0,0,0,0,0,0,0,0
10.93,0,0,0,0,0,0,0,0,0,0,0,0,0,0
13.663,0,0,0,0,0,0,0,0,0,0,0,0,0,0
14.482,0,0,0,0,0,0,0,0,0,0,0,0,0,0
10.404,0,0,0,0,0,0,0,0,0,0,0,0,0,0
14.38,0,0,0,0,0,0,0,0,0,0,0,0,0,0
13.806,0,0,0,0,0,0,0,0,0,0,0,0,0,0
10.939,0,0,0,0,0,0,0,0,0,0,0,0,0,0
13.914,0,0,0,0,0,0,0,0,0,0,0,0,0,0
10.781,0,0,0,0,0,0,0,0,0,0,0,0,0,0
14.505,0,0,0,0,0,0,0,0,0,0,0,0,0,0
11.532,0,0,0,0,0,0,0,0,0,0,0,0,0,0
11.244,0,0,0,0,0,0,0,0,0,0,0,0,0,0
11.316,0,0,0,0,0,0,0,0,0,0,0,0,0,0
14.073,0,0,0,0,0,0,0,0,0,0,0,0,0,0
14.146,0,0,0,0,0,0,0,0,0,0,0,0,0,0
11.165,0,0,0,0,0,0,0,0,0,0,0,0,0,0
14.674,0,0,0,0,0,0,0,0,0,0,0,0,0,0
14.538,0,0,0,0,0,0,0,0,0,0,0,0,0,0
14.668,0,0,0,0,0,0,0,0,0,0,0,0,0,0
14.456,0,0,0,0,0,0,0,0,0,0,0,0,0,0
14.458,0,0,0,0,0,0,0,0,0,0,0,0,0,0
14.58,0,0,0,0,0,0,0,0,0,0,0,0,0,0
14.629,0,0,0,0,0,0,0,0,0,0,0,0,0,0
14.726,0,0,0,0,0,0,0,0,0,0,0,0,0,0
14.62,0,0,0,0,0,0,0,0,0,0,0,0,0,0
14.525,0,0,0,0,0,0,0,0,0,0,0,0,0,0
14.445,0,0,0,0,0,0,0,0,0,0,0,0,0,0
14.454,0,0,0,0,0,0,0,0,0,0,0,0,0,0
14.616,0,0,0,0,0,0,0,0,0,0,0,0,0,0
14.682,0,0,0,0,0,0,0,0,0,0,0,0,0,0
14.457,0,0,0,0,0,0,0,0,0,0,0,0,0,0
14.476,0,0,0,0,0,0,0,0,0,0,0,0,0,0
14.548,0,0,0,0,0,0,0,0,0,0,0,0,0,0
14.477,0,0,0,0,0,0,0,0,0,0,0,0,0,0
14.623,0,0,0,0,0,0,0,0,0,0,0,0,0,0
14.721,0,0,0,0,0,0,0,0,0,0,0,0,0,0
14.527,0,0,0,0,0,0,0,0,0,0,0,0,0,0
14.717,0,0,0,0,0,0,0,0,0,0,0,0,0,0
14.624,0,0,0,0,0,0,0,0,0,0,0,0,0,0
11.136,0,0,0,0,0,0,0,0,0,0,0,0,0,0
14.598,0,0,0,0,0,0,0,0,0,0,0,0,0,0
11.249,0,0,0,0,0,0,0,0,0,0,0,0,0,0
11.331,0,0,0,0,0,0,0,0,0,0,0,0,0,0
11.079,0,0,0,0,0,0,0,0,0,0,0,0,0,0
11.148,0,0,0,0,0,0,0,0,0,0,0,0,0,0
14.654,0,0,0,0,0,0,0,0,0,0,0,0,0,0
14.642,0,0,0,0,0,0,0,0,0,0,0,0,0,0
14.453,0,0,0,0,0,0,0,0,0,0,0,0,0,0
14.692,0,0,0,0,0,0,0,0,0,0,0,0,0,0
14.863,0,0,0,0,0,0,0,0,0,0,0,0,0,0
14.811,0,0,0,0,0,0,0,0,0,0,0,0,0,0
14.874,0,0,0,0,0,0,0,0,0,0,0,0,0,0
14.983,0,0,0,0,0,0,0,0,0,0,0,0,0,0
14.797,0,0,0,0,0,0,0,0,0,0,0,0,0,0
14.581,0,0,0,0,0,0,0,0,0,0,0,0,0,0
14.681,0,0,0,0,0,0,0,0,0,0,0,0,0,0
14.94,0,0,0,0,0,0,0,0,0,0,0,0,0,0
14.352,0,0,0,0,0,0,0,0,0,0,0,0,0,0
14.144,0,0,0,0,0,0,0,0,0,0,0,0,0,0
10.771,0,0,0,0,0,0,0,0,0,0,0,0,0,0
14.571,0,0,0,0,0,0,0,0,0,0,0,0,0,0
13.957,0,0,0,0,0,0,0,0,0,0,0,0,0,0
14.764,0,0,0,0,0,0,0,0,0,0,0,0,0,0
14.271,0,0,0,0,0,0,0,0,0,0,0,0,0,0
14.328,0,0,0,0,0,0,0,0,0,0,0,0,0,0
14.382,0,0,0,0,0,0,0,0,0,0,0,0,0,0
13.919,0,0,0,0,0,0,0,0,0,0,0,0,0,0
14.663,0,0,0,0,0,0,0,0,0,0,0,0,0,0
14.108,0,0,0,0,0,0,0,0,0,0,0,0,0,0
14.534,0,0,0,0,0,0,0,0,0,0,0,0,0,0
10.676,0,0,0,0,0,0,0,0,0,0,0,0,0,0
11.183,0,0,0,0,0,0,0,0,0,0,0,0,0,0
12.591,0,0,0,0,0,0,0,0,0,0,0,0,0,0
22.523,0,0,0,0,0,0,0,0,0,0,0,0,0,0
14.576,0,0,0,0,0,0,0,0,0,0,0,0,0,0
14.215,0,0,0,0,0,0,0,0,0,0,0,0,0,0
10.703,0,0,0,0,0,0,0,0,0,0,0,0,0,0
14.541,0,0,0,0,0,0,0,0,0,0,0,0,0,0
10.828,0,0,0,0,0,0,0,0,0,0,0,0,0,0
11.092,0,0,0,0,0,0,0,0,0,0,0,0,0,0
10.764,0,0,0,0,0,0,0,0,0,0,0,0,0,0
10.96,0,0,0,0,0,0,0,0,0,0,0,0,0,0
11.056,0,0,0,0,0,0,0,0,0,0,0,0,0,0
10.773,0,0,0,0,0,0,0,0,0,0,0,0,0,0
14.302,0,0,0,0,0,0,0,0,0,0,0,0,0,0
10.819,0,0,0,0,0,0,0,0,0,0,0,0,0,0
11.039,0,0,0,0,0,0,0,0,0,0,0,0,0,0
10.688,0,0,0,0,0,0,0,0,0,0,0,0,0,0
14.52,0,0,0,0,0,0,0,0,0,0,0,0,0,0
14.088,0,0,0,0,0,0,0,0,0,0,0,0,0,0
14.198,0,0,0,0,0,0,0,0,0,0,0,0,0,0
10.894,0,0,0,0,0,0,0,0,0,0,0,0,0,0
13.995,0,0,0,0,0,0,0,0,0,0,0,0,0,0
11.253,0,0,0,0,0,0,0,0,0,0,0,0,0,0
14.079,0,0,0,0,0,0,0,0,0,0,0,0,0,0
14.726,0,0,0,0,0,0,0,0,0,0,0,0,0,0
10.397,0,0,0,0,0,0,0,0,0,0,0,0,0,0
11.721,0,0,0,0,0,0,0,0,0,0,0,0,0,0
13.87,0,0,0,0,0,0,0,0,0,0,0,0,0,0
11.109,0,0,0,0,0,0,0,0,0,0,0,0,0,0
11.205,0,0,0,0,0,0,0,0,0,0,0,0,0,0
14.322,0,0,0,0,0,0,0,0,0,0,0,0,0,0
10.593,0,0,0,0,0,0,0,0,0,0,0,0,0,0
10.968,0,0,0,0,0,0,0,0,0,0,0,0,0,0
10.57,0,0,0,0,0,0,0,0,0,0,0,0,0,0
14.45,0,0,0,0,0,0,0,0,0,0,0,0,0,0
10.641,0,0,0,0,0,0,0,0,0,0,0,0,0,0
11.262,0,0,0,0,0,0,0,0,0,0,0,0,0,0
13.981,0,0,0,0,0,0,0,0,0,0,0,0,0,0
14.434,0,0,0,0,0,0,0,0,0,0,0,0,0,0
14.409,0,0,0,0,0,0,0,0,0,0,0,0,0,0
14.069,0,0,0,0,0,0,0,0,0,0,0,0,0,0
14.73,0,0,0,0,0,0,0,0,0,0,0,0,0,0
13.981,0,0,0,0,0,0,0,0,0,0,0,0,0,0
11.073,0,0,0,0,0,0,0,0,0,0,0,0,0,0
14.018,0,0,0,0,0,0,0,0,0,0,0,0,0,0
11.113,0,0,0,0,0,0,0,0,0,0,0,0,0,0
14.369,0,0,0,0,0,0,0,0,0,0,0,0,0,0
10.921,0,0,0,0,0,0,0,0,0,0,0,0,0,0
10.804,0,0,0,0,0,0,0,0,0,0,0,0,0,0
14.062,0,0,0,0,0,0,0,0,0,0,0,0,0,0
10.878,0,0,0,0,0,0,0,0,0,0,0,0,0,0
10.653,0,0,0,0,0,0,0,0,0,0,0,0,0,0
14.343,0,0,0,0,0,0,0,0,0,0,0,0,0,0
10.732,0,0,0,0,0,0,0,0,0,0,0,0,0,0
14.24,0,0,0,0,0,0,0,0,0,0,0,0,0,0
10.871,0,0,0,0,0,0,0,0,0,0,0,0,0,0
14.173,0,0,0,0,0,0,0,0,0,0,0,0,0,0
14.657,0,0,0,0,0,0,0,0,0,0,0,0,0,0
10.556,0,0,0,0,0,0,0,0,0,0,0,0,0,0
14.421,0,0,0,0,0,0,0,0,0,0,0,0,0,0
10.524,0,0,0,0,0,0,0,0,0,0,0,0,0,0
11.291,0,0,0,0,0,0,0,0,0,0,0,0,0,0
14.139,0,0,0,0,0,0,0,0,0,0,0,0,0,0
14.878,0,0,0,0,0,0,0,0,0,0,0,0,0,0
14.169,0,0,0,0,0,0,0,0,0,0,0,0,0,0
14.349,0,0,0,0,0,0,0,0,0,0,0,0,0,0
11.058,0,0,0,0,0,0,0,0,0,0,0,0,0,0
14.641,0,0,0,0,0,0,0,0,0,0,0,0,0,0
14.619,0,0,0,0,0,0,0,0,0,0,0,0,0,0
14.728,0,0,0,0,0,0,0,0,0,0,0,0,0,0
14.727,0,0,0,0,0,0,0,0,0,0,0,0,0,0
14.701,0,0,0,0,0,0,0,0,0,0,0,0,0,0
11.325,0,0,0,0,0,0,0,0,0,0,0,0,0,0
14.693,0,0,0,0,0,0,0,0,0,0,0,0,0,0
14.78,0,0,0,0,0,0,0,0,0,0,0,0,0,0
14.623,0,0,0,0,0,0,0,0,0,0,0,0,0,0
14.846,0,0,0,0,0,0,0,0,0,0,0,0,0,0
14.832,0,0,0,0,0,0,0,0,0,0,0,0,0,0
14.717,0,0,0,0,0,0,0,0,0,0,0,0,0,0
14.659,0,0,0,0,0,0,0,0,0,0,0,0,0,0
14.636,0,0,0,0,0,0,0,0,0,0,0,0,0,0
14.686,0,0,0,0,0,0,0,0,0,0,0,0,0,0
14.499,0,0,0,0,0,0,0,0,0,0,0,0,0,0
14.707,0,0,0,0,0,0,0,0,0,0,0,0,0,0
11.168,0,0,0,0,0,0,0,0,0,0,0,0,0,0
14.695,0,0,0,0,0,0,0,0,0,0,0,0,0,0
14.931,0,0,0,0,0,0,0,0,0,0,0,0,0,0
14.469,0,0,0,0,0,0,0,0,0,0,0,0,0,0
14.889,0,0,0,0,0,0,0,0,0,0,0,0,0,0
14.6,0,0,0,0,0,0,0,0,0,0,0,0,0,0
14.558,0,0,0,0,0,0,0,0,0,0,0,0,0,0
11.232,0,0,0,0,0,0,0,0,0,0,0,0,0,0
14.605,0,0,0,0,0,0,0,0,0,0,0,0,0,0
14.784,0,0,0,0,0,0,0,0,0,0,0,0,0,0
14.813,0,0,0,0,0,0,0,0,0,0,0,0,0,0
14.435,0,0,0,0,0,0,0,0,0,0,0,0,0,0
14.536,0,0,0,0,0,0,0,0,0,0,0,0,0,0
14.726,0,0,0,0,0,0,0,0,0,0,0,0,0,0
14.643,0,0,0,0,0,0,0,0,0,0,0,0,0,0
14.503,0,0,0,0,0,0,0,0,0,0,0,0,0,0
14.633,0,0,0,0,0,0,0,0,0,0,0,0,0,0
14.402,0,0,0,0,0,0,0,0,0,0,0,0,0,0
14.594,0,0,0,0,0,0,0,0,0,0,0,0,0,0
14.546,0,0,0,0,0,0,0,0,0,0,0,0,0,0
14.676,0,0,0,0,0,0,0,0,0,0,0,0,0,0
14.593,0,0,0,0,0,0,0,0,0,0,0,0,0,0
14.589,0,0,0,0,0,0,0,0,0,0,0,0,0,0
14.492,0,0,0,0,0,0,0,0,0,0,0,0,0,0
14.445,0,0,0,0,0,0,0,0,0,0,0,0,0,0
10.84,0,0,0,0,0,0,0,0,0,0,0,0,0,0
14.489,0,0,0,0,0,0,0,0,0,0,0,0,0,0
14.675,0,0,0,0,0,0,0,0,0,0,0,0,0,0
14.367,0,0,0,0,0,0,0,0,0,0,0,0,0,0
10.297,0,0,0,0,0,0,0,0,0,0,0,0,0,0
14.411,0,0,0,0,0,0,0,0,0,0,0,0,0,0
10.478,0,0,0,0,0,0,0,0,0,0,0,0,0,0
11.069,0,0,0,0,0,0,0,0,0,0,0,0,0,0
13.784,0,0,0,0,0,0,0,0,0,0,0,0,0,0
11.132,0,0,0,0,0,0,0,0,0,0,0,0,0,0
10.352,0,0,0,0,0,0,0,0,0,0,0,0,0,0
10.881,0,0,0,0,0,0,0,0,0,0,0,0,0,0
10.474,0,0,0,0,0,0,0,0,0,0,0,0,0,0
14.291,0,0,0,0,0,0,0,0,0,0,0,0,0,0
11.022,0,0,0,0,0,0,0,0,0,0,0,0,0,0
10.496,0,0,0,0,0,0,0,0,0,0,0,0,0,0
14.311,0,0,0,0,0,0,0,0,0,0,0,0,0,0
10.644,0,0,0,0,0,0,0,0,0,0,0,0,0,0
10.92,0,0,0,0,0,0,0,0,0,0,0,0,0,0
10.475,0,0,0,0,0,0,0,0,0,0,0,0,0,0
10.764,0,0,0,0,0,0,0,0,0,0,0,0,0,0
14.486,0,0,0,0,0,0,0,0,0,0,0,0,0,0
10.438,0,0,0,0,0,0,0,0,0,0,0,0,0,0
10.864,0,0,0,0,0,0,0,0,0,0,0,0,0,0
10.612,0,0,0,0,0,0,0,0,0,0,0,0,0,0
14.01,0,0,0,0,0,0,0,0,0,0,0,0,0,0
13.845,0,0,0,0,0,0,0,0,0,0,0,0,0,0
11.105,0,0,0,0,0,0,0,0,0,0,0,0,0,0
13.849,0,0,0,0,0,0,0,0,0,0,0,0,0,0
10.888,0,0,0,0,0,0,0,0,0,0,0,0,0,0
10.345,0,0,0,0,0,0,0,0,0,0,0,0,0,0
14.327,0,0,0,0,0,0,0,0,0,0,0,0,0,0
13.944,0,0,0,0,0,0,0,0,0,0,0,0,0,0
14.553,0,0,0,0,0,0,0,0,0,0,0,0,0,0
14.058,0,0,0,0,0,0,0,0,0,0,0,0,0,0
14.106,0,0,0,0,0,0,0,0,0,0,0,0,0,0
14.388,0,0,0,0,0,0,0,0,0,0,0,0,0,0
13.936,0,0,0,0,0,0,0,0,0,0,0,0,0,0
14.611,0,0,0,0,0,0,0,0,0,0,0,0,0,0
13.867,0,0,0,0,0,0,0,0,0,0,0,0,0,0
14.317,0,0,0,0,0,0,0,0,0,0,0,0,0,0
14.231,0,0,0,0,0,0,0,0,0,0,0,0,0,0
14.697,0,0,0,0,0,0,0,0,0,0,0,0,0,0
10.578,0,0,0,0,0,0,0,0,0,0,0,0,0,0
14.63,0,0,0,0,0,0,0,0,0,0,0,0,0,0
10.424,0,0,0,0,0,0,0,0,0,0,0,0,0,0
10.75,0,0,0,0,0,0,0,0,0,0,0,0,0,0
13.91,0,0,0,0,0,0,0,0,0,0,0,0,0,0
14.292,0,0,0,0,0,0,0,0,0,0,0,0,0,0
10.446,0,0,0,0,0,0,0,0,0,0,0,0,0,0
14.185,0,0,0,0,0,0,0,0,0,0,0,0,0,0
13.793,0,0,0,0,0,0,0,0,0,0,0,0,0,0
10.737,0,0,0,0,0,0,0,0,0,0,0,0,0,0
13.703,0,0,0,0,0,0,0,0,0,0,0,0,0,0
14.116,0,0,0,0,0,0,0,0,0,0,0,0,0,0
10.518,0,0,0,0,0,0,0,0,0,0,0,0,0,0
10.711,0,0,0,0,0,0,0,0,0,0,0,0,0,0
10.149,0,0,0,0,0,0,0,0,0,0,0,0,0,0
10.806,0,0,0,0,0,0,0,0,0,0,0,0,0,0
13.797,0,0,0,0,0,0,0,0,0,0,0,0,0,0
10.86,0,0,0,0,0,0,0,0,0,0,0,0,0,0
13.809,0,0,0,0,0,0,0,0,0,0,0,0,0,0
14.18,0,0,0,0,0,0,0,0,0,0,0,0,0,0
14.071,0,0,0,0,0,0,0,0,0,0,0,0,0,0
10.885,0,0,0,0,0,0,0,0,0,0,0,0,0,0
10.525,0,0,0,0,0,0,0,0,0,0,0,0,0,0
10.852,0,0,0,0,0,0,0,0,0,0,0,0,0,0
10.362,0,0,0,0,0,0,0,0,0,0,0,0,0,0
11.182,0,0,0,0,0,0,0,0,0,0,0,0,0,0
10.316,0,0,0,0,0,0,0,0,0,0,0,0,0,0
10.755,0,0,0,0,0,0,0,0,0,0,0,0,0,0
14.503,0,0,0,0,0,0,0,0,0,0,0,0,0,0
10.354,0,0,0,0,0,0,0,0,0,0,0,0,0,0
10.86,0,0,0,0,0,0,0,0,0,0,0,0,0,0
10.149,0,0,0,0,0,0,0,0,0,0,0,0,0,0
10.535,0,0,0,0,0,0,0,0,0,0,0,0,0,0
13.797,0,0,0,0,0,0,0,0,0,0,0,0,0,0
10.829,0,0,0,0,0,0,0,0,0,0,0,0,0,0
13.691,0,0,0,0,0,0,0,0,0,0,0,0,0,0
10.854,0,0,0,0,0,0,0,0,0,0,0,0,0,0
13.856,0,0,0,0,0,0,0,0,0,0,0,0,0,0
14.394,0,0,0,0,0,0,0,0,0,0,0,0,0,0
10.387,0,0,0,0,0,0,0,0,0,0,0,0,0,0
14.258,0,0,0,0,0,0,0,0,0,0,0,0,0,0
13.672,0,0,0,0,0,0,0,0,0,0,0,0,0,0
14.234,0,0,0,0,0,0,0,0,0,0,0,0,0,0
13.915,0,0,0,0,0,0,0,0,0,0,0,0,0,0
14.291,0,0,0,0,0,0,0,0,0,0,0,0,0,0
13.716,0,0,0,0,0,0,0,0,0,0,0,0,0,0
14.35,0,0,0,0,0,0,0,0,0,0,0,0,0,0
10.371,0,0,0,0,0,0,0,0,0,0,0,0,0,0
14.244,0,0,0,0,0,0,0,0,0,0,0,0,0,0
13.81,0,0,0,0,0,0,0,0,0,0,0,0,0,0
14.198,0,0,0,0,0,0,0,0,0,0,0,0,0,0
14.041,0,0,0,0,0,0,0,0,0,0,0,0,0,0
14.959,0,0,0,0,0,0,0,0,0,0,0,0,0,0
14.445,0,0,0,0,0,0,0,0,0,0,0,0,0,0
14.637,0,0,0,0,0,0,0,0,0,0,0,0,0,0
14.516,0,0,0,0,0,0,0,0,0,0,0,0,0,0
14.65,0,0,0,0,0,0,0,0,0,0,0,0,0,0
14.325,0,0,0,0,0,0,0,0,0,0,0,0,0,0
14.41,0,0,0,0,0,0,0,0,0,0,0,0,0,0
14.42,0,0,0,0,0,0,0,0,0,0,0,0,0,0
14.442,0,0,0,0,0,0,0,0,0,0,0,0,0,0
14.434,0,0,0,0,0,0,0,0,0,0,0,0,0,0
14.529,0,0,0,0,0,0,0,0,0,0,0,0,0,0
14.533,0,0,0,0,0,0,0,0,0,0,0,0,0,0
15.097,0,0,0,0,0,0,0,0,0,0,0,0,0,0
11.455,0,0,0,0,0,0,0,0,0,0,0,0,0,0
14.778,0,0,0,0,0,0,0,0,0,0,0,0,0,0
14.679,0,0,0,0,0,0,0,0,0,0,0,0,0,0
15.227,0,0,0,0,0,0,0,0,0,0,0,0,0,0
14.646,0,0,0,0,0,0,0,0,0,0,0,0,0,0
14.735,0,0,0,0,0,0,0,0,0,0,0,0,0,0
14.68,0,0,0,0,0,0,0,0,0,0,0,0,0,0
14.397,0,0,0,0,0,0,0,0,0,0,0,0,0,0
14.6,0,0,0,0,0,0,0,0,0,0,0,0,0,0
14.783,0,0,0,0,0,0,0,0,0,0,0,0,0,0
14.751,0,0,0,0,0,0,0,0,0,0,0,0,0,0
14.442,0,0,0,0,0,0,0,0,0,0,0,0,0,0
11.078,0,0,0,0,0,0,0,0,0,0,0,0,0,0
14.557,0,0,0,0,0,0,0,0,0,0,0,0,0,0
14.53,0,0,0,0,0,0,0,0,0,0,0,0,0,0
14.712,0,0,0,0,0,0,0,0,0,0,0,0,0,0
14.531,0,0,0,0,0,0,0,0,0,0,0,0,0,0
14.468,0,0,0,0,0,0,0,0,0,0,0,0,0,0
10.986,0,0,0,0,0,0,0,0,0,0,0,0,0,0
14.554,0,0,0,0,0,0,0,0,0,0,0,0,0,0
14.632,0,0,0,0,0,0,0,0,0,0,0,0,0,0
14.683,0,0,0,0,0,0,0,0,0,0,0,0,0,0
14.541,0,0,0,0,0,0,0,0,0,0,0,0,0,0
14.568,0,0,0,0,0,0,0,0,0,0,0,0,0,0
14.416,0,0,0,0,0,0,0,0,0,0,0,0,0,0
11.051,0,0,0,0,0,0,0,0,0,0,0,0,0,0
10.776,0,0,0,0,0,0,0,0,0,0,0,0,0,0
14.727,0,0,0,0,0,0,0,0,0,0,0,0,0,0
14.808,0,0,0,0,0,0,0,0,0,0,0,0,0,0
14.435,0,0,0,0,0,0,0,0,0,0,0,0,0,0
14.811,0,0,0,0,0,0,0,0,0,0,0,0,0,0
13.916,0,0,0,0,0,0,0,0,0,0,0,0,0,0
14.738,0,0,0,0,0,0,0,0,0,0,0,0,0,0
14.069,0,0,0,0,0,0,0,0,0,0,0,0,0,0
13.853,0,0,0,0,0,0,0,0,0,0,0,0,0,0
14.129,0,0,0,0,0,0,0,0,0,0,0,0,0,0
13.665,0,0,0,0,0,0,0,0,0,0,0,0,0,0
14.425,0,0,0,0,0,0,0,0,0,0,0,0,0,0
13.82,0,0,0,0,0,0,0,0,0,0,0,0,0,0
14.312,0,0,0,0,0,0,0,0,0,0,0,0,0,0
13.872,0,0,0,0,0,0,0,0,0,0,0,0,0,0
13.816,0,0,0,0,0,0,0,0,0,0,0,0,0,0
14.213,0,0,0,0,0,0,0,0,0,0,0,0,0,0
13.734,0,0,0,0,0,0,0,0,0,0,0,0,0,0
14.389,0,0,0,0,0,0,0,0,0,0,0,0,0,0
13.78,0,0,0,0,0,0,0,0,0,0,0,0,0,0
14.19,0,0,0,0,0,0,0,0,0,0,0,0,0,0
14.118,0,0,0,0,0,0,0,0,0,0,0,0,0,0
13.84,0,0,0,0,0,0,0,0,0,0,0,0,0,0
14.664,0,0,0,0,0,0,0,0,0,0,0,0,0,0
13.646,0,0,0,0,0,0,0,0,0,0,0,0,0,0
14.289,0,0,0,0,0,0,0,0,0,0,0,0,0,0
13.926,0,0,0,0,0,0,0,0,0,0,0,0,0,0
14.414,0,0,0,0,0,0,0,0,0,0,0,0,0,0
13.834,0,0,0,0,0,0,0,0,0,0,0,0,0,0
14.272,0,0,0,0,0,0,0,0,0,0,0,0,0,0
13.798,0,0,0,0,0,0,0,0,0,0,0,0,0,0
14.68,0,0,0,0,0,0,0,0,0,0,0,0,0,0
14.264,0,0,0,0,0,0,0,0,0,0,0,0,0,0
14.26,0,0,0,0,0,0,0,0,0,0,0,0,0,0
15.016,0,0,0,0,0,0,0,0,0,0,0,0,0,0
14.899,0,0,0,0,0,0,0,0,0,0,0,0,0,0
14.623,0,0,0,0,0,0,0,0,0,0,0,0,0,0
14.16,0,0,0,0,0,0,0,0,0,0,0,0,0,0
14.009,0,0,0,0,0,0,0,0,0,0,0,0,0,0
14.916,0,0,0,0,0,0,0,0,0,0,0,0,0,0
10.71,0,0,0,0,0,0,0,0,0,0,0,0,0,0
14.587,0,0,0,0,0,0,0,0,0,0,0,0,0,0
14.116,0,0,0,0,0,0,0,0,0,0,0,0,0,0
14.261,0,0,0,0,0,0,0,0,0,0,0,0,0,0
14.122,0,0,0,0,0,0,0,0,0,0,0,0,0,0
14.11,0,0,0,0,0,0,0,0,0,0,0,0,0,0
14.286,0,0,0,0,0,0,0,0,0,0,0,0,0,0
13.696,0,0,0,0,0,0,0,0,0,0,0,0,0,0
14.588,0,0,0,0,0,0,0,0,0,0,0,0,0,0
14.187,0,0,0,0,0,0,0,0,0,0,0,0,0,0
14.646,0,0,0,0,0,0,0,0,0,0,0,0,0,0
14.745,0,0,0,0,0,0,0,0,0,0,0,0,0,0
13.707,0,0,0,0,0,0,0,0,0,0,0,0,0,0
14.442,0,0,0,0,0,0,0,0,0,0,0,0,0,0
13.9,0,0,0,0,0,0,0,0,0,0,0,0,0,0
14.076,0,0,0,0,0,0,0,0,0,0,0,0,0,0
14.108,0,0,0,0,0,0,0,0,0,0,0,0,0,0
13.909,0,0,0,0,0,0,0,0,0,0,0,0,0,0
14.648,0,0,0,0,0,0,0,0,0,0,0,0,0,0
13.816,0,0,0,0,0,0,0,0,0,0,0,0,0,0
14.164,0,0,0,0,0,0,0,0,0,0,0,0,0,0
14.194,0,0,0,0,0,0,0,0,0,0,0,0,0,0
14.29,0,0,0,0,0,0,0,0,0,0,0,0,0,0
14.984,0,0,0,0,0,0,0,0,0,0,0,0,0,0
14.437,0,0,0,0,0,0,0,0,0,0,0,0,0,0
14.907,0,0,0,0,0,0,0,0,0,0,0,0,0,0
14.328,0,0,0,0,0,0,0,0,0,0,0,0,0,0
14.996,0,0,0,0,0,0,0,0,0,0,0,0,0,0
14.356,0,0,0,0,0,0,0,0,0,0,0,0,0,0
14.935,0,0,0,0,0,0,0,0,0,0,0,0,0,0
14.302,0,0,0,0,0,0,0,0,0,0,0,0,0,0
14.433,0,0,0,0,0,0,0,0,0,0,0,0,0,0
14.275,0,0,0,0,0,0,0,0,0,0,0,0,0,0
13.73,0,0,0,0,0,0,0,0,0,0,0,0,0,0
14.988,0,0,0,0,0,0,0,0,0,0,0,0,0,0
14.27,0,0,0,0,0,0,0,0,0,0,0,0,0,0
14.527,0,0,0,0,0,0,0,0,0,0,0,0,0,0
14.489,0,0,0,0,0,0,0,0,0,0,0,0,0,0
14.162,0,0,0,0,0,0,0,0,0,0,0,0,0,0
14.437,0,0,0,0,0,0,0,0,0,0,0,0,0,0
14.125,0,0,0,0,0,0,0,0,0,0,0,0,0,0
15.678,0,0,0,0,0,0,0,0,0,0,0,0,0,0
15.348,0,0,0,0,0,0,0,0,0,0,0,0,0,0
14.48,0,0,0,0,0,0,0,0,0,0,0,0,0,0
14.981,0,0,0,0,0,0,0,0,0,0,0,0,0,0
14.406,0,0,0,0,0,0,0,0,0,0,0,0,0,0
13.892,0,0,0,0,0,0,0,0,0,0,0,0,0,0
14.954,0,0,0,0,0,0,0,0,0,0,0,0,0,0
14.82,0,0,0,0,0,0,0,0,0,0,0,0,0,0
15.507,0,0,0,0,0,0,0,0,0,0,0,0,0,0
15.147,0,0,0,0,0,0,0,0,0,0,0,0,0,0
14.937,0,0,0,0,0,0,0,0,0,0,0,0,0,0
15.254,0,0,0,0,0,0,0,0,0,0,0,0,0,0
14.482,0,0,0,0,0,0,0,0,0,0,0,0,0,0
14.6,0,0,0,0,0,0,0,0,0,0,0,0,0,0
11.216,0,0,0,0,0,0,0,0,0,0,0,0,0,0
11.252,0,0,0,0,0,0,0,0,0,0,0,0,0,0
14.424,0,0,0,0,0,0,0,0,0,0,0,0,0,0
14.605,0,0,0,0,0,0,0,0,0,0,0,0,0,0
11.149,0,0,0,0,0,0,0,0,0,0,0,0,0,0
14.828,0,0,0,0,0,0,0,0,0,0,0,0,0,0
14.484,0,0,0,0,0,0,0,0,0,0,0,0,0,0
14.823,0,0,0,0,0,0,0,0,0,0,0,0,0,0
14.522,0,0,0,0,0,0,0,0,0,0,0,0,0,0
14.476,0,0,0,0,0,0,0,0,0,0,0,0,0,0
14.538,0,0,0,0,0,0,0,0,0,0,0,0,0,0
14.496,0,0,0,0,0,0,0,0,0,0,0,0,0,0
14.495,0,0,0,0,0,0,0,0,0,0,0,0,0,0
14.343,0,0,0,0,0,0,0,0,0,0,0,0,0,0
14.385,0,0,0,0,0,0,0,0,0,0,0,0,0,0
14.459,0,0,0,0,0,0,0,0,0,0,0,0,0,0
14.587,0,0,0,0,0,0,0,0,0,0,0,0,0,0
14.398,0,0,0,0,0,0,0,0,0,0,0,0,0,0
10.868,0,0,0,0,0,0,0,0,0,0,0,0,0,0
14.511,0,0,0,0,0,0,0,0,0,0,0,0,0,0
14.282,0,0,0,0,0,0,0,0,0,0,0,0,0,0
14.553,0,0,0,0,0,0,0,0,0,0,0,0,0,0
14.536,0,0,0,0,0,0,0,0,0,0,0,0,0,0
14.434,0,0,0,0,0,0,0,0,0,0,0,0,0,0
10.947,0,0,0,0,0,0,0,0,0,0,0,0,0,0
14.53,0,0,0,0,0,0,0,0,0,0,0,0,0,0
14.383,0,0,0,0,0,0,0,0,0,0,0,0,0,0
14.4,0,0,0,0,0,0,0,0,0,0,0,0,0,0
10.933,0,0,0,0,0,0,0,0,0,0,0,0,0,0
15.346,0,0,0,0,0,0,0,0,0,0,0,0,0,0
14.837,0,0,0,0,0,0,0,0,0,0,0,0,0,0
15.064,0,0,0,0,0,0,0,0,0,0,0,0,0,0
14.972,0,0,0,0,0,0,0,0,0,0,0,0,0,0
16.171,0,0,0,0,0,0,0,0,0,0,0,0,0,0
11.473,0,0,0,0,0,0,0,0,0,0,0,0,0,0
14.957,0,0,0,0,0,0,0,0,0,0,0,0,0,0
11.159,0,0,0,0,0,0,0,0,0,0,0,0,0,0
10.729,0,0,0,0,0,0,0,0,0,0,0,0,0,0
10.764,0,0,0,0,0,0,0,0,0,0,0,0,0,0
10.279,0,0,0,0,0,0,0,0,0,0,0,0,0,0
10.905,0,0,0,0,0,0,0,0,0,0,0,0,0,0
13.793,0,0,0,0,0,0,0,0,0,0,0,0,0,0
14.211,0,0,0,0,0,0,0,0,0,0,0,0,0,0
10.55,0,0,0,0,0,0,0,0,0,0,0,0,0,0
14.161,0,0,0,0,0,0,0,0,0,0,0,0,0,0
13.953,0,0,0,0,0,0,0,0,0,0,0,0,0,0
14.273,0,0,0,0,0,0,0,0,0,0,0,0,0,0
14.229,0,0,0,0,0,0,0,0,0,0,0,0,0,0
13.591,0,0,0,0,0,0,0,0,0,0,0,0,0,0
14.296,0,0,0,0,0,0,0,0,0,0,0,0,0,0
13.536,0,0,0,0,0,0,0,0,0,0,0,0,0,0
14.204,0,0,0,0,0,0,0,0,0,0,0,0,0,0
13.903,0,0,0,0,0,0,0,0,0,0,0,0,0,0
13.844,0,0,0,0,0,0,0,0,0,0,0,0,0,0
10.795,0,0,0,0,0,0,0,0,0,0,0,0,0,0
13.89,0,0,0,0,0,0,0,0,0,0,0,0,0,0
14.39,0,0,0,0,0,0,0,0,0,0,0,0,0,0
13.539,0,0,0,0,0,0,0,0,0,0,0,0,0,0
14.236,0,0,0,0,0,0,0,0,0,0,0,0,0,0
13.791,0,0,0,0,0,0,0,0,0,0,0,0,0,0
10.837,0,0,0,0,0,0,0,0,0,0,0,0,0,0
13.83,0,0,0,0,0,0,0,0,0,0,0,0,0,0
13.917,0,0,0,0,0,0,0,0,0,0,0,0,0,0
14.13,0,0,0,0,0,0,0,0,0,0,0,0,0,0
13.766,0,0,0,0,0,0,0,0,0,0,0,0,0,0
14.268,0,0,0,0,0,0,0,0,0,0,0,0,0,0
13.608,0,0,0,0,0,0,0,0,0,0,0,0,0,0
13.915,0,0,0,0,0,0,0,0,0,0,0,0,0,0
14.001,0,0,0,0,0,0,0,0,0,0,0,0,0,0
13.872,0,0,0,0,0,0,0,0,0,0,0,0,0,0
10.597,0,0,0,0,0,0,0,0,0,0,0,0,0,0
13.725,0,0,0,0,0,0,0,0,0,0,0,0,0,0
14.187,0,0,0,0,0,0,0,0,0,0,0,0,0,0
13.706,0,0,0,0,0,0,0,0,0,0,0,0,0,0
10.899,0,0,0,0,0,0,0,0,0,0,0,0,0,0
13.732,0,0,0,0,0,0,0,0,0,0,0,0,0,0
10.988,0,0,0,0,0,0,0,0,0,0,0,0,0,0
13.653,0,0,0,0,0,0,0,0,0,0,0,0,0,0
10.948,0,0,0,0,0,0,0,0,0,0,0,0,0,0
14.198,0,0,0,0,0,0,0,0,0,0,0,0,0,0
13.995,0,0,0,0,0,0,0,0,0,0,0,0,0,0
14.05,0,0,0,0,0,0,0,0,0,0,0,0,0,0
14.17,0,0,0,0,0,0,0,0,0,0,0,0,0,0
13.954,0,0,0,0,0,0,0,0,0,0,0,0,0,0
10.914,0,0,0,0,0,0,0,0,0,0,0,0,0,0
13.84,0,0,0,0,0,0,0,0,0,0,0,0,0,0
14.383,0,0,0,0,0,0,0,0,0,0,0,0,0,0
13.927,0,0,0,0,0,0,0,0,0,0,0,0,0,0
14.073,0,0,0,0,0,0,0,0,0,0,0,0,0,0
14.383,0,0,0,0,0,0,0,0,0,0,0,0,0,0
14.072,0,0,0,0,0,0,0,0,0,0,0,0,0,0
14.62,0,0,0,0,0,0,0,0,0,0,0,0,0,0
10.785,0,0,0,0,0,0,0,0,0,0,0,0,0,0
14.503,0,0,0,0,0,0,0,0,0,0,0,0,0,0
10.564,0,0,0,0,0,0,0,0,0,0,0,0,0,0
10.889,0,0,0,0,0,0,0,0,0,0,0,0,0,0
10.347,0,0,0,0,0,0,0,0,0,0,0,0,0,0
10.794,0,0,0,0,0,0,0,0,0,0,0,0,0,0
10.824,0,0,0,0,0,0,0,0,0,0,0,0,0,0
10.61,0,0,0,0,0,0,0,0,0,0,0,0,0,0
14.465,0,0,0,0,0,0,0,0,0,0,0,0,0,0
10.967,0,0,0,0,0,0,0,0,0,0,0,0,0,0
10.977,0,0,0,0,0,0,0,0,0,0,0,0,0,0
14.357,0,0,0,0,0,0,0,0,0,0,0,0,0,0
10.765,0,0,0,0,0,0,0,0,0,0,0,0,0,0
14.384,0,0,0,0,0,0,0,0,0,0,0,0,0,0
10.703,0,0,0,0,0,0,0,0,0,0,0,0,0,0
14.422,0,0,0,0,0,0,0,0,0,0,0,0,0,0
14.092,0,0,0,0,0,0,0,0,0,0,0,0,0,0
11.147,0,0,0,0,0,0,0,0,0,0,0,0,0,0
10.935,0,0,0,0,0,0,0,0,0,0,0,0,0,0
13.69,0,0,0,0,0,0,0,0,0,0,0,0,0,0
11.183,0,0,0,0,0,0,0,0,0,0,0,0,0,0
13.617,0,0,0,0,0,0,0,0,0,0,0,0,0,0
14.674,0,0,0,0,0,0,0,0,0,0,0,0,0,0
13.714,0,0,0,0,0,0,0,0,0,0,0,0,0,0
14.137,0,0,0,0,0,0,0,0,0,0,0,0,0,0
10.589,0,0,0,0,0,0,0,0,0,0,0,0,0,0
