1
731,252,711,252,711,230,731,230
731,252,711,252,711,230,731,230
714,252,714,230,736,230,736,252
715,253,715,229,736,229,736,253
736.269,254.654,715.308,250.462,719.769,228.154,740.731,232.346
716,253,716,230,739,230,739,253
717,253,717,229,740,229,740,253
717,253,717,228,740,228,740,253
719,253,719,228,741,228,741,253
719,253,719,228,741,228,741,253
719,253,719,228,741,228,741,253
719,253,719,228,742,228,742,253
719,253,719,228,742,228,742,253
719,253,719,228,742,228,742,253
719,253,719,228,742,228,742,253
719,253,719,228,742,228,742,253
719,253,719,228,742,228,742,253
717,252,717,226,741,226,741,252
716,252,716,226,741,226,741,252
715,252,715,226,740,226,740,252
715,252,715,226,740,226,740,252
712,252,712,225,737,225,737,252
711,252,711,225,737,225,737,252
709,252,709,224,735,224,735,252
707,253,707,224,735,224,735,253
707,253,707,224,735,224,735,253
702,253,702,224,731,224,731,253
702,253,702,224,731,224,731,253
698,253,698,224,726,224,726,253
696,253,696,224,724,224,724,253
694,253,694,224,722,224,722,253
691,253,691,224,719,224,719,253
688,254,688,224,716,224,716,254
684,253,684,223,712,223,712,253
680,254,680,223,709,223,709,254
677,253,677,222,705,222,705,253
700.239,254.212,672.958,252.848,674.529,221.426,701.81,222.79
669,253,669,222,696,222,696,253
663,253,663,222,690,222,690,253
657,252,657,221,685,221,685,252
666.898,270.286,646.556,263.068,661.582,220.723,681.924,227.941
657,255,642.772,249.358,668.312,184.951,682.541,190.594
2
0
0
0
0
1
667.62,264.044,646.423,256.336,657.956,224.62,679.153,232.329
672.109,263.896,655.638,258.014,669.869,218.167,686.339,224.05
678.769,262.154,662.259,256.901,673.882,220.372,690.392,225.625
686.207,262.483,671.034,256.414,684.483,222.793,699.655,228.862
685.901,267.785,672.622,259.614,692.571,227.197,705.85,235.369
691.283,264.248,679.743,254.15,702.478,228.168,714.018,238.266
695.956,267.236,683.804,259.56,703.384,228.558,715.537,236.234
702,268,688.906,260.668,705.89,230.339,718.984,237.671
708.35,271.191,696.51,264.733,714.433,231.873,726.274,238.331
711.923,267.615,699.692,259.461,719.231,230.154,731.461,238.308
716.015,268.123,703.762,258.592,724.492,231.939,736.746,241.469
717.862,268.655,707,259,729.731,233.428,740.593,243.083
723,269,710.68,259.76,730.48,233.36,742.8,242.6
726.04,270.28,714.36,261.52,734.64,234.48,746.32,243.24
728.935,270.009,716.648,260.613,736.943,234.074,749.229,243.469
732.48,270.36,720.32,261.24,740.36,234.52,752.52,243.64
732.326,269.871,721.043,259.775,743.3,234.9,754.583,244.995
736.355,273.531,723.947,265.466,743.299,235.694,755.706,243.759
736.701,272.577,724.538,262.561,746.534,235.852,758.697,245.868
736.701,272.577,724.538,262.561,746.534,235.852,758.697,245.868
738.027,272.398,726.133,261.991,749.053,235.796,760.947,246.204
737.653,271.556,726.205,260.782,750.073,235.422,761.521,246.196
737.67,270.467,725.69,259.152,749.54,233.899,761.52,245.214
737.339,271.092,724.886,259.951,749.079,232.912,761.531,244.054
737.339,271.092,724.886,259.951,749.079,232.912,761.531,244.054
736.414,272.034,724.497,261.441,748.607,234.317,760.524,244.91
736.414,272.034,724.497,261.441,748.607,234.317,760.524,244.91
736,272,723.52,262.64,744.52,234.64,757,244
733.928,271.891,720.862,261.575,742.543,234.113,755.609,244.428
733.13,272.194,720.224,263.364,740.289,234.04,753.194,242.87
729.229,272.221,717.4,263.677,738.099,235.016,749.929,243.56
726.928,270.891,714.575,261.138,736.154,233.805,748.507,243.558
721,273,709.903,264.122,733.805,234.244,744.903,243.122
720.115,272.558,708.278,263.837,730.246,234.023,742.083,242.745
716.976,273.78,704.415,263.732,728.415,233.732,740.976,243.781
709.893,275.009,698.601,265.411,725.149,234.177,736.441,243.775
708.669,273.351,696.241,263.29,720.018,233.919,732.445,243.98
702.442,275.507,690.607,266.164,716.154,233.805,727.988,243.148
698.148,274.623,686.443,264.869,712.508,233.59,724.213,243.344
694.077,274.615,682.292,264.598,708.15,234.177,719.935,244.195
688.39,274.512,676.073,264.659,700.951,233.561,713.268,243.415
682.44,276.08,670.28,266.96,695.12,233.84,707.28,242.96
675.188,275.527,662.07,264.48,687.794,233.932,700.912,244.979
671.648,276.499,659.106,269.121,687.949,220.087,700.491,227.465
672.915,276.953,659.84,269.689,686.962,220.868,700.038,228.132
659.177,276.706,643.294,267.177,666.147,229.088,682.029,238.618
650.955,277.709,636.422,269.958,660.062,225.633,674.595,233.384
656.954,277.486,640.807,272.642,655.56,223.468,671.706,228.312
663.396,278.113,647.679,273.623,661.415,225.547,677.132,230.038
666.276,280.31,650.586,274.034,668.724,228.69,684.414,234.965
672.523,288.552,658.271,282.975,677.893,232.828,692.146,238.405
677.741,287.603,662.896,281.241,684.155,231.638,699,238
689.2,279.6,672.8,271.4,693,231,709.4,239.2
692.369,281.223,676.5,273.032,698.416,230.57,714.285,238.76
695.425,287.991,680.251,280.803,702.649,233.518,717.823,240.706
702.418,283.422,686.841,273.584,711.507,234.531,727.083,244.368
706.611,284.523,691.254,275.565,715.047,234.777,730.404,243.736
710.751,288.432,695.73,279.784,720.968,235.951,735.988,244.599
713.34,290.796,698.553,282.016,725.277,237.008,740.064,245.788
717.611,286.128,702.107,275.275,730.201,235.141,745.705,245.993
727.68,280.676,710.349,269.461,733.744,233.305,751.076,244.52
731.649,282.119,714.458,271.613,736.112,236.18,753.303,246.685
731.879,282.22,716.964,270.445,743.201,237.212,758.116,248.986
735.29,281.966,719.338,269.372,744.5,237.5,760.452,250.094
737.888,279.478,722.045,265.303,748.669,235.546,764.512,249.722
740.84,279.12,724.915,266.181,749.814,235.536,765.739,248.475
741.216,279.094,726.519,265.867,751.878,237.691,766.575,250.917
744.239,282.408,729.354,270.831,754.069,239.054,768.954,250.631
743.785,283.277,730.423,272.885,756.215,239.723,769.577,250.115
745.009,283.864,731.27,273.396,756.154,240.736,769.893,251.204
745.009,283.864,731.27,273.396,756.154,240.736,769.893,251.204
744.672,283.393,731.984,272.82,758.541,240.951,771.229,251.525
745.829,283.463,732.415,272.732,757.488,241.39,770.903,252.122
743.967,283.922,731.136,273.016,757.956,241.463,770.787,252.369
743.967,283.922,731.136,273.016,757.956,241.463,770.787,252.369
743.707,283.366,730.171,272.537,754.366,242.293,767.902,253.122
741.571,284.235,728.182,273.208,754.132,241.697,767.522,252.724
739.338,283.745,725.558,271.497,751.434,242.386,765.214,254.635
735.954,282.582,723.38,270.794,750.917,241.422,763.491,253.21
734.394,282.018,722.354,270.686,749.921,241.396,761.961,252.728
731.894,281.624,719.459,270.965,744.518,241.729,756.953,252.388
731.203,281.273,718.286,271.395,741.646,240.847,754.563,250.725
737.59,282.701,719.667,275.873,732.356,242.564,750.279,249.392
724.293,282.634,709.049,270.439,733.244,240.195,748.488,252.39
714.741,284.635,701.647,273.412,730.094,240.223,743.188,251.447
707.5,280.5,696,269,726.5,238.5,738,250
704.314,283.652,691.08,273.426,717.889,238.732,731.123,248.959
697,284,683.341,273.073,711.341,238.073,725,249
693.5,281.5,679.995,270.451,707.396,236.96,720.901,248.01
687.546,282.058,674.283,271.81,701.092,237.117,714.354,247.365
682.328,280.304,668.236,270.548,692.248,235.864,706.34,245.62
673.108,283.649,659.676,274.054,686.635,236.311,700.068,245.906
667.125,282.604,653.045,274.626,677.194,232.01,691.273,239.988
660.589,282.297,645.367,272.37,670.354,234.057,685.576,243.984
654.097,271.54,640.655,256.177,670.248,230.283,683.69,245.646
661.966,275.181,641.921,271.423,649.132,232.962,669.177,236.721
659.494,277.103,643.7,272.116,657.045,229.856,672.839,234.844
659.8,297.6,647.2,293.4,666.9,234.3,679.5,238.5
671.384,287.632,657.674,283.477,672.896,233.241,686.607,237.396
675,292,660.9,287.3,678.5,234.5,692.6,239.2
685.931,285.172,670.759,279.103,688.966,233.586,704.138,239.655
690.538,282.606,676.572,276.034,696.198,234.329,710.164,240.901
698.2,283.6,684.2,276.6,704,237,718,244
701.75,284.974,688.438,277.967,709.675,237.618,722.987,244.625
708.34,287.243,694.399,279.837,716.397,238.43,730.337,245.835
714.764,282.978,699.573,273.483,722.27,237.169,737.461,246.663
719.196,290.298,705.044,283.812,724.567,241.218,738.719,247.704
725.723,285.985,710.862,277.492,732.339,239.908,747.2,248.4
728.551,285.719,713.539,276.337,735.674,240.921,750.685,250.303
734.72,282.04,719.68,270.76,743.44,239.08,758.48,250.36
737.263,285.127,722.501,274.707,745.282,242.434,760.044,252.855
739.185,285.477,724.854,274.331,748.761,243.592,763.092,254.738
743.987,286.591,729.691,276.584,752.195,244.436,766.49,254.443
745.478,286.935,731.347,276.169,755.473,244.504,769.604,255.27
747.244,287.195,733.707,276.366,758.878,244.902,772.415,255.732
750.11,287.418,735.98,276.651,760.359,244.654,774.489,255.42
748.816,285.548,736.365,273.79,764.985,243.486,777.435,255.245
751.025,286.355,738.272,275.302,765.13,244.312,777.883,255.365
750.346,286.104,738.365,274.79,766.458,245.044,778.439,256.359
750.99,286.678,738.848,275.295,765.387,246.988,777.528,258.37
753.22,286.976,740.171,276.537,764.756,245.805,777.805,256.244
753.22,286.976,740.171,276.537,764.756,245.805,777.805,256.244
748,287,737,276,765.5,247.5,776.5,258.5
747.784,285.994,736.642,274.234,764.934,247.431,776.076,259.191
744.859,288.516,732.875,277.131,761.038,247.486,773.022,258.871
741.547,286.979,730.332,274.697,761.916,245.86,773.13,258.142
741.756,286.494,729.127,274.439,757.391,244.828,770.021,256.883
737.558,284.824,726.669,270.911,757.947,246.433,768.836,260.346
735.028,282.561,723.916,268.525,754.037,244.679,765.149,258.715
735.028,282.561,723.916,268.525,754.037,244.679,765.149,258.715
737.358,272.193,732.046,254.486,763.514,245.046,768.826,262.752
729.104,274.945,721.519,260.723,753.024,243.92,760.609,258.142
719,268,719,252,757,252,757,268
755.84,264.12,717.9,258.7,719.6,246.8,757.54,252.22
756.26,264.18,718.88,258.84,720.58,246.94,757.96,252.28
756.517,263.673,704.755,256.862,705.592,250.499,757.354,257.31
693,259,693,252,744,252,744,259
744.858,260.669,684.951,255.57,685.336,251.05,745.243,256.148
748.991,260.237,664.924,256.918,665.041,253.962,749.107,257.28
2
0
0
0
0
1
680,271,648,271,648,236,680,236
658,274,658,241,690,241,690,274
656.985,277.877,653.969,253.754,691.508,249.062,694.523,273.185
623.061,264.158,621.826,252.332,703.56,243.792,704.796,255.618
738.88,266.748,658.851,265.319,659.02,255.857,739.049,257.287
743,265,657,265,657,257,743,257
742,265,657,265,657,257,742,257
748.754,268.431,656.705,263.317,657.219,254.068,749.268,259.181
755.886,267.545,643.809,263.929,644.081,255.486,756.158,259.102
748.72,269.575,641.753,263.026,642.304,254.039,749.27,260.588
750.87,268.152,635.826,264.557,636.089,256.159,751.133,259.754
746.893,269.474,642.742,264.945,643.164,255.225,747.315,259.753
755.826,269.353,636.776,264.591,637.141,255.486,756.19,260.248
753.865,269.301,635.776,264.481,636.146,255.434,754.235,260.254
752.886,268.957,638.786,264.569,639.134,255.505,753.235,259.894
748.909,268.506,638.8,264.502,639.149,254.896,749.258,258.9
753.798,269.531,638.717,262.955,639.242,253.757,754.324,260.333
755.874,268.063,634.791,263.087,635.152,254.294,756.235,259.27
755.826,268.37,638.777,262.316,639.228,253.598,756.277,259.652
755.934,267.699,639.76,263.172,640.119,253.94,756.294,258.466
754.931,267.717,639.756,263.11,640.126,253.845,755.302,258.452
753.931,266.691,620.867,261.26,621.211,252.825,754.275,258.256
749.879,266.777,624.811,261.34,625.204,252.313,750.272,257.751
752.896,266.864,627.807,262.342,628.14,253.126,753.23,257.647
747.922,266.957,626.795,262.112,627.166,252.847,748.292,257.692
750.88,267.426,630.778,261.495,631.244,252.061,751.346,257.992
746.968,266.087,627.836,262.583,628.109,253.297,747.241,256.801
745.968,266.06,627.834,262.48,628.115,253.216,746.249,256.795
750.842,267.326,632.776,261.704,633.235,252.059,751.301,257.681
752.93,266.341,629.831,262.667,630.104,253.511,753.203,257.185
752.855,267.431,635.768,262.483,636.176,252.838,753.263,257.786
751.852,267.361,631.777,262.064,632.215,252.127,752.29,257.425
753.784,267.265,631.784,262.251,632.176,252.72,754.175,257.733
749.984,267.374,627.78,262.282,628.205,252.092,750.409,257.184
755.643,267.602,634.78,261.069,635.307,251.314,756.17,257.847
754.561,267.641,628.804,260.414,629.363,250.676,755.12,257.904
753.656,266.883,624.828,260.441,625.307,250.865,754.135,257.307
755.774,266.343,627.834,260.937,628.25,251.081,756.191,256.487
758.74,266.716,634.769,261.08,635.227,251.01,759.198,256.645
747.903,266.132,626.835,260.629,627.297,250.468,748.365,255.971
750.874,265.396,626.861,261.853,627.139,252.147,751.152,255.69
756.862,265.381,626.87,262.048,627.111,252.669,757.102,256.003
755.403,267.211,633.828,258.369,634.555,248.368,756.13,257.21
757.816,265.339,633.825,261.063,634.175,250.937,758.165,255.213
627,262,627,253,764,253,764,262
755.652,264.613,627.848,257.887,628.337,248.597,756.141,255.323
758.755,264.642,627.872,258.951,628.277,249.621,759.16,255.311
754.716,263.822,633.842,258.785,634.237,249.302,755.111,254.338
759.828,263.349,628.867,259.125,629.182,249.361,760.143,253.585
750.771,262.491,620.913,257.08,621.32,247.305,751.178,252.716
756.778,261.864,627.88,257.706,628.194,247.974,757.092,252.132
754.703,262.532,635.812,257.128,636.278,246.876,755.169,252.28
632,260,632,250,761,250,761,260
748.787,261.466,623.88,255.518,624.337,245.921,749.244,251.869
637,259,637,249,754,249,754,259
631,259,631,249,760,249,760,259
751.735,260.769,627.859,255.074,628.304,245.382,752.18,251.077
756.677,261.291,628.86,254.736,629.363,244.916,757.181,251.471
755.779,261.077,628.845,255.559,629.277,245.621,756.211,251.14
629,259,629,249,751,249,751,259
633,260,633,250,757,250,757,260
748.83,261.586,629.845,257.179,630.253,246.158,749.239,250.564
754.804,262.513,630.821,257.123,631.283,246.491,755.266,251.881
624,260,624,250,761,250,761,260
751.718,262.78,626.851,257.577,627.305,246.679,752.172,251.882
624,261,624,250,758,250,758,261
624,261,624,250,759,250,759,261
752.633,264.332,627.795,258.09,628.374,246.519,753.212,252.761
761.601,264.98,629.781,258.389,630.349,247.018,762.17,253.609
760.783,263.646,625.79,258.453,626.227,247.086,761.22,252.278
763.505,265.092,629.822,256.908,630.525,245.42,764.208,253.605
758.693,263.759,622.883,257.586,623.394,246.336,759.204,252.509
623,261,623,250,762,250,762,261
756.686,263.604,624.794,257.323,625.348,245.683,757.24,251.964
621,260,621,249,760,249,760,260
621,260,621,249,762,249,762,260
759.763,261.491,622.946,256.486,623.355,245.306,760.172,250.311
762.676,262.016,626.781,255.744,627.312,244.245,763.207,250.517
761.479,263.342,622.957,254.685,623.661,243.416,762.183,252.074
763.517,263.207,633.731,255.572,634.414,243.965,764.2,251.6
758.633,262.219,626.77,255.514,627.346,244.204,759.208,250.909
753.636,261.649,619.891,255.281,620.425,244.068,754.17,250.437
763.682,261.986,634.767,256.126,635.287,244.695,764.202,250.555
763.712,261.775,635.773,256.331,636.256,244.99,764.194,250.434
758.675,261.726,628.785,255.441,629.303,244.74,759.192,251.025
625,259,625,248,762,248,762,259
760.636,261.282,628.766,254.688,629.322,243.566,761.192,250.16
763.666,261.683,628.703,254.935,629.279,243.414,764.242,250.162
765.53,261.803,631.774,253.745,632.433,242.809,766.189,250.867
760.421,261.763,624.877,251.648,625.649,241.302,761.193,251.417
759.646,260.718,628.798,253.831,629.373,242.914,760.221,249.801
761.619,260.243,624.892,253.047,625.448,242.497,762.174,249.693
761.304,261.814,628.893,251.36,629.725,240.82,762.136,251.274
764.371,261.812,632.756,252.411,633.548,241.325,765.162,250.726
763.672,260.551,628.84,254.689,629.317,243.709,764.149,249.572
761.689,259.74,627.836,253.562,628.341,242.6,762.195,248.778
760.724,259.408,631.877,253.866,632.349,242.875,761.197,248.417
762.795,259.112,623.818,253.553,624.24,243.01,763.217,248.569
764.843,258.348,624.876,254.232,625.175,244.064,765.142,248.181
763.595,260.568,624.779,253.131,625.329,242.857,764.145,250.294
765.578,260.03,620.873,252.414,621.403,242.337,766.108,249.953
760.622,260.812,625.815,253.323,626.434,242.191,761.24,249.68
763.473,260.898,626.814,251.788,627.491,241.633,764.151,250.743
631,256,631,245,767,245,767,256
764.752,258.19,626.893,252.676,627.294,242.652,765.153,248.166
763.769,258.532,622.847,252.66,623.243,243.177,764.165,249.048
763.619,260.101,622.856,251.303,623.451,241.778,764.214,250.576
766.796,258.3,619.86,252.648,620.219,243.316,767.155,248.967
765.946,255.846,624.932,253.888,625.066,244.237,766.081,246.195
761.809,257.266,628.875,252.432,629.242,242.336,762.176,247.17
630,256,630,246,769,246,769,256
764.805,257.648,622.87,252.754,623.195,243.352,765.129,248.246
616,255,616,246,764,246,764,255
766.759,257.782,619.847,251.66,620.241,242.218,767.153,248.34
761.659,259.306,619.857,251.641,620.385,241.886,762.187,249.551
768.571,259.826,623.841,251.895,624.349,242.622,769.079,250.552
771.646,260.369,631.689,252.594,632.219,243.068,772.175,250.843
766.662,259.745,626.852,251.521,627.383,242.493,767.193,250.717
765.81,258.694,626.865,254.062,627.16,245.205,766.106,249.837
763.775,258.631,620.883,252.915,621.222,244.449,764.113,250.165
761.867,258.526,623.869,254.467,624.125,245.739,762.124,249.798
764.88,258.127,623.883,254.04,624.125,245.685,765.123,249.772
762.917,257.912,622.888,253.911,623.122,245.718,763.151,249.719
765.698,260.428,630.837,252.935,631.317,244.295,766.179,251.788
767.846,259.477,630.836,254.753,631.135,246.074,768.145,250.798
770.967,257.336,623.952,255.881,624.035,247.436,771.051,248.892
763.946,257.695,623.918,255.665,624.044,246.972,764.072,249.001
766.875,258.368,625.876,254.339,626.123,245.689,767.122,249.718
766.878,257.902,623.893,253.434,624.161,244.849,767.146,249.317
769.909,257.998,624.893,254.702,625.091,246.002,770.107,249.298
621,255,621,247,765,247,765,255
759.987,256.234,620.939,254.755,621.029,246.256,760.077,247.735
765.955,255.822,620.928,253.483,621.065,245.001,766.091,247.34
760.956,255.512,616.941,253.712,617.048,245.176,761.063,246.976
755.885,257.136,614.883,253.219,615.126,244.476,756.128,248.393
758.92,257.508,618.871,253.038,619.165,243.835,759.214,248.305
761.873,257.839,630.858,254.391,631.097,245.318,762.112,248.766
760.954,256.689,622.926,254.309,623.072,245.812,761.1,248.191
759.899,257.985,622.911,254.517,623.123,246.13,760.111,249.598
751.93,258.455,623.863,254.796,624.107,246.26,752.174,249.919
757.92,259.534,626.893,255.397,627.161,246.889,758.189,251.027
756.984,260.427,629.864,255.49,630.196,246.94,757.315,251.876
752.816,260.772,630.862,254.822,631.28,246.258,753.234,252.206
758.87,260.754,627.888,256.237,628.172,248.006,759.154,252.523
750.898,260.709,627.884,256.096,628.191,247.907,751.206,252.52
756.823,261.901,630.901,256.177,631.276,247.922,757.198,253.645
757.876,261.278,625.913,256.299,626.213,248.348,758.176,253.327
622,260,622,252,751,252,751,260
629,260,629,252,757,252,757,260
751.915,261.293,628.899,256.737,629.189,248.896,752.205,253.452
622,260,622,252,754,252,754,260
