1.0234,0,0,0,0,0,0,0,0,0,0,0,0,0,0
52.768,0,0,0,0,0,0,0,0,0,0,0,0,0,0
23.881,0,0,0,0,0,0,0,0,0,0,0,0,0,0
23.808,0,0,0,0,0,0,0,0,0,0,0,0,0,0
24.218,0,0,0,0,0,0,0,0,0,0,0,0,0,0
24.961,0,0,0,0,0,0,0,0,0,0,0,0,0,0
24.513,0,0,0,0,0,0,0,0,0,0,0,0,0,0
25.829,0,0,0,0,0,0,0,0,0,0,0,0,0,0
24.651,0,0,0,0,0,0,0,0,0,0,0,0,0,0
24.541,0,0,0,0,0,0,0,0,0,0,0,0,0,0
23.457,0,0,0,0,0,0,0,0,0,0,0,0,0,0
18.658,0,0,0,0,0,0,0,0,0,0,0,0,0,0
22.328,0,0,0,0,0,0,0,0,0,0,0,0,0,0
21.136,0,0,0,0,0,0,0,0,0,0,0,0,0,0
20.786,0,0,0,0,0,0,0,0,0,0,0,0,0,0
20.975,0,0,0,0,0,0,0,0,0,0,0,0,0,0
21.5,0,0,0,0,0,0,0,0,0,0,0,0,0,0
20.395,0,0,0,0,0,0,0,0,0,0,0,0,0,0
23.521,0,0,0,0,0,0,0,0,0,0,0,0,0,0
21.161,0,0,0,0,0,0,0,0,0,0,0,0,0,0
20.914,0,0,0,0,0,0,0,0,0,0,0,0,0,0
21.421,0,0,0,0,0,0,0,0,0,0,0,0,0,0
16.779,0,0,0,0,0,0,0,0,0,0,0,0,0,0
17.522,0,0,0,0,0,0,0,0,0,0,0,0,0,0
16.327,0,0,0,0,0,0,0,0,0,0,0,0,0,0
22.44,0,0,0,0,0,0,0,0,0,0,0,0,0,0
21.823,0,0,0,0,0,0,0,0,0,0,0,0,0,0
24.603,0,0,0,0,0,0,0,0,0,0,0,0,0,0
21.764,0,0,0,0,0,0,0,0,0,0,0,0,0,0
21.627,0,0,0,0,0,0,0,0,0,0,0,0,0,0
20.503,0,0,0,0,0,0,0,0,0,0,0,0,0,0
22.316,0,0,0,0,0,0,0,0,0,0,0,0,0,0
20.449,0,0,0,0,0,0,0,0,0,0,0,0,0,0
20.57,0,0,0,0,0,0,0,0,0,0,0,0,0,0
20.802,0,0,0,0,0,0,0,0,0,0,0,0,0,0
18.825,0,0,0,0,0,0,0,0,0,0,0,0,0,0
19.963,0,0,0,0,0,0,0,0,0,0,0,0,0,0
19.744,0,0,0,0,0,0,0,0,0,0,0,0,0,0
19.98,0,0,0,0,0,0,0,0,0,0,0,0,0,0
19.146,0,0,0,0,0,0,0,0,0,0,0,0,0,0
19.432,0,0,0,0,0,0,0,0,0,0,0,0,0,0
18.574,0,0,0,0,0,0,0,0,0,0,0,0,0,0
18.913,0,0,0,0,0,0,0,0,0,0,0,0,0,0
18.737,0,0,0,0,0,0,0,0,0,0,0,0,0,0
18.362,0,0,0,0,0,0,0,0,0,0,0,0,0,0
17.977,0,0,0,0,0,0,0,0,0,0,0,0,0,0
18.242,0,0,0,0,0,0,0,0,0,0,0,0,0,0
18.105,0,0,0,0,0,0,0,0,0,0,0,0,0,0
18.134,0,0,0,0,0,0,0,0,0,0,0,0,0,0
17.401,0,0,0,0,0,0,0,0,0,0,0,0,0,0
17.671,0,0,0,0,0,0,0,0,0,0,0,0,0,0
18.619,0,0,0,0,0,0,0,0,0,0,0,0,0,0
17.534,0,0,0,0,0,0,0,0,0,0,0,0,0,0
18.102,0,0,0,0,0,0,0,0,0,0,0,0,0,0
19.916,0,0,0,0,0,0,0,0,0,0,0,0,0,0
19.008,0,0,0,0,0,0,0,0,0,0,0,0,0,0
19.772,0,0,0,0,0,0,0,0,0,0,0,0,0,0
18.293,0,0,0,0,0,0,0,0,0,0,0,0,0,0
18.432,0,0,0,0,0,0,0,0,0,0,0,0,0,0
18.572,0,0,0,0,0,0,0,0,0,0,0,0,0,0
17.98,0,0,0,0,0,0,0,0,0,0,0,0,0,0
16.798,0,0,0,0,0,0,0,0,0,0,0,0,0,0
16.507,0,0,0,0,0,0,0,0,0,0,0,0,0,0
17.557,0,0,0,0,0,0,0,0,0,0,0,0,0,0
17.402,0,0,0,0,0,0,0,0,0,0,0,0,0,0
17.78,0,0,0,0,0,0,0,0,0,0,0,0,0,0
16.944,0,0,0,0,0,0,0,0,0,0,0,0,0,0
17.18,0,0,0,0,0,0,0,0,0,0,0,0,0,0
17.773,0,0,0,0,0,0,0,0,0,0,0,0,0,0
17.374,0,0,0,0,0,0,0,0,0,0,0,0,0,0
17.522,0,0,0,0,0,0,0,0,0,0,0,0,0,0
17.818,0,0,0,0,0,0,0,0,0,0,0,0,0,0
17.147,0,0,0,0,0,0,0,0,0,0,0,0,0,0
17.479,0,0,0,0,0,0,0,0,0,0,0,0,0,0
18.069,0,0,0,0,0,0,0,0,0,0,0,0,0,0
17.535,0,0,0,0,0,0,0,0,0,0,0,0,0,0
17.689,0,0,0,0,0,0,0,0,0,0,0,0,0,0
17.338,0,0,0,0,0,0,0,0,0,0,0,0,0,0
17.554,0,0,0,0,0,0,0,0,0,0,0,0,0,0
17.509,0,0,0,0,0,0,0,0,0,0,0,0,0,0
17.677,0,0,0,0,0,0,0,0,0,0,0,0,0,0
17.166,0,0,0,0,0,0,0,0,0,0,0,0,0,0
17.578,0,0,0,0,0,0,0,0,0,0,0,0,0,0
17.666,0,0,0,0,0,0,0,0,0,0,0,0,0,0
18.78,0,0,0,0,0,0,0,0,0,0,0,0,0,0
15,0,0,0,0,0,0,0,0,0,0,0,0,0,0
17.433,0,0,0,0,0,0,0,0,0,0,0,0,0,0
18.769,0,0,0,0,0,0,0,0,0,0,0,0,0,0
17.649,0,0,0,0,0,0,0,0,0,0,0,0,0,0
17.119,0,0,0,0,0,0,0,0,0,0,0,0,0,0
18.131,0,0,0,0,0,0,0,0,0,0,0,0,0,0
17.782,0,0,0,0,0,0,0,0,0,0,0,0,0,0
18.822,0,0,0,0,0,0,0,0,0,0,0,0,0,0
16.716,0,0,0,0,0,0,0,0,0,0,0,0,0,0
17.975,0,0,0,0,0,0,0,0,0,0,0,0,0,0
17.647,0,0,0,0,0,0,0,0,0,0,0,0,0,0
17.376,0,0,0,0,0,0,0,0,0,0,0,0,0,0
17.146,0,0,0,0,0,0,0,0,0,0,0,0,0,0
17.844,0,0,0,0,0,0,0,0,0,0,0,0,0,0
17.218,0,0,0,0,0,0,0,0,0,0,0,0,0,0
16.944,0,0,0,0,0,0,0,0,0,0,0,0,0,0
17.335,0,0,0,0,0,0,0,0,0,0,0,0,0,0
18.335,0,0,0,0,0,0,0,0,0,0,0,0,0,0
17.503,0,0,0,0,0,0,0,0,0,0,0,0,0,0
17.843,0,0,0,0,0,0,0,0,0,0,0,0,0,0
17.407,0,0,0,0,0,0,0,0,0,0,0,0,0,0
16.205,0,0,0,0,0,0,0,0,0,0,0,0,0,0
17.6,0,0,0,0,0,0,0,0,0,0,0,0,0,0
17.177,0,0,0,0,0,0,0,0,0,0,0,0,0,0
16.932,0,0,0,0,0,0,0,0,0,0,0,0,0,0
17.398,0,0,0,0,0,0,0,0,0,0,0,0,0,0
17.913,0,0,0,0,0,0,0,0,0,0,0,0,0,0
16.974,0,0,0,0,0,0,0,0,0,0,0,0,0,0
17.76,0,0,0,0,0,0,0,0,0,0,0,0,0,0
16.829,0,0,0,0,0,0,0,0,0,0,0,0,0,0
17.538,0,0,0,0,0,0,0,0,0,0,0,0,0,0
17.372,0,0,0,0,0,0,0,0,0,0,0,0,0,0
16.746,0,0,0,0,0,0,0,0,0,0,0,0,0,0
17.588,0,0,0,0,0,0,0,0,0,0,0,0,0,0
17.053,0,0,0,0,0,0,0,0,0,0,0,0,0,0
17.562,0,0,0,0,0,0,0,0,0,0,0,0,0,0
18.013,0,0,0,0,0,0,0,0,0,0,0,0,0,0
17.617,0,0,0,0,0,0,0,0,0,0,0,0,0,0
17.476,0,0,0,0,0,0,0,0,0,0,0,0,0,0
13.668,0,0,0,0,0,0,0,0,0,0,0,0,0,0
17.505,0,0,0,0,0,0,0,0,0,0,0,0,0,0
17.258,0,0,0,0,0,0,0,0,0,0,0,0,0,0
18.912,0,0,0,0,0,0,0,0,0,0,0,0,0,0
18.191,0,0,0,0,0,0,0,0,0,0,0,0,0,0
16.892,0,0,0,0,0,0,0,0,0,0,0,0,0,0
17.861,0,0,0,0,0,0,0,0,0,0,0,0,0,0
17.153,0,0,0,0,0,0,0,0,0,0,0,0,0,0
18.032,0,0,0,0,0,0,0,0,0,0,0,0,0,0
17.43,0,0,0,0,0,0,0,0,0,0,0,0,0,0
17.456,0,0,0,0,0,0,0,0,0,0,0,0,0,0
16.178,0,0,0,0,0,0,0,0,0,0,0,0,0,0
17.448,0,0,0,0,0,0,0,0,0,0,0,0,0,0
14.506,0,0,0,0,0,0,0,0,0,0,0,0,0,0
13.45,0,0,0,0,0,0,0,0,0,0,0,0,0,0
17.508,0,0,0,0,0,0,0,0,0,0,0,0,0,0
13.708,0,0,0,0,0,0,0,0,0,0,0,0,0,0
17.287,0,0,0,0,0,0,0,0,0,0,0,0,0,0
17.449,0,0,0,0,0,0,0,0,0,0,0,0,0,0
17.876,0,0,0,0,0,0,0,0,0,0,0,0,0,0
16.408,0,0,0,0,0,0,0,0,0,0,0,0,0,0
17.151,0,0,0,0,0,0,0,0,0,0,0,0,0,0
18.002,0,0,0,0,0,0,0,0,0,0,0,0,0,0
18.143,0,0,0,0,0,0,0,0,0,0,0,0,0,0
16.772,0,0,0,0,0,0,0,0,0,0,0,0,0,0
17.837,0,0,0,0,0,0,0,0,0,0,0,0,0,0
19.79,0,0,0,0,0,0,0,0,0,0,0,0,0,0
18.335,0,0,0,0,0,0,0,0,0,0,0,0,0,0
17.912,0,0,0,0,0,0,0,0,0,0,0,0,0,0
18.701,0,0,0,0,0,0,0,0,0,0,0,0,0,0
17.862,0,0,0,0,0,0,0,0,0,0,0,0,0,0
17.621,0,0,0,0,0,0,0,0,0,0,0,0,0,0
18.657,0,0,0,0,0,0,0,0,0,0,0,0,0,0
17.552,0,0,0,0,0,0,0,0,0,0,0,0,0,0
17.088,0,0,0,0,0,0,0,0,0,0,0,0,0,0
16.97,0,0,0,0,0,0,0,0,0,0,0,0,0,0
17.797,0,0,0,0,0,0,0,0,0,0,0,0,0,0
17.56,0,0,0,0,0,0,0,0,0,0,0,0,0,0
18.751,0,0,0,0,0,0,0,0,0,0,0,0,0,0
17.409,0,0,0,0,0,0,0,0,0,0,0,0,0,0
17.701,0,0,0,0,0,0,0,0,0,0,0,0,0,0
14.159,0,0,0,0,0,0,0,0,0,0,0,0,0,0
17.881,0,0,0,0,0,0,0,0,0,0,0,0,0,0
18.94,0,0,0,0,0,0,0,0,0,0,0,0,0,0
17.374,0,0,0,0,0,0,0,0,0,0,0,0,0,0
18.159,0,0,0,0,0,0,0,0,0,0,0,0,0,0
16.16,0,0,0,0,0,0,0,0,0,0,0,0,0,0
19.376,0,0,0,0,0,0,0,0,0,0,0,0,0,0
19.177,0,0,0,0,0,0,0,0,0,0,0,0,0,0
18.748,0,0,0,0,0,0,0,0,0,0,0,0,0,0
20.017,0,0,0,0,0,0,0,0,0,0,0,0,0,0
19.81,0,0,0,0,0,0,0,0,0,0,0,0,0,0
18.65,0,0,0,0,0,0,0,0,0,0,0,0,0,0
18.526,0,0,0,0,0,0,0,0,0,0,0,0,0,0
18.114,0,0,0,0,0,0,0,0,0,0,0,0,0,0
17.335,0,0,0,0,0,0,0,0,0,0,0,0,0,0
17.31,0,0,0,0,0,0,0,0,0,0,0,0,0,0
19.782,0,0,0,0,0,0,0,0,0,0,0,0,0,0
18.078,0,0,0,0,0,0,0,0,0,0,0,0,0,0
18.515,0,0,0,0,0,0,0,0,0,0,0,0,0,0
14.431,0,0,0,0,0,0,0,0,0,0,0,0,0,0
17.702,0,0,0,0,0,0,0,0,0,0,0,0,0,0
18.623,0,0,0,0,0,0,0,0,0,0,0,0,0,0
14.53,0,0,0,0,0,0,0,0,0,0,0,0,0,0
14.094,0,0,0,0,0,0,0,0,0,0,0,0,0,0
14.695,0,0,0,0,0,0,0,0,0,0,0,0,0,0
18.706,0,0,0,0,0,0,0,0,0,0,0,0,0,0
17.982,0,0,0,0,0,0,0,0,0,0,0,0,0,0
18.161,0,0,0,0,0,0,0,0,0,0,0,0,0,0
19.609,0,0,0,0,0,0,0,0,0,0,0,0,0,0
19.984,0,0,0,0,0,0,0,0,0,0,0,0,0,0
20.828,0,0,0,0,0,0,0,0,0,0,0,0,0,0
20.69,0,0,0,0,0,0,0,0,0,0,0,0,0,0
20.778,0,0,0,0,0,0,0,0,0,0,0,0,0,0
21.284,0,0,0,0,0,0,0,0,0,0,0,0,0,0
21.302,0,0,0,0,0,0,0,0,0,0,0,0,0,0
20.187,0,0,0,0,0,0,0,0,0,0,0,0,0,0
20.999,0,0,0,0,0,0,0,0,0,0,0,0,0,0
21.115,0,0,0,0,0,0,0,0,0,0,0,0,0,0
21.305,0,0,0,0,0,0,0,0,0,0,0,0,0,0
19.865,0,0,0,0,0,0,0,0,0,0,0,0,0,0
21.679,0,0,0,0,0,0,0,0,0,0,0,0,0,0
19.591,0,0,0,0,0,0,0,0,0,0,0,0,0,0
19.172,0,0,0,0,0,0,0,0,0,0,0,0,0,0
20.435,0,0,0,0,0,0,0,0,0,0,0,0,0,0
21.114,0,0,0,0,0,0,0,0,0,0,0,0,0,0
19.66,0,0,0,0,0,0,0,0,0,0,0,0,0,0
19.749,0,0,0,0,0,0,0,0,0,0,0,0,0,0
21.823,0,0,0,0,0,0,0,0,0,0,0,0,0,0
21.268,0,0,0,0,0,0,0,0,0,0,0,0,0,0
22.462,0,0,0,0,0,0,0,0,0,0,0,0,0,0
22.379,0,0,0,0,0,0,0,0,0,0,0,0,0,0
23.004,0,0,0,0,0,0,0,0,0,0,0,0,0,0
21.669,0,0,0,0,0,0,0,0,0,0,0,0,0,0
21.964,0,0,0,0,0,0,0,0,0,0,0,0,0,0
22.629,0,0,0,0,0,0,0,0,0,0,0,0,0,0
21.658,0,0,0,0,0,0,0,0,0,0,0,0,0,0
20.49,0,0,0,0,0,0,0,0,0,0,0,0,0,0
21.731,0,0,0,0,0,0,0,0,0,0,0,0,0,0
21.42,0,0,0,0,0,0,0,0,0,0,0,0,0,0
22.093,0,0,0,0,0,0,0,0,0,0,0,0,0,0
22.947,0,0,0,0,0,0,0,0,0,0,0,0,0,0
20.225,0,0,0,0,0,0,0,0,0,0,0,0,0,0
19.992,0,0,0,0,0,0,0,0,0,0,0,0,0,0
20.192,0,0,0,0,0,0,0,0,0,0,0,0,0,0
21.34,0,0,0,0,0,0,0,0,0,0,0,0,0,0
20.895,0,0,0,0,0,0,0,0,0,0,0,0,0,0
21.5,0,0,0,0,0,0,0,0,0,0,0,0,0,0
21.018,0,0,0,0,0,0,0,0,0,0,0,0,0,0
22.269,0,0,0,0,0,0,0,0,0,0,0,0,0,0
22.372,0,0,0,0,0,0,0,0,0,0,0,0,0,0
22.031,0,0,0,0,0,0,0,0,0,0,0,0,0,0
24.356,0,0,0,0,0,0,0,0,0,0,0,0,0,0
21.351,0,0,0,0,0,0,0,0,0,0,0,0,0,0
22.389,0,0,0,0,0,0,0,0,0,0,0,0,0,0
22.442,0,0,0,0,0,0,0,0,0,0,0,0,0,0
24.535,0,0,0,0,0,0,0,0,0,0,0,0,0,0
23.625,0,0,0,0,0,0,0,0,0,0,0,0,0,0
23.668,0,0,0,0,0,0,0,0,0,0,0,0,0,0
22.309,0,0,0,0,0,0,0,0,0,0,0,0,0,0
17.648,0,0,0,0,0,0,0,0,0,0,0,0,0,0
21.174,0,0,0,0,0,0,0,0,0,0,0,0,0,0
17.976,0,0,0,0,0,0,0,0,0,0,0,0,0,0
21.29,0,0,0,0,0,0,0,0,0,0,0,0,0,0
NaN,0,0,0,0,0,0,0,0,0,0,0,0,0,0
NaN,0,0,0,0,0,0,0,0,0,0,0,0,0,0
NaN,0,0,0,0,0,0,0,0,0,0,0,0,0,0
NaN,0,0,0,0,0,0,0,0,0,0,0,0,0,0
1.0228,0,0,0,0,0,0,0,0,0,0,0,0,0,0
48.992,0,0,0,0,0,0,0,0,0,0,0,0,0,0
19.87,0,0,0,0,0,0,0,0,0,0,0,0,0,0
17.709,0,0,0,0,0,0,0,0,0,0,0,0,0,0
15.981,0,0,0,0,0,0,0,0,0,0,0,0,0,0
15.697,0,0,0,0,0,0,0,0,0,0,0,0,0,0
16.625,0,0,0,0,0,0,0,0,0,0,0,0,0,0
16.07,0,0,0,0,0,0,0,0,0,0,0,0,0,0
15.973,0,0,0,0,0,0,0,0,0,0,0,0,0,0
15.255,0,0,0,0,0,0,0,0,0,0,0,0,0,0
15.637,0,0,0,0,0,0,0,0,0,0,0,0,0,0
15.461,0,0,0,0,0,0,0,0,0,0,0,0,0,0
14.943,0,0,0,0,0,0,0,0,0,0,0,0,0,0
15.614,0,0,0,0,0,0,0,0,0,0,0,0,0,0
14.802,0,0,0,0,0,0,0,0,0,0,0,0,0,0
14.829,0,0,0,0,0,0,0,0,0,0,0,0,0,0
15.133,0,0,0,0,0,0,0,0,0,0,0,0,0,0
13.967,0,0,0,0,0,0,0,0,0,0,0,0,0,0
15.554,0,0,0,0,0,0,0,0,0,0,0,0,0,0
14.551,0,0,0,0,0,0,0,0,0,0,0,0,0,0
16.203,0,0,0,0,0,0,0,0,0,0,0,0,0,0
15.481,0,0,0,0,0,0,0,0,0,0,0,0,0,0
16.748,0,0,0,0,0,0,0,0,0,0,0,0,0,0
15.832,0,0,0,0,0,0,0,0,0,0,0,0,0,0
17.208,0,0,0,0,0,0,0,0,0,0,0,0,0,0
17.013,0,0,0,0,0,0,0,0,0,0,0,0,0,0
17.365,0,0,0,0,0,0,0,0,0,0,0,0,0,0
17.724,0,0,0,0,0,0,0,0,0,0,0,0,0,0
18.938,0,0,0,0,0,0,0,0,0,0,0,0,0,0
17.05,0,0,0,0,0,0,0,0,0,0,0,0,0,0
16.315,0,0,0,0,0,0,0,0,0,0,0,0,0,0
16.303,0,0,0,0,0,0,0,0,0,0,0,0,0,0
15.63,0,0,0,0,0,0,0,0,0,0,0,0,0,0
16.192,0,0,0,0,0,0,0,0,0,0,0,0,0,0
16.973,0,0,0,0,0,0,0,0,0,0,0,0,0,0
17.96,0,0,0,0,0,0,0,0,0,0,0,0,0,0
20.554,0,0,0,0,0,0,0,0,0,0,0,0,0,0
17.86,0,0,0,0,0,0,0,0,0,0,0,0,0,0
19.009,0,0,0,0,0,0,0,0,0,0,0,0,0,0
18.438,0,0,0,0,0,0,0,0,0,0,0,0,0,0
18.569,0,0,0,0,0,0,0,0,0,0,0,0,0,0
16.035,0,0,0,0,0,0,0,0,0,0,0,0,0,0
15.683,0,0,0,0,0,0,0,0,0,0,0,0,0,0
17.3,0,0,0,0,0,0,0,0,0,0,0,0,0,0
16.719,0,0,0,0,0,0,0,0,0,0,0,0,0,0
13.511,0,0,0,0,0,0,0,0,0,0,0,0,0,0
18.437,0,0,0,0,0,0,0,0,0,0,0,0,0,0
17.008,0,0,0,0,0,0,0,0,0,0,0,0,0,0
17.739,0,0,0,0,0,0,0,0,0,0,0,0,0,0
17.101,0,0,0,0,0,0,0,0,0,0,0,0,0,0
18.152,0,0,0,0,0,0,0,0,0,0,0,0,0,0
16.745,0,0,0,0,0,0,0,0,0,0,0,0,0,0
16.891,0,0,0,0,0,0,0,0,0,0,0,0,0,0
17.389,0,0,0,0,0,0,0,0,0,0,0,0,0,0
16.109,0,0,0,0,0,0,0,0,0,0,0,0,0,0
16.997,0,0,0,0,0,0,0,0,0,0,0,0,0,0
17.516,0,0,0,0,0,0,0,0,0,0,0,0,0,0
16.657,0,0,0,0,0,0,0,0,0,0,0,0,0,0
16.931,0,0,0,0,0,0,0,0,0,0,0,0,0,0
18.715,0,0,0,0,0,0,0,0,0,0,0,0,0,0
18.293,0,0,0,0,0,0,0,0,0,0,0,0,0,0
17.845,0,0,0,0,0,0,0,0,0,0,0,0,0,0
18.107,0,0,0,0,0,0,0,0,0,0,0,0,0,0
18.542,0,0,0,0,0,0,0,0,0,0,0,0,0,0
13.863,0,0,0,0,0,0,0,0,0,0,0,0,0,0
16.909,0,0,0,0,0,0,0,0,0,0,0,0,0,0
17.933,0,0,0,0,0,0,0,0,0,0,0,0,0,0
17.676,0,0,0,0,0,0,0,0,0,0,0,0,0,0
17.708,0,0,0,0,0,0,0,0,0,0,0,0,0,0
18.787,0,0,0,0,0,0,0,0,0,0,0,0,0,0
17.837,0,0,0,0,0,0,0,0,0,0,0,0,0,0
18.202,0,0,0,0,0,0,0,0,0,0,0,0,0,0
18.603,0,0,0,0,0,0,0,0,0,0,0,0,0,0
17.743,0,0,0,0,0,0,0,0,0,0,0,0,0,0
14.112,0,0,0,0,0,0,0,0,0,0,0,0,0,0
18.153,0,0,0,0,0,0,0,0,0,0,0,0,0,0
18.022,0,0,0,0,0,0,0,0,0,0,0,0,0,0
18.317,0,0,0,0,0,0,0,0,0,0,0,0,0,0
17.606,0,0,0,0,0,0,0,0,0,0,0,0,0,0
16.692,0,0,0,0,0,0,0,0,0,0,0,0,0,0
16.771,0,0,0,0,0,0,0,0,0,0,0,0,0,0
17.179,0,0,0,0,0,0,0,0,0,0,0,0,0,0
16.963,0,0,0,0,0,0,0,0,0,0,0,0,0,0
17.457,0,0,0,0,0,0,0,0,0,0,0,0,0,0
16.773,0,0,0,0,0,0,0,0,0,0,0,0,0,0
16.615,0,0,0,0,0,0,0,0,0,0,0,0,0,0
16.922,0,0,0,0,0,0,0,0,0,0,0,0,0,0
13.578,0,0,0,0,0,0,0,0,0,0,0,0,0,0
13.291,0,0,0,0,0,0,0,0,0,0,0,0,0,0
17.167,0,0,0,0,0,0,0,0,0,0,0,0,0,0
17.344,0,0,0,0,0,0,0,0,0,0,0,0,0,0
17.341,0,0,0,0,0,0,0,0,0,0,0,0,0,0
17.64,0,0,0,0,0,0,0,0,0,0,0,0,0,0
13.864,0,0,0,0,0,0,0,0,0,0,0,0,0,0
13.97,0,0,0,0,0,0,0,0,0,0,0,0,0,0
17.143,0,0,0,0,0,0,0,0,0,0,0,0,0,0
18.138,0,0,0,0,0,0,0,0,0,0,0,0,0,0
17.419,0,0,0,0,0,0,0,0,0,0,0,0,0,0
16.651,0,0,0,0,0,0,0,0,0,0,0,0,0,0
17.436,0,0,0,0,0,0,0,0,0,0,0,0,0,0
16.466,0,0,0,0,0,0,0,0,0,0,0,0,0,0
17.015,0,0,0,0,0,0,0,0,0,0,0,0,0,0
16.761,0,0,0,0,0,0,0,0,0,0,0,0,0,0
17.304,0,0,0,0,0,0,0,0,0,0,0,0,0,0
16.38,0,0,0,0,0,0,0,0,0,0,0,0,0,0
16.44,0,0,0,0,0,0,0,0,0,0,0,0,0,0
16.274,0,0,0,0,0,0,0,0,0,0,0,0,0,0
15.846,0,0,0,0,0,0,0,0,0,0,0,0,0,0
12.728,0,0,0,0,0,0,0,0,0,0,0,0,0,0
16.009,0,0,0,0,0,0,0,0,0,0,0,0,0,0
15.457,0,0,0,0,0,0,0,0,0,0,0,0,0,0
15.702,0,0,0,0,0,0,0,0,0,0,0,0,0,0
15.464,0,0,0,0,0,0,0,0,0,0,0,0,0,0
13.45,0,0,0,0,0,0,0,0,0,0,0,0,0,0
17.578,0,0,0,0,0,0,0,0,0,0,0,0,0,0
12.93,0,0,0,0,0,0,0,0,0,0,0,0,0,0
13.119,0,0,0,0,0,0,0,0,0,0,0,0,0,0
16.273,0,0,0,0,0,0,0,0,0,0,0,0,0,0
16.693,0,0,0,0,0,0,0,0,0,0,0,0,0,0
17.332,0,0,0,0,0,0,0,0,0,0,0,0,0,0
16.968,0,0,0,0,0,0,0,0,0,0,0,0,0,0
16.672,0,0,0,0,0,0,0,0,0,0,0,0,0,0
16.86,0,0,0,0,0,0,0,0,0,0,0,0,0,0
17.349,0,0,0,0,0,0,0,0,0,0,0,0,0,0
16.837,0,0,0,0,0,0,0,0,0,0,0,0,0,0
12.791,0,0,0,0,0,0,0,0,0,0,0,0,0,0
16.356,0,0,0,0,0,0,0,0,0,0,0,0,0,0
16.356,0,0,0,0,0,0,0,0,0,0,0,0,0,0
16.219,0,0,0,0,0,0,0,0,0,0,0,0,0,0
16.327,0,0,0,0,0,0,0,0,0,0,0,0,0,0
15.734,0,0,0,0,0,0,0,0,0,0,0,0,0,0
16.118,0,0,0,0,0,0,0,0,0,0,0,0,0,0
16.029,0,0,0,0,0,0,0,0,0,0,0,0,0,0
16.186,0,0,0,0,0,0,0,0,0,0,0,0,0,0
16.27,0,0,0,0,0,0,0,0,0,0,0,0,0,0
16.376,0,0,0,0,0,0,0,0,0,0,0,0,0,0
15.873,0,0,0,0,0,0,0,0,0,0,0,0,0,0
12.71,0,0,0,0,0,0,0,0,0,0,0,0,0,0
16.152,0,0,0,0,0,0,0,0,0,0,0,0,0,0
15.938,0,0,0,0,0,0,0,0,0,0,0,0,0,0
16.24,0,0,0,0,0,0,0,0,0,0,0,0,0,0
12.599,0,0,0,0,0,0,0,0,0,0,0,0,0,0
14.605,0,0,0,0,0,0,0,0,0,0,0,0,0,0
14.671,0,0,0,0,0,0,0,0,0,0,0,0,0,0
11.25,0,0,0,0,0,0,0,0,0,0,0,0,0,0
14.713,0,0,0,0,0,0,0,0,0,0,0,0,0,0
11.182,0,0,0,0,0,0,0,0,0,0,0,0,0,0
11.201,0,0,0,0,0,0,0,0,0,0,0,0,0,0
14.642,0,0,0,0,0,0,0,0,0,0,0,0,0,0
14.544,0,0,0,0,0,0,0,0,0,0,0,0,0,0
14.173,0,0,0,0,0,0,0,0,0,0,0,0,0,0
14.033,0,0,0,0,0,0,0,0,0,0,0,0,0,0
10.782,0,0,0,0,0,0,0,0,0,0,0,0,0,0
14.335,0,0,0,0,0,0,0,0,0,0,0,0,0,0
14.532,0,0,0,0,0,0,0,0,0,0,0,0,0,0
14.147,0,0,0,0,0,0,0,0,0,0,0,0,0,0
14.572,0,0,0,0,0,0,0,0,0,0,0,0,0,0
14.123,0,0,0,0,0,0,0,0,0,0,0,0,0,0
11.135,0,0,0,0,0,0,0,0,0,0,0,0,0,0
10.868,0,0,0,0,0,0,0,0,0,0,0,0,0,0
11.585,0,0,0,0,0,0,0,0,0,0,0,0,0,0
11.634,0,0,0,0,0,0,0,0,0,0,0,0,0,0
15.234,0,0,0,0,0,0,0,0,0,0,0,0,0,0
15.488,0,0,0,0,0,0,0,0,0,0,0,0,0,0
15.912,0,0,0,0,0,0,0,0,0,0,0,0,0,0
11.707,0,0,0,0,0,0,0,0,0,0,0,0,0,0
15.784,0,0,0,0,0,0,0,0,0,0,0,0,0,0
16.176,0,0,0,0,0,0,0,0,0,0,0,0,0,0
15.689,0,0,0,0,0,0,0,0,0,0,0,0,0,0
15.968,0,0,0,0,0,0,0,0,0,0,0,0,0,0
15.731,0,0,0,0,0,0,0,0,0,0,0,0,0,0
15.524,0,0,0,0,0,0,0,0,0,0,0,0,0,0
16.498,0,0,0,0,0,0,0,0,0,0,0,0,0,0
15.555,0,0,0,0,0,0,0,0,0,0,0,0,0,0
16.1,0,0,0,0,0,0,0,0,0,0,0,0,0,0
16.091,0,0,0,0,0,0,0,0,0,0,0,0,0,0
11.491,0,0,0,0,0,0,0,0,0,0,0,0,0,0
15.347,0,0,0,0,0,0,0,0,0,0,0,0,0,0
15.417,0,0,0,0,0,0,0,0,0,0,0,0,0,0
15.389,0,0,0,0,0,0,0,0,0,0,0,0,0,0
11.709,0,0,0,0,0,0,0,0,0,0,0,0,0,0
11.797,0,0,0,0,0,0,0,0,0,0,0,0,0,0
15.667,0,0,0,0,0,0,0,0,0,0,0,0,0,0
11.722,0,0,0,0,0,0,0,0,0,0,0,0,0,0
15.323,0,0,0,0,0,0,0,0,0,0,0,0,0,0
15.138,0,0,0,0,0,0,0,0,0,0,0,0,0,0
15.085,0,0,0,0,0,0,0,0,0,0,0,0,0,0
11.434,0,0,0,0,0,0,0,0,0,0,0,0,0,0
14.981,0,0,0,0,0,0,0,0,0,0,0,0,0,0
11.827,0,0,0,0,0,0,0,0,0,0,0,0,0,0
12.379,0,0,0,0,0,0,0,0,0,0,0,0,0,0
12.37,0,0,0,0,0,0,0,0,0,0,0,0,0,0
16.938,0,0,0,0,0,0,0,0,0,0,0,0,0,0
16.076,0,0,0,0,0,0,0,0,0,0,0,0,0,0
12.956,0,0,0,0,0,0,0,0,0,0,0,0,0,0
12.819,0,0,0,0,0,0,0,0,0,0,0,0,0,0
16.388,0,0,0,0,0,0,0,0,0,0,0,0,0,0
16.391,0,0,0,0,0,0,0,0,0,0,0,0,0,0
14.927,0,0,0,0,0,0,0,0,0,0,0,0,0,0
15.554,0,0,0,0,0,0,0,0,0,0,0,0,0,0
15.558,0,0,0,0,0,0,0,0,0,0,0,0,0,0
15.216,0,0,0,0,0,0,0,0,0,0,0,0,0,0
15.394,0,0,0,0,0,0,0,0,0,0,0,0,0,0
16.144,0,0,0,0,0,0,0,0,0,0,0,0,0,0
16.066,0,0,0,0,0,0,0,0,0,0,0,0,0,0
11.737,0,0,0,0,0,0,0,0,0,0,0,0,0,0
13.334,0,0,0,0,0,0,0,0,0,0,0,0,0,0
12.186,0,0,0,0,0,0,0,0,0,0,0,0,0,0
16.094,0,0,0,0,0,0,0,0,0,0,0,0,0,0
16.506,0,0,0,0,0,0,0,0,0,0,0,0,0,0
15.604,0,0,0,0,0,0,0,0,0,0,0,0,0,0
13.784,0,0,0,0,0,0,0,0,0,0,0,0,0,0
16.259,0,0,0,0,0,0,0,0,0,0,0,0,0,0
13.535,0,0,0,0,0,0,0,0,0,0,0,0,0,0
15.12,0,0,0,0,0,0,0,0,0,0,0,0,0,0
15.201,0,0,0,0,0,0,0,0,0,0,0,0,0,0
14.815,0,0,0,0,0,0,0,0,0,0,0,0,0,0
15.51,0,0,0,0,0,0,0,0,0,0,0,0,0,0
14.262,0,0,0,0,0,0,0,0,0,0,0,0,0,0
14.213,0,0,0,0,0,0,0,0,0,0,0,0,0,0
14.583,0,0,0,0,0,0,0,0,0,0,0,0,0,0
14.892,0,0,0,0,0,0,0,0,0,0,0,0,0,0
14.987,0,0,0,0,0,0,0,0,0,0,0,0,0,0
11.425,0,0,0,0,0,0,0,0,0,0,0,0,0,0
14.966,0,0,0,0,0,0,0,0,0,0,0,0,0,0
17.045,0,0,0,0,0,0,0,0,0,0,0,0,0,0
13.227,0,0,0,0,0,0,0,0,0,0,0,0,0,0
16.908,0,0,0,0,0,0,0,0,0,0,0,0,0,0
17.088,0,0,0,0,0,0,0,0,0,0,0,0,0,0
16.026,0,0,0,0,0,0,0,0,0,0,0,0,0,0
16.394,0,0,0,0,0,0,0,0,0,0,0,0,0,0
15.915,0,0,0,0,0,0,0,0,0,0,0,0,0,0
15.455,0,0,0,0,0,0,0,0,0,0,0,0,0,0
14.992,0,0,0,0,0,0,0,0,0,0,0,0,0,0
15.144,0,0,0,0,0,0,0,0,0,0,0,0,0,0
15.731,0,0,0,0,0,0,0,0,0,0,0,0,0,0
15.337,0,0,0,0,0,0,0,0,0,0,0,0,0,0
15.684,0,0,0,0,0,0,0,0,0,0,0,0,0,0
15.393,0,0,0,0,0,0,0,0,0,0,0,0,0,0
15.556,0,0,0,0,0,0,0,0,0,0,0,0,0,0
15.904,0,0,0,0,0,0,0,0,0,0,0,0,0,0
15.881,0,0,0,0,0,0,0,0,0,0,0,0,0,0
15.744,0,0,0,0,0,0,0,0,0,0,0,0,0,0
11.62,0,0,0,0,0,0,0,0,0,0,0,0,0,0
15.445,0,0,0,0,0,0,0,0,0,0,0,0,0,0
11.276,0,0,0,0,0,0,0,0,0,0,0,0,0,0
10.734,0,0,0,0,0,0,0,0,0,0,0,0,0,0
14.897,0,0,0,0,0,0,0,0,0,0,0,0,0,0
14.348,0,0,0,0,0,0,0,0,0,0,0,0,0,0
14.632,0,0,0,0,0,0,0,0,0,0,0,0,0,0
14.478,0,0,0,0,0,0,0,0,0,0,0,0,0,0
14.502,0,0,0,0,0,0,0,0,0,0,0,0,0,0
14.985,0,0,0,0,0,0,0,0,0,0,0,0,0,0
11.234,0,0,0,0,0,0,0,0,0,0,0,0,0,0
10.524,0,0,0,0,0,0,0,0,0,0,0,0,0,0
10.724,0,0,0,0,0,0,0,0,0,0,0,0,0,0
10.912,0,0,0,0,0,0,0,0,0,0,0,0,0,0
10.519,0,0,0,0,0,0,0,0,0,0,0,0,0,0
10.999,0,0,0,0,0,0,0,0,0,0,0,0,0,0
10.857,0,0,0,0,0,0,0,0,0,0,0,0,0,0
10.944,0,0,0,0,0,0,0,0,0,0,0,0,0,0
14.924,0,0,0,0,0,0,0,0,0,0,0,0,0,0
10.549,0,0,0,0,0,0,0,0,0,0,0,0,0,0
15.193,0,0,0,0,0,0,0,0,0,0,0,0,0,0
15.464,0,0,0,0,0,0,0,0,0,0,0,0,0,0
11.303,0,0,0,0,0,0,0,0,0,0,0,0,0,0
15.257,0,0,0,0,0,0,0,0,0,0,0,0,0,0
12.22,0,0,0,0,0,0,0,0,0,0,0,0,0,0
10.938,0,0,0,0,0,0,0,0,0,0,0,0,0,0
11.209,0,0,0,0,0,0,0,0,0,0,0,0,0,0
15.09,0,0,0,0,0,0,0,0,0,0,0,0,0,0
10.506,0,0,0,0,0,0,0,0,0,0,0,0,0,0
10.642,0,0,0,0,0,0,0,0,0,0,0,0,0,0
10.466,0,0,0,0,0,0,0,0,0,0,0,0,0,0
10.34,0,0,0,0,0,0,0,0,0,0,0,0,0,0
10.301,0,0,0,0,0,0,0,0,0,0,0,0,0,0
10.335,0,0,0,0,0,0,0,0,0,0,0,0,0,0
10.286,0,0,0,0,0,0,0,0,0,0,0,0,0,0
10.454,0,0,0,0,0,0,0,0,0,0,0,0,0,0
10.458,0,0,0,0,0,0,0,0,0,0,0,0,0,0
10.738,0,0,0,0,0,0,0,0,0,0,0,0,0,0
10.936,0,0,0,0,0,0,0,0,0,0,0,0,0,0
14.509,0,0,0,0,0,0,0,0,0,0,0,0,0,0
14.547,0,0,0,0,0,0,0,0,0,0,0,0,0,0
10.578,0,0,0,0,0,0,0,0,0,0,0,0,0,0
10.729,0,0,0,0,0,0,0,0,0,0,0,0,0,0
15.194,0,0,0,0,0,0,0,0,0,0,0,0,0,0
11.148,0,0,0,0,0,0,0,0,0,0,0,0,0,0
11.102,0,0,0,0,0,0,0,0,0,0,0,0,0,0
10.866,0,0,0,0,0,0,0,0,0,0,0,0,0,0
10.474,0,0,0,0,0,0,0,0,0,0,0,0,0,0
11.077,0,0,0,0,0,0,0,0,0,0,0,0,0,0
14.927,0,0,0,0,0,0,0,0,0,0,0,0,0,0
11.188,0,0,0,0,0,0,0,0,0,0,0,0,0,0
11.394,0,0,0,0,0,0,0,0,0,0,0,0,0,0
10.787,0,0,0,0,0,0,0,0,0,0,0,0,0,0
15.131,0,0,0,0,0,0,0,0,0,0,0,0,0,0
14.964,0,0,0,0,0,0,0,0,0,0,0,0,0,0
14.424,0,0,0,0,0,0,0,0,0,0,0,0,0,0
14.703,0,0,0,0,0,0,0,0,0,0,0,0,0,0
14.594,0,0,0,0,0,0,0,0,0,0,0,0,0,0
16.558,0,0,0,0,0,0,0,0,0,0,0,0,0,0
14.731,0,0,0,0,0,0,0,0,0,0,0,0,0,0
14.615,0,0,0,0,0,0,0,0,0,0,0,0,0,0
14.624,0,0,0,0,0,0,0,0,0,0,0,0,0,0
14.795,0,0,0,0,0,0,0,0,0,0,0,0,0,0
10.616,0,0,0,0,0,0,0,0,0,0,0,0,0,0
14.48,0,0,0,0,0,0,0,0,0,0,0,0,0,0
14.761,0,0,0,0,0,0,0,0,0,0,0,0,0,0
14.271,0,0,0,0,0,0,0,0,0,0,0,0,0,0
14.983,0,0,0,0,0,0,0,0,0,0,0,0,0,0
14.987,0,0,0,0,0,0,0,0,0,0,0,0,0,0
14.879,0,0,0,0,0,0,0,0,0,0,0,0,0,0
14.76,0,0,0,0,0,0,0,0,0,0,0,0,0,0
14.596,0,0,0,0,0,0,0,0,0,0,0,0,0,0
14.415,0,0,0,0,0,0,0,0,0,0,0,0,0,0
14.565,0,0,0,0,0,0,0,0,0,0,0,0,0,0
14.574,0,0,0,0,0,0,0,0,0,0,0,0,0,0
15.214,0,0,0,0,0,0,0,0,0,0,0,0,0,0
11.129,0,0,0,0,0,0,0,0,0,0,0,0,0,0
14.851,0,0,0,0,0,0,0,0,0,0,0,0,0,0
16.162,0,0,0,0,0,0,0,0,0,0,0,0,0,0
15.53,0,0,0,0,0,0,0,0,0,0,0,0,0,0
14.993,0,0,0,0,0,0,0,0,0,0,0,0,0,0
16.429,0,0,0,0,0,0,0,0,0,0,0,0,0,0
13.613,0,0,0,0,0,0,0,0,0,0,0,0,0,0
14.977,0,0,0,0,0,0,0,0,0,0,0,0,0,0
15.407,0,0,0,0,0,0,0,0,0,0,0,0,0,0
14.73,0,0,0,0,0,0,0,0,0,0,0,0,0,0
15.405,0,0,0,0,0,0,0,0,0,0,0,0,0,0
14.34,0,0,0,0,0,0,0,0,0,0,0,0,0,0
9.2606,0,0,0,0,0,0,0,0,0,0,0,0,0,0
10.265,0,0,0,0,0,0,0,0,0,0,0,0,0,0
12.554,0,0,0,0,0,0,0,0,0,0,0,0,0,0
10.139,0,0,0,0,0,0,0,0,0,0,0,0,0,0
10.788,0,0,0,0,0,0,0,0,0,0,0,0,0,0
9.514,0,0,0,0,0,0,0,0,0,0,0,0,0,0
10.311,0,0,0,0,0,0,0,0,0,0,0,0,0,0
9.9425,0,0,0,0,0,0,0,0,0,0,0,0,0,0
9.8446,0,0,0,0,0,0,0,0,0,0,0,0,0,0
10.2,0,0,0,0,0,0,0,0,0,0,0,0,0,0
11.048,0,0,0,0,0,0,0,0,0,0,0,0,0,0
10.527,0,0,0,0,0,0,0,0,0,0,0,0,0,0
10.327,0,0,0,0,0,0,0,0,0,0,0,0,0,0
14.148,0,0,0,0,0,0,0,0,0,0,0,0,0,0
10.346,0,0,0,0,0,0,0,0,0,0,0,0,0,0
9.9431,0,0,0,0,0,0,0,0,0,0,0,0,0,0
10.905,0,0,0,0,0,0,0,0,0,0,0,0,0,0
13.612,0,0,0,0,0,0,0,0,0,0,0,0,0,0
11.016,0,0,0,0,0,0,0,0,0,0,0,0,0,0
10.563,0,0,0,0,0,0,0,0,0,0,0,0,0,0
10.483,0,0,0,0,0,0,0,0,0,0,0,0,0,0
10.675,0,0,0,0,0,0,0,0,0,0,0,0,0,0
14.964,0,0,0,0,0,0,0,0,0,0,0,0,0,0
10.71,0,0,0,0,0,0,0,0,0,0,0,0,0,0
12.22,0,0,0,0,0,0,0,0,0,0,0,0,0,0
12.814,0,0,0,0,0,0,0,0,0,0,0,0,0,0
10.68,0,0,0,0,0,0,0,0,0,0,0,0,0,0
14.241,0,0,0,0,0,0,0,0,0,0,0,0,0,0
11.932,0,0,0,0,0,0,0,0,0,0,0,0,0,0
11.07,0,0,0,0,0,0,0,0,0,0,0,0,0,0
14.555,0,0,0,0,0,0,0,0,0,0,0,0,0,0
13.954,0,0,0,0,0,0,0,0,0,0,0,0,0,0
13.575,0,0,0,0,0,0,0,0,0,0,0,0,0,0
12.097,0,0,0,0,0,0,0,0,0,0,0,0,0,0
14.324,0,0,0,0,0,0,0,0,0,0,0,0,0,0
12.001,0,0,0,0,0,0,0,0,0,0,0,0,0,0
13.979,0,0,0,0,0,0,0,0,0,0,0,0,0,0
10.615,0,0,0,0,0,0,0,0,0,0,0,0,0,0
11.45,0,0,0,0,0,0,0,0,0,0,0,0,0,0
12.84,0,0,0,0,0,0,0,0,0,0,0,0,0,0
13.717,0,0,0,0,0,0,0,0,0,0,0,0,0,0
14.847,0,0,0,0,0,0,0,0,0,0,0,0,0,0
13.686,0,0,0,0,0,0,0,0,0,0,0,0,0,0
11.365,0,0,0,0,0,0,0,0,0,0,0,0,0,0
10.938,0,0,0,0,0,0,0,0,0,0,0,0,0,0
13.456,0,0,0,0,0,0,0,0,0,0,0,0,0,0
12.882,0,0,0,0,0,0,0,0,0,0,0,0,0,0
13.858,0,0,0,0,0,0,0,0,0,0,0,0,0,0
13.231,0,0,0,0,0,0,0,0,0,0,0,0,0,0
13.59,0,0,0,0,0,0,0,0,0,0,0,0,0,0
13.298,0,0,0,0,0,0,0,0,0,0,0,0,0,0
13.563,0,0,0,0,0,0,0,0,0,0,0,0,0,0
16.415,0,0,0,0,0,0,0,0,0,0,0,0,0,0
13.848,0,0,0,0,0,0,0,0,0,0,0,0,0,0
14.1,0,0,0,0,0,0,0,0,0,0,0,0,0,0
14.727,0,0,0,0,0,0,0,0,0,0,0,0,0,0
13.402,0,0,0,0,0,0,0,0,0,0,0,0,0,0
14.874,0,0,0,0,0,0,0,0,0,0,0,0,0,0
14.807,0,0,0,0,0,0,0,0,0,0,0,0,0,0
14.975,0,0,0,0,0,0,0,0,0,0,0,0,0,0
15.09,0,0,0,0,0,0,0,0,0,0,0,0,0,0
14.192,0,0,0,0,0,0,0,0,0,0,0,0,0,0
15.453,0,0,0,0,0,0,0,0,0,0,0,0,0,0
15.261,0,0,0,0,0,0,0,0,0,0,0,0,0,0
15.507,0,0,0,0,0,0,0,0,0,0,0,0,0,0
14.108,0,0,0,0,0,0,0,0,0,0,0,0,0,0
15.779,0,0,0,0,0,0,0,0,0,0,0,0,0,0
14.345,0,0,0,0,0,0,0,0,0,0,0,0,0,0
14.672,0,0,0,0,0,0,0,0,0,0,0,0,0,0
13.703,0,0,0,0,0,0,0,0,0,0,0,0,0,0
12.521,0,0,0,0,0,0,0,0,0,0,0,0,0,0
9.2309,0,0,0,0,0,0,0,0,0,0,0,0,0,0
9.3687,0,0,0,0,0,0,0,0,0,0,0,0,0,0
9.5583,0,0,0,0,0,0,0,0,0,0,0,0,0,0
9.0551,0,0,0,0,0,0,0,0,0,0,0,0,0,0
12.853,0,0,0,0,0,0,0,0,0,0,0,0,0,0
12.787,0,0,0,0,0,0,0,0,0,0,0,0,0,0
12.629,0,0,0,0,0,0,0,0,0,0,0,0,0,0
13.168,0,0,0,0,0,0,0,0,0,0,0,0,0,0
13.172,0,0,0,0,0,0,0,0,0,0,0,0,0,0
13.15,0,0,0,0,0,0,0,0,0,0,0,0,0,0
12.563,0,0,0,0,0,0,0,0,0,0,0,0,0,0
12.778,0,0,0,0,0,0,0,0,0,0,0,0,0,0
12.656,0,0,0,0,0,0,0,0,0,0,0,0,0,0
12.719,0,0,0,0,0,0,0,0,0,0,0,0,0,0
13.123,0,0,0,0,0,0,0,0,0,0,0,0,0,0
13.848,0,0,0,0,0,0,0,0,0,0,0,0,0,0
12.664,0,0,0,0,0,0,0,0,0,0,0,0,0,0
14.612,0,0,0,0,0,0,0,0,0,0,0,0,0,0
13.726,0,0,0,0,0,0,0,0,0,0,0,0,0,0
13.471,0,0,0,0,0,0,0,0,0,0,0,0,0,0
14.423,0,0,0,0,0,0,0,0,0,0,0,0,0,0
13.899,0,0,0,0,0,0,0,0,0,0,0,0,0,0
14.567,0,0,0,0,0,0,0,0,0,0,0,0,0,0
13.769,0,0,0,0,0,0,0,0,0,0,0,0,0,0
13.5,0,0,0,0,0,0,0,0,0,0,0,0,0,0
14.499,0,0,0,0,0,0,0,0,0,0,0,0,0,0
14.83,0,0,0,0,0,0,0,0,0,0,0,0,0,0
14.557,0,0,0,0,0,0,0,0,0,0,0,0,0,0
16.139,0,0,0,0,0,0,0,0,0,0,0,0,0,0
15.354,0,0,0,0,0,0,0,0,0,0,0,0,0,0
14.912,0,0,0,0,0,0,0,0,0,0,0,0,0,0
15.72,0,0,0,0,0,0,0,0,0,0,0,0,0,0
15.006,0,0,0,0,0,0,0,0,0,0,0,0,0,0
13.614,0,0,0,0,0,0,0,0,0,0,0,0,0,0
13.437,0,0,0,0,0,0,0,0,0,0,0,0,0,0
14.047,0,0,0,0,0,0,0,0,0,0,0,0,0,0
13.873,0,0,0,0,0,0,0,0,0,0,0,0,0,0
13.78,0,0,0,0,0,0,0,0,0,0,0,0,0,0
13.951,0,0,0,0,0,0,0,0,0,0,0,0,0,0
14.62,0,0,0,0,0,0,0,0,0,0,0,0,0,0
14.188,0,0,0,0,0,0,0,0,0,0,0,0,0,0
14.986,0,0,0,0,0,0,0,0,0,0,0,0,0,0
14.932,0,0,0,0,0,0,0,0,0,0,0,0,0,0
14.911,0,0,0,0,0,0,0,0,0,0,0,0,0,0
14.882,0,0,0,0,0,0,0,0,0,0,0,0,0,0
14.88,0,0,0,0,0,0,0,0,0,0,0,0,0,0
15.301,0,0,0,0,0,0,0,0,0,0,0,0,0,0
15.815,0,0,0,0,0,0,0,0,0,0,0,0,0,0
14.783,0,0,0,0,0,0,0,0,0,0,0,0,0,0
15.107,0,0,0,0,0,0,0,0,0,0,0,0,0,0
14.996,0,0,0,0,0,0,0,0,0,0,0,0,0,0
14.565,0,0,0,0,0,0,0,0,0,0,0,0,0,0
14.838,0,0,0,0,0,0,0,0,0,0,0,0,0,0
14.441,0,0,0,0,0,0,0,0,0,0,0,0,0,0
14.625,0,0,0,0,0,0,0,0,0,0,0,0,0,0
13.505,0,0,0,0,0,0,0,0,0,0,0,0,0,0
13.429,0,0,0,0,0,0,0,0,0,0,0,0,0,0
13.168,0,0,0,0,0,0,0,0,0,0,0,0,0,0
14.054,0,0,0,0,0,0,0,0,0,0,0,0,0,0
13.21,0,0,0,0,0,0,0,0,0,0,0,0,0,0
13.152,0,0,0,0,0,0,0,0,0,0,0,0,0,0
13.067,0,0,0,0,0,0,0,0,0,0,0,0,0,0
13.518,0,0,0,0,0,0,0,0,0,0,0,0,0,0
13.172,0,0,0,0,0,0,0,0,0,0,0,0,0,0
13.261,0,0,0,0,0,0,0,0,0,0,0,0,0,0
13.577,0,0,0,0,0,0,0,0,0,0,0,0,0,0
12.939,0,0,0,0,0,0,0,0,0,0,0,0,0,0
13.149,0,0,0,0,0,0,0,0,0,0,0,0,0,0
12.712,0,0,0,0,0,0,0,0,0,0,0,0,0,0
12.75,0,0,0,0,0,0,0,0,0,0,0,0,0,0
12.805,0,0,0,0,0,0,0,0,0,0,0,0,0,0
13.139,0,0,0,0,0,0,0,0,0,0,0,0,0,0
13.176,0,0,0,0,0,0,0,0,0,0,0,0,0,0
12.883,0,0,0,0,0,0,0,0,0,0,0,0,0,0
13.369,0,0,0,0,0,0,0,0,0,0,0,0,0,0
13.256,0,0,0,0,0,0,0,0,0,0,0,0,0,0
13.292,0,0,0,0,0,0,0,0,0,0,0,0,0,0
9.4861,0,0,0,0,0,0,0,0,0,0,0,0,0,0
12.884,0,0,0,0,0,0,0,0,0,0,0,0,0,0
13.322,0,0,0,0,0,0,0,0,0,0,0,0,0,0
12.933,0,0,0,0,0,0,0,0,0,0,0,0,0,0
12.91,0,0,0,0,0,0,0,0,0,0,0,0,0,0
12.965,0,0,0,0,0,0,0,0,0,0,0,0,0,0
12.886,0,0,0,0,0,0,0,0,0,0,0,0,0,0
13.579,0,0,0,0,0,0,0,0,0,0,0,0,0,0
12.885,0,0,0,0,0,0,0,0,0,0,0,0,0,0
12.872,0,0,0,0,0,0,0,0,0,0,0,0,0,0
13.162,0,0,0,0,0,0,0,0,0,0,0,0,0,0
9.1693,0,0,0,0,0,0,0,0,0,0,0,0,0,0
13.269,0,0,0,0,0,0,0,0,0,0,0,0,0,0
12.844,0,0,0,0,0,0,0,0,0,0,0,0,0,0
12.902,0,0,0,0,0,0,0,0,0,0,0,0,0,0
13.33,0,0,0,0,0,0,0,0,0,0,0,0,0,0
12.829,0,0,0,0,0,0,0,0,0,0,0,0,0,0
13,0,0,0,0,0,0,0,0,0,0,0,0,0,0
12.592,0,0,0,0,0,0,0,0,0,0,0,0,0,0
13.24,0,0,0,0,0,0,0,0,0,0,0,0,0,0
13.271,0,0,0,0,0,0,0,0,0,0,0,0,0,0
12.859,0,0,0,0,0,0,0,0,0,0,0,0,0,0
13.265,0,0,0,0,0,0,0,0,0,0,0,0,0,0
12.901,0,0,0,0,0,0,0,0,0,0,0,0,0,0
13.878,0,0,0,0,0,0,0,0,0,0,0,0,0,0
13.677,0,0,0,0,0,0,0,0,0,0,0,0,0,0
12.756,0,0,0,0,0,0,0,0,0,0,0,0,0,0
12.845,0,0,0,0,0,0,0,0,0,0,0,0,0,0
12.994,0,0,0,0,0,0,0,0,0,0,0,0,0,0
13.305,0,0,0,0,0,0,0,0,0,0,0,0,0,0
13.774,0,0,0,0,0,0,0,0,0,0,0,0,0,0
9.428,0,0,0,0,0,0,0,0,0,0,0,0,0,0
9.4664,0,0,0,0,0,0,0,0,0,0,0,0,0,0
9.6416,0,0,0,0,0,0,0,0,0,0,0,0,0,0
9.476,0,0,0,0,0,0,0,0,0,0,0,0,0,0
13.279,0,0,0,0,0,0,0,0,0,0,0,0,0,0
13.765,0,0,0,0,0,0,0,0,0,0,0,0,0,0
13.087,0,0,0,0,0,0,0,0,0,0,0,0,0,0
9.3969,0,0,0,0,0,0,0,0,0,0,0,0,0,0
13.182,0,0,0,0,0,0,0,0,0,0,0,0,0,0
13.319,0,0,0,0,0,0,0,0,0,0,0,0,0,0
13.375,0,0,0,0,0,0,0,0,0,0,0,0,0,0
13.249,0,0,0,0,0,0,0,0,0,0,0,0,0,0
13.727,0,0,0,0,0,0,0,0,0,0,0,0,0,0
13.034,0,0,0,0,0,0,0,0,0,0,0,0,0,0
9.3569,0,0,0,0,0,0,0,0,0,0,0,0,0,0
9.3377,0,0,0,0,0,0,0,0,0,0,0,0,0,0
9.3017,0,0,0,0,0,0,0,0,0,0,0,0,0,0
12.737,0,0,0,0,0,0,0,0,0,0,0,0,0,0
13.028,0,0,0,0,0,0,0,0,0,0,0,0,0,0
13.165,0,0,0,0,0,0,0,0,0,0,0,0,0,0
12.942,0,0,0,0,0,0,0,0,0,0,0,0,0,0
12.895,0,0,0,0,0,0,0,0,0,0,0,0,0,0
12.971,0,0,0,0,0,0,0,0,0,0,0,0,0,0
12.773,0,0,0,0,0,0,0,0,0,0,0,0,0,0
12.745,0,0,0,0,0,0,0,0,0,0,0,0,0,0
12.747,0,0,0,0,0,0,0,0,0,0,0,0,0,0
13.185,0,0,0,0,0,0,0,0,0,0,0,0,0,0
12.995,0,0,0,0,0,0,0,0,0,0,0,0,0,0
12.849,0,0,0,0,0,0,0,0,0,0,0,0,0,0
12.598,0,0,0,0,0,0,0,0,0,0,0,0,0,0
12.68,0,0,0,0,0,0,0,0,0,0,0,0,0,0
12.703,0,0,0,0,0,0,0,0,0,0,0,0,0,0
13.246,0,0,0,0,0,0,0,0,0,0,0,0,0,0
13.48,0,0,0,0,0,0,0,0,0,0,0,0,0,0
13.456,0,0,0,0,0,0,0,0,0,0,0,0,0,0
13.166,0,0,0,0,0,0,0,0,0,0,0,0,0,0
13.782,0,0,0,0,0,0,0,0,0,0,0,0,0,0
10.314,0,0,0,0,0,0,0,0,0,0,0,0,0,0
14.215,0,0,0,0,0,0,0,0,0,0,0,0,0,0
15.105,0,0,0,0,0,0,0,0,0,0,0,0,0,0
11.873,0,0,0,0,0,0,0,0,0,0,0,0,0,0
16.296,0,0,0,0,0,0,0,0,0,0,0,0,0,0
14.028,0,0,0,0,0,0,0,0,0,0,0,0,0,0
15.094,0,0,0,0,0,0,0,0,0,0,0,0,0,0
14.014,0,0,0,0,0,0,0,0,0,0,0,0,0,0
12.447,0,0,0,0,0,0,0,0,0,0,0,0,0,0
13.784,0,0,0,0,0,0,0,0,0,0,0,0,0,0
13.564,0,0,0,0,0,0,0,0,0,0,0,0,0,0
12.433,0,0,0,0,0,0,0,0,0,0,0,0,0,0
14.729,0,0,0,0,0,0,0,0,0,0,0,0,0,0
13.799,0,0,0,0,0,0,0,0,0,0,0,0,0,0
15.235,0,0,0,0,0,0,0,0,0,0,0,0,0,0
14.463,0,0,0,0,0,0,0,0,0,0,0,0,0,0
15.618,0,0,0,0,0,0,0,0,0,0,0,0,0,0
14.39,0,0,0,0,0,0,0,0,0,0,0,0,0,0
14.317,0,0,0,0,0,0,0,0,0,0,0,0,0,0
14.452,0,0,0,0,0,0,0,0,0,0,0,0,0,0
15.049,0,0,0,0,0,0,0,0,0,0,0,0,0,0
13.937,0,0,0,0,0,0,0,0,0,0,0,0,0,0
13.845,0,0,0,0,0,0,0,0,0,0,0,0,0,0
14.7,0,0,0,0,0,0,0,0,0,0,0,0,0,0
14.981,0,0,0,0,0,0,0,0,0,0,0,0,0,0
10.932,0,0,0,0,0,0,0,0,0,0,0,0,0,0
14.891,0,0,0,0,0,0,0,0,0,0,0,0,0,0
14.783,0,0,0,0,0,0,0,0,0,0,0,0,0,0
14.523,0,0,0,0,0,0,0,0,0,0,0,0,0,0
14.586,0,0,0,0,0,0,0,0,0,0,0,0,0,0
10.66,0,0,0,0,0,0,0,0,0,0,0,0,0,0
13.996,0,0,0,0,0,0,0,0,0,0,0,0,0,0
14.562,0,0,0,0,0,0,0,0,0,0,0,0,0,0
10.785,0,0,0,0,0,0,0,0,0,0,0,0,0,0
15.192,0,0,0,0,0,0,0,0,0,0,0,0,0,0
15.305,0,0,0,0,0,0,0,0,0,0,0,0,0,0
10.713,0,0,0,0,0,0,0,0,0,0,0,0,0,0
15.017,0,0,0,0,0,0,0,0,0,0,0,0,0,0
14.274,0,0,0,0,0,0,0,0,0,0,0,0,0,0
14.449,0,0,0,0,0,0,0,0,0,0,0,0,0,0
9.8613,0,0,0,0,0,0,0,0,0,0,0,0,0,0
10.641,0,0,0,0,0,0,0,0,0,0,0,0,0,0
13.624,0,0,0,0,0,0,0,0,0,0,0,0,0,0
13.598,0,0,0,0,0,0,0,0,0,0,0,0,0,0
13.814,0,0,0,0,0,0,0,0,0,0,0,0,0,0
15.168,0,0,0,0,0,0,0,0,0,0,0,0,0,0
14.959,0,0,0,0,0,0,0,0,0,0,0,0,0,0
14.31,0,0,0,0,0,0,0,0,0,0,0,0,0,0
14.463,0,0,0,0,0,0,0,0,0,0,0,0,0,0
14.522,0,0,0,0,0,0,0,0,0,0,0,0,0,0
10.745,0,0,0,0,0,0,0,0,0,0,0,0,0,0
14.364,0,0,0,0,0,0,0,0,0,0,0,0,0,0
10.679,0,0,0,0,0,0,0,0,0,0,0,0,0,0
15.139,0,0,0,0,0,0,0,0,0,0,0,0,0,0
14.495,0,0,0,0,0,0,0,0,0,0,0,0,0,0
14.222,0,0,0,0,0,0,0,0,0,0,0,0,0,0
14.112,0,0,0,0,0,0,0,0,0,0,0,0,0,0
14.464,0,0,0,0,0,0,0,0,0,0,0,0,0,0
14.394,0,0,0,0,0,0,0,0,0,0,0,0,0,0
14.453,0,0,0,0,0,0,0,0,0,0,0,0,0,0
14.227,0,0,0,0,0,0,0,0,0,0,0,0,0,0
15.234,0,0,0,0,0,0,0,0,0,0,0,0,0,0
15.113,0,0,0,0,0,0,0,0,0,0,0,0,0,0
14.471,0,0,0,0,0,0,0,0,0,0,0,0,0,0
14.388,0,0,0,0,0,0,0,0,0,0,0,0,0,0
14.486,0,0,0,0,0,0,0,0,0,0,0,0,0,0
14.436,0,0,0,0,0,0,0,0,0,0,0,0,0,0
14.751,0,0,0,0,0,0,0,0,0,0,0,0,0,0
14.395,0,0,0,0,0,0,0,0,0,0,0,0,0,0
14.143,0,0,0,0,0,0,0,0,0,0,0,0,0,0
14.416,0,0,0,0,0,0,0,0,0,0,0,0,0,0
14.699,0,0,0,0,0,0,0,0,0,0,0,0,0,0
14.893,0,0,0,0,0,0,0,0,0,0,0,0,0,0
14.554,0,0,0,0,0,0,0,0,0,0,0,0,0,0
14.235,0,0,0,0,0,0,0,0,0,0,0,0,0,0
14.634,0,0,0,0,0,0,0,0,0,0,0,0,0,0
14.667,0,0,0,0,0,0,0,0,0,0,0,0,0,0
14.463,0,0,0,0,0,0,0,0,0,0,0,0,0,0
14.825,0,0,0,0,0,0,0,0,0,0,0,0,0,0
14.372,0,0,0,0,0,0,0,0,0,0,0,0,0,0
14.397,0,0,0,0,0,0,0,0,0,0,0,0,0,0
14.133,0,0,0,0,0,0,0,0,0,0,0,0,0,0
14.146,0,0,0,0,0,0,0,0,0,0,0,0,0,0
14.135,0,0,0,0,0,0,0,0,0,0,0,0,0,0
14.526,0,0,0,0,0,0,0,0,0,0,0,0,0,0
14.351,0,0,0,0,0,0,0,0,0,0,0,0,0,0
14.211,0,0,0,0,0,0,0,0,0,0,0,0,0,0
14.528,0,0,0,0,0,0,0,0,0,0,0,0,0,0
14.092,0,0,0,0,0,0,0,0,0,0,0,0,0,0
14.534,0,0,0,0,0,0,0,0,0,0,0,0,0,0
13.939,0,0,0,0,0,0,0,0,0,0,0,0,0,0
13.975,0,0,0,0,0,0,0,0,0,0,0,0,0,0
14.232,0,0,0,0,0,0,0,0,0,0,0,0,0,0
14.103,0,0,0,0,0,0,0,0,0,0,0,0,0,0
14.35,0,0,0,0,0,0,0,0,0,0,0,0,0,0
14.118,0,0,0,0,0,0,0,0,0,0,0,0,0,0
14.427,0,0,0,0,0,0,0,0,0,0,0,0,0,0
14.475,0,0,0,0,0,0,0,0,0,0,0,0,0,0
14.288,0,0,0,0,0,0,0,0,0,0,0,0,0,0
14.374,0,0,0,0,0,0,0,0,0,0,0,0,0,0
14.345,0,0,0,0,0,0,0,0,0,0,0,0,0,0
14.247,0,0,0,0,0,0,0,0,0,0,0,0,0,0
14.106,0,0,0,0,0,0,0,0,0,0,0,0,0,0
14.196,0,0,0,0,0,0,0,0,0,0,0,0,0,0
14.341,0,0,0,0,0,0,0,0,0,0,0,0,0,0
14.305,0,0,0,0,0,0,0,0,0,0,0,0,0,0
14.67,0,0,0,0,0,0,0,0,0,0,0,0,0,0
14.142,0,0,0,0,0,0,0,0,0,0,0,0,0,0
15.128,0,0,0,0,0,0,0,0,0,0,0,0,0,0
14.618,0,0,0,0,0,0,0,0,0,0,0,0,0,0
14.761,0,0,0,0,0,0,0,0,0,0,0,0,0,0
14.271,0,0,0,0,0,0,0,0,0,0,0,0,0,0
14.934,0,0,0,0,0,0,0,0,0,0,0,0,0,0
16.02,0,0,0,0,0,0,0,0,0,0,0,0,0,0
16.169,0,0,0,0,0,0,0,0,0,0,0,0,0,0
15.548,0,0,0,0,0,0,0,0,0,0,0,0,0,0
15.521,0,0,0,0,0,0,0,0,0,0,0,0,0,0
15.424,0,0,0,0,0,0,0,0,0,0,0,0,0,0
15.305,0,0,0,0,0,0,0,0,0,0,0,0,0,0
14.975,0,0,0,0,0,0,0,0,0,0,0,0,0,0
15.134,0,0,0,0,0,0,0,0,0,0,0,0,0,0
11.824,0,0,0,0,0,0,0,0,0,0,0,0,0,0
15.691,0,0,0,0,0,0,0,0,0,0,0,0,0,0
15.028,0,0,0,0,0,0,0,0,0,0,0,0,0,0
15.203,0,0,0,0,0,0,0,0,0,0,0,0,0,0
15.191,0,0,0,0,0,0,0,0,0,0,0,0,0,0
14.472,0,0,0,0,0,0,0,0,0,0,0,0,0,0
12.341,0,0,0,0,0,0,0,0,0,0,0,0,0,0
15.122,0,0,0,0,0,0,0,0,0,0,0,0,0,0
16.268,0,0,0,0,0,0,0,0,0,0,0,0,0,0
15.865,0,0,0,0,0,0,0,0,0,0,0,0,0,0
15.97,0,0,0,0,0,0,0,0,0,0,0,0,0,0
16.384,0,0,0,0,0,0,0,0,0,0,0,0,0,0
15.518,0,0,0,0,0,0,0,0,0,0,0,0,0,0
16.119,0,0,0,0,0,0,0,0,0,0,0,0,0,0
15.954,0,0,0,0,0,0,0,0,0,0,0,0,0,0
15.885,0,0,0,0,0,0,0,0,0,0,0,0,0,0
16.464,0,0,0,0,0,0,0,0,0,0,0,0,0,0
15.102,0,0,0,0,0,0,0,0,0,0,0,0,0,0
15.447,0,0,0,0,0,0,0,0,0,0,0,0,0,0
15.566,0,0,0,0,0,0,0,0,0,0,0,0,0,0
15.565,0,0,0,0,0,0,0,0,0,0,0,0,0,0
16.051,0,0,0,0,0,0,0,0,0,0,0,0,0,0
15.304,0,0,0,0,0,0,0,0,0,0,0,0,0,0
14.754,0,0,0,0,0,0,0,0,0,0,0,0,0,0
16.215,0,0,0,0,0,0,0,0,0,0,0,0,0,0
14.799,0,0,0,0,0,0,0,0,0,0,0,0,0,0
16.121,0,0,0,0,0,0,0,0,0,0,0,0,0,0
16.356,0,0,0,0,0,0,0,0,0,0,0,0,0,0
17.664,0,0,0,0,0,0,0,0,0,0,0,0,0,0
16.62,0,0,0,0,0,0,0,0,0,0,0,0,0,0
16.451,0,0,0,0,0,0,0,0,0,0,0,0,0,0
16.667,0,0,0,0,0,0,0,0,0,0,0,0,0,0
17.244,0,0,0,0,0,0,0,0,0,0,0,0,0,0
15.712,0,0,0,0,0,0,0,0,0,0,0,0,0,0
14.862,0,0,0,0,0,0,0,0,0,0,0,0,0,0
16.244,0,0,0,0,0,0,0,0,0,0,0,0,0,0
15.125,0,0,0,0,0,0,0,0,0,0,0,0,0,0
13.216,0,0,0,0,0,0,0,0,0,0,0,0,0,0
15.735,0,0,0,0,0,0,0,0,0,0,0,0,0,0
15.043,0,0,0,0,0,0,0,0,0,0,0,0,0,0
14.701,0,0,0,0,0,0,0,0,0,0,0,0,0,0
15.33,0,0,0,0,0,0,0,0,0,0,0,0,0,0
13.907,0,0,0,0,0,0,0,0,0,0,0,0,0,0
NaN,0,0,0,0,0,0,0,0,0,0,0,0,0,0
NaN,0,0,0,0,0,0,0,0,0,0,0,0,0,0
NaN,0,0,0,0,0,0,0,0,0,0,0,0,0,0
NaN,0,0,0,0,0,0,0,0,0,0,0,0,0,0
1.0196,0,0,0,0,0,0,0,0,0,0,0,0,0,0
42.704,0,0,0,0,0,0,0,0,0,0,0,0,0,0
15.149,0,0,0,0,0,0,0,0,0,0,0,0,0,0
14.834,0,0,0,0,0,0,0,0,0,0,0,0,0,0
14.151,0,0,0,0,0,0,0,0,0,0,0,0,0,0
18.378,0,0,0,0,0,0,0,0,0,0,0,0,0,0
17.583,0,0,0,0,0,0,0,0,0,0,0,0,0,0
16.679,0,0,0,0,0,0,0,0,0,0,0,0,0,0
16.029,0,0,0,0,0,0,0,0,0,0,0,0,0,0
16.191,0,0,0,0,0,0,0,0,0,0,0,0,0,0
17.477,0,0,0,0,0,0,0,0,0,0,0,0,0,0
20.509,0,0,0,0,0,0,0,0,0,0,0,0,0,0
17.874,0,0,0,0,0,0,0,0,0,0,0,0,0,0
16.831,0,0,0,0,0,0,0,0,0,0,0,0,0,0
16.525,0,0,0,0,0,0,0,0,0,0,0,0,0,0
16.239,0,0,0,0,0,0,0,0,0,0,0,0,0,0
18.638,0,0,0,0,0,0,0,0,0,0,0,0,0,0
18.025,0,0,0,0,0,0,0,0,0,0,0,0,0,0
18.402,0,0,0,0,0,0,0,0,0,0,0,0,0,0
15.508,0,0,0,0,0,0,0,0,0,0,0,0,0,0
19.372,0,0,0,0,0,0,0,0,0,0,0,0,0,0
18.289,0,0,0,0,0,0,0,0,0,0,0,0,0,0
18.394,0,0,0,0,0,0,0,0,0,0,0,0,0,0
18.535,0,0,0,0,0,0,0,0,0,0,0,0,0,0
18.605,0,0,0,0,0,0,0,0,0,0,0,0,0,0
17.946,0,0,0,0,0,0,0,0,0,0,0,0,0,0
18.284,0,0,0,0,0,0,0,0,0,0,0,0,0,0
18.698,0,0,0,0,0,0,0,0,0,0,0,0,0,0
18.185,0,0,0,0,0,0,0,0,0,0,0,0,0,0
18.485,0,0,0,0,0,0,0,0,0,0,0,0,0,0
18.349,0,0,0,0,0,0,0,0,0,0,0,0,0,0
19.77,0,0,0,0,0,0,0,0,0,0,0,0,0,0
