1
755.527,342.28,738.917,260.895,907.41,226.508,924.019,307.894
746.484,349.489,730.187,258.57,910.397,226.268,926.694,317.187
734.881,351.902,731.922,249.814,916.376,244.467,919.335,346.556
729,344,729,250,928,250,928,344
732,343,732,250,922,250,922,343
730.721,349.934,722.524,259.771,921.967,241.639,930.164,331.803
728,340,728,249,933,249,933,340
728,336,728,249,933,249,933,336
734.049,349.439,723.732,256.585,921.951,234.561,932.268,327.415
730,341,730,244,929,244,929,341
729,340,729,244,930,244,930,340
727,336,727,244,929,244,929,336
733.99,347.901,724.624,254.238,924.426,234.257,933.792,327.921
728,333,728,241,929,241,929,333
742.12,356.737,723.189,264.993,920.471,224.284,939.403,316.028
735.658,347.789,724.875,252.901,926.297,230.012,937.08,324.9
742.036,360.305,721.172,264.931,918.302,221.809,939.165,317.183
730,328,730,234,933,234,933,328
734.714,340.259,725.077,247.742,927.547,226.651,937.184,319.168
736.234,342.796,724.095,249.727,925.495,223.457,937.634,316.526
730.54,322.824,728.732,229.704,936.256,225.675,938.064,318.795
731.803,324.12,729.113,229.968,934.86,224.09,937.55,318.241
730.058,325.316,726.863,230.734,935.638,223.681,938.833,318.262
730.588,323.804,728.649,228.824,935.176,224.609,937.114,319.59
805.436,350.149,778.013,246.336,945.797,202.016,973.219,305.829
834.428,355.089,789.058,249.964,937.503,185.898,982.873,291.023
822.934,350.048,782.709,250.543,937.9,187.806,978.126,287.311
837.666,357.565,790.255,249.511,937.618,184.851,985.03,292.905
836.917,359.037,790.121,255.046,934.985,189.857,981.782,293.848
844.948,359.37,796.872,249.801,941.044,186.542,989.12,296.111
816,325,816,208,959,208,959,325
952,330,816.34,310.62,832.04,200.72,967.7,220.1
827,322,827,210,959,210,959,322
829,324,829,219,959,219,959,324
824,323,824,222,959,222,959,323
826,324,826,219,959,219,959,324
952.336,327.742,815.423,279.061,847.64,188.45,984.554,237.13
953.423,328.41,818.133,279.448,850.955,188.755,986.245,237.717
956.884,319.309,821.25,280.046,847.453,189.526,983.088,228.788
823,316,823,214,959,214,959,316
953.218,322.467,820.671,294.562,841.637,194.976,974.183,222.881
823,314,823,214,959,214,959,314
830,316,830,211,959,211,959,316
845,318,845,209,959,209,959,318
833,311,833,210,959,210,959,311
828,312,828,210,959,210,959,312
828,311,828,207,959,207,959,311
835,316,835,204,959,204,959,316
828,318,828,204,959,204,959,318
855,326,855,195,959,195,959,326
837,314,837,196,959,196,959,314
841,323,841,196,959,196,959,323
863,326,863,182,959,182,959,326
870,322,870,199,959,199,959,322
871,320,871,199,959,199,959,320
876,319,876,196,959,196,959,319
883,315,883,193,959,193,959,315
898,334,898,193,959,193,959,334
897,329,897,195,959,195,959,329
898,323,898,199,959,199,959,323
902,319,902,199,959,199,959,319
905,321,905,196,959,196,959,321
906,330,906,199,959,199,959,330
909,332,909,202,959,202,959,332
905,320,905,198,959,198,959,320
906,322,906,201,959,201,959,322
904,331,904,208,959,208,959,331
904,327,904,208,959,208,959,327
903,323,903,204,959,204,959,323
902,326,902,205,959,205,959,326
903,329,903,205,959,205,959,329
903,321,903,202,959,202,959,321
906,327,906,199,959,199,959,327
908,326,908,203,959,203,959,326
908,331,908,203,959,203,959,331
906,319,906,196,959,196,959,319
908,322,908,200,959,200,959,322
907,324,907,200,959,200,959,324
906,323,906,200,959,200,959,323
907,326,907,201,959,201,959,326
892,315,892,202,959,202,959,315
890,317,890,202,959,202,959,317
888,320,888,199,959,199,959,320
887,319,887,200,959,200,959,319
887,318,887,201,959,201,959,318
882,317,882,201,959,201,959,317
876,316,876,201,959,201,959,316
881,318,881,200,959,200,959,318
869,317,869,200,959,200,959,317
878,322,878,200,959,200,959,322
876,324,876,194,959,194,959,324
875,323,875,198,959,198,959,323
882,325,882,191,959,191,959,325
886,320,886,194,959,194,959,320
885,322,885,194,959,194,959,322
886,325,886,198,959,198,959,325
886,328,886,188,959,188,959,328
888,328,888,191,959,191,959,328
890,325,890,185,959,185,959,325
891,333,891,186,959,186,959,333
885,325,885,184,959,184,959,325
889,327,889,186,959,186,959,327
881,324,881,194,959,194,959,324
881,327,881,195,959,195,959,327
888,323,888,193,959,193,959,323
881,326,881,198,959,198,959,326
885,321,885,198,959,198,959,321
885,324,885,198,959,198,959,324
890,327,890,191,959,191,959,327
885,323,885,195,959,195,959,323
889,322,889,199,959,199,959,322
888,324,888,205,959,205,959,324
886,332,886,204,959,204,959,332
881,327,881,204,959,204,959,327
885,333,885,201,959,201,959,333
884,325,884,205,959,205,959,325
888,334,888,208,959,208,959,334
890,326,890,205,959,205,959,326
885,322,885,209,959,209,959,322
888,331,888,207,959,207,959,331
881,329,881,207,959,207,959,329
877,321,877,204,959,204,959,321
877,323,877,204,959,204,959,323
877,323,877,205,959,205,959,323
880,329,880,202,959,202,959,329
872,328,872,202,959,202,959,328
869,327,869,202,959,202,959,327
877,329,877,202,959,202,959,329
878,324,878,202,959,202,959,324
881,326,881,202,959,202,959,326
877,322,877,202,959,202,959,322
878,321,878,202,959,202,959,321
879,320,879,202,959,202,959,320
880,319,880,202,959,202,959,319
877,320,877,205,959,205,959,320
877,319,877,205,959,205,959,319
877,318,877,205,959,205,959,318
877,317,877,205,959,205,959,317
876,319,876,202,959,202,959,319
876,318,876,202,959,202,959,318
876,320,876,202,959,202,959,320
876,325,876,202,959,202,959,325
878,321,878,199,959,199,959,321
877,323,877,199,959,199,959,323
878,319,878,199,959,199,959,319
875,321,875,202,959,202,959,321
876,321,876,199,959,199,959,321
876,320,876,199,959,199,959,320
883,323,883,199,959,199,959,323
884,319,884,199,959,199,959,319
884,321,884,199,959,199,959,321
884,320,884,202,959,202,959,320
884,322,884,202,959,202,959,322
884,321,884,199,959,199,959,321
884,320,884,199,959,199,959,320
886,319,886,196,959,196,959,319
888,322,888,197,959,197,959,322
888,321,888,197,959,197,959,321
890,323,890,198,959,198,959,323
889,322,889,198,959,198,959,322
887,324,887,201,959,201,959,324
887,319,887,201,959,201,959,319
886,318,886,201,959,201,959,318
885,317,885,201,959,201,959,317
885,316,885,201,959,201,959,316
884,324,884,197,959,197,959,324
875,319,875,197,959,197,959,319
872,321,872,197,959,197,959,321
869,323,869,197,959,197,959,323
869,322,869,197,959,197,959,322
869,325,869,194,959,194,959,325
869,322,869,196,959,196,959,322
869,321,869,196,959,196,959,321
869,323,869,199,959,199,959,323
871,319,871,196,959,196,959,319
868,319,868,200,959,200,959,319
868,315,868,197,959,197,959,315
878,321,878,197,959,197,959,321
877,317,877,200,959,200,959,317
874,315,874,203,959,203,959,315
875,320,875,203,959,203,959,320
872,320,872,203,959,203,959,320
874,319,874,204,959,204,959,319
874,318,874,204,959,204,959,318
868,320,868,204,959,204,959,320
870,325,870,204,959,204,959,325
870,324,870,204,959,204,959,324
870,323,870,204,959,204,959,323
870,323,870,205,959,205,959,323
856,322,856,212,959,212,959,322
851,318,851,212,959,212,959,318
843,314,843,215,959,215,959,314
841,312,841,215,959,215,959,312
835,309,835,218,959,218,959,309
828,309,828,221,959,221,959,309
826,313,826,219,959,219,959,313
825,315,825,219,959,219,959,315
825,317,825,219,959,219,959,317
820,319,820,216,959,216,959,319
803,318,803,219,959,219,959,318
784,316,784,221,959,221,959,316
775,317,775,223,959,223,959,317
803,318,803,220,959,220,959,318
958.93,321.085,781.582,309.717,787.431,218.476,964.779,229.845
778,311,778,224,959,224,959,311
789.247,320.061,784.716,227.184,958.936,218.686,963.466,311.563
738.483,314.691,734.073,233.54,957.608,221.391,962.019,302.543
729.472,313.754,726.108,225.173,958.747,216.339,962.111,304.92
731.601,321.846,723.169,234.157,958.379,211.54,966.81,299.23
726,306,726,214,959,214,959,306
727.403,316.304,722.531,224.449,958.889,211.915,963.76,303.77
726.228,314.436,721.172,227.222,958.852,213.443,963.908,300.658
720.261,314.266,717.322,225.11,958.972,217.144,961.911,306.3
730,316,730,219,959,219,959,316
733,315,733,220,959,220,959,315
732,314,732,220,959,220,959,314
727,318,727,223,959,223,959,318
718.698,314.485,716.888,227.648,958.992,222.604,960.801,309.442
729,317,729,225,959,225,959,317
722.984,320.736,717.779,235.728,958.937,220.963,964.141,305.971
729.45,321.402,724.594,235.386,958.953,222.156,963.808,308.172
718,319,718,228,959,228,959,319
719.589,318.691,714.711,236.365,958.285,221.931,963.163,304.257
954.216,318.444,726.633,294.488,734.748,217.395,962.332,241.351
956.666,314.344,726.817,301.967,730.708,229.707,960.557,242.084
958.183,321.384,721.452,291.104,731.329,213.879,968.061,244.159
955.05,317.082,715.686,294.066,723.352,214.342,962.716,237.357
737.27,334.168,725.854,255.254,957.941,221.681,969.357,300.596
724,317,724,233,959,233,959,317
723,314,723,231,959,231,959,314
722,317,722,226,959,226,959,317
726.319,322.233,723.709,224.794,958.986,218.492,961.596,315.931
716,318,716,208,959,208,959,318
719,323,719,202,959,202,959,323
707.76,313.867,703.704,198.952,958.963,189.943,963.019,304.858
715.827,335.522,702.151,230.018,958.455,196.793,972.131,302.298
717,310,717,204,959,204,959,310
712,309,712,207,959,207,959,309
716.372,317.836,712.11,212.712,958.947,202.705,963.209,307.829
958.69,325.724,716.405,317.992,719.494,221.186,961.779,228.919
958.598,322.73,698.586,300.654,705.337,221.142,965.349,243.218
958.99,318.075,716.706,316.864,717.104,237.316,959.387,238.527
958.963,319.632,706.736,313.932,708.286,245.334,960.513,251.034
958.962,318.662,705.746,312.874,707.292,245.247,960.508,251.035
710,318,710,256,959,256,959,318
709,319,709,256,959,256,959,319
2
0
0
0
0
1
554.345,341.298,431.191,250.271,476.122,189.482,599.276,280.509
570.69,316.825,433.463,298.528,441.638,237.218,578.865,255.515
569.636,318.094,426.007,285.707,438.907,228.499,582.536,260.885
568.655,311.772,421.597,295.291,427.944,238.649,575.003,255.13
566.481,314.002,419.463,293.198,427.465,236.651,574.483,257.455
565.563,304.336,420.095,297.871,422.576,242.048,568.044,248.513
567.158,304.89,418.025,292.002,422.793,236.822,571.926,249.71
568.611,300.93,421.428,299.019,422.122,245.586,569.305,247.497
563.275,303.289,421.983,299.666,423.379,245.215,564.671,248.838
565.697,301.366,418.459,294.355,420.862,243.898,568.1,250.91
417,298,417,250,570,250,570,298
417,297,417,250,569,250,569,297
418.244,302.716,416.268,252.342,563.121,246.583,565.096,296.957
416,300,416,250,571,250,571,300
415.478,308.042,411.442,258.096,568.497,245.404,572.533,295.351
426.486,305.266,423.514,254.734,567.604,246.259,570.576,296.79
429.752,312.926,421.013,263.409,562.433,238.453,571.171,287.97
426.077,315.385,416.385,266.923,557.539,238.692,567.231,287.154
427.948,319.452,415.985,269.604,550.365,237.352,562.328,287.201
423.32,316.609,412.191,267.638,555.039,235.173,566.169,284.143
425.726,314.473,412.531,264.992,565.394,224.228,578.589,273.71
407.368,311.024,397.672,257.696,554.224,229.232,563.92,282.56
411.735,309.687,402.198,256.867,566.253,227.246,575.79,280.066
389,296,389,242,564,242,564,296
406.059,301.765,401.847,247.012,561.212,234.753,565.424,289.506
423.273,322.993,398.222,277.792,540.562,198.905,565.613,244.106
424.738,322.292,397.723,275.015,532.769,197.846,559.785,245.123
414.221,308.218,399.276,254.843,543.786,214.38,558.731,267.755
397.9,313.7,381.5,264.5,554.9,206.7,571.3,255.9
402.205,311.548,383.507,261.685,548.219,199.918,566.918,249.781
401.398,307.715,383.253,256.909,547.769,198.154,565.914,248.959
417.692,319.538,386.308,272.461,526.615,178.923,558,226
395.897,314.774,373.363,265.199,532.712,192.767,555.247,242.342
418.897,327.348,386.528,267.589,517.674,196.552,550.043,256.31
415.33,321.702,384.921,265.636,522.265,191.145,552.674,247.211
413.903,322.478,384.132,264.589,528.651,190.265,558.422,248.154
405.474,325.042,375.002,265.226,511.936,195.467,542.408,255.283
397.768,320.884,373.863,257.443,522.954,201.264,546.86,264.705
397.29,316.105,376.894,249.549,522.612,204.893,543.008,271.449
398.662,318.068,377.46,251.813,519.949,206.216,541.151,272.472
402.412,325.647,375.305,263.302,511.44,204.113,538.547,266.458
410.771,336.373,376.371,272.159,502.607,204.532,537.007,268.746
405,331,374.2,269.4,504.2,204.4,535,266
424.52,340.36,379.64,280.52,486.2,200.6,531.08,260.44
428.434,340.4,380.18,282.092,481.363,198.355,529.617,256.662
424.262,341.179,381.406,280.35,489.014,204.536,531.87,265.364
427.539,345.008,378.023,289.597,479.026,199.339,528.542,254.749
407.431,337.754,372.785,277.123,494.046,207.831,528.692,268.461
424.144,347.271,375.017,292.685,476.674,201.193,525.801,255.779
421.173,349.122,371.266,293.273,472.849,202.497,522.756,258.346
418.89,353.876,368.241,296.897,471.71,204.924,522.359,261.904
402.683,342.897,367.747,274.318,487.469,213.327,522.405,281.907
399.757,340.66,365.485,276.149,486.612,211.8,520.884,276.311
397.256,338.814,365.944,277.839,488.173,215.073,519.484,276.049
405.421,344.006,365.958,289.885,477.096,208.846,516.559,262.967
402.919,348.953,362.777,287.195,468.014,218.791,508.156,280.548
414.77,348.349,369.247,292.205,469.681,210.773,515.203,266.917
392.639,336.577,365.053,271.553,487.5,219.606,515.086,284.63
407.286,348.739,365.494,289.534,473.933,212.988,515.725,272.194
406.993,345.705,366.356,287.651,477.228,210.04,517.866,268.094
398.639,345.351,359.844,285.395,473.122,212.098,511.917,272.054
401.45,347.885,358.178,291.632,466.818,208.063,510.089,264.316
393.852,345.255,356.334,288.228,474.136,210.726,511.654,267.754
396.126,344.869,356.911,288.497,470.768,209.292,509.983,265.664
392.304,342.976,357.002,280.047,475.921,213.337,511.222,276.266
404.04,348.72,359.52,289.36,461.92,212.56,506.44,271.92
388.564,344.998,353.896,281.209,472.68,216.652,507.348,280.441
413.979,356.705,360.286,299.759,454.578,210.855,508.271,267.802
384.436,347.453,349.234,279.758,469.511,217.214,504.713,284.909
392.761,346.961,353.537,277.566,467.087,213.385,506.311,282.781
408.572,353.826,357.279,299.683,457.854,204.401,509.147,258.544
391.868,346.093,355.414,279.935,471.057,216.214,507.511,282.372
389.432,345.215,355.295,279.567,478.72,215.385,512.858,281.034
388.2,343.4,355.4,277.8,479,216,511.8,281.6
407.034,352.219,359.298,300.143,462.091,205.917,509.826,257.992
392.889,352.512,352.408,296.007,473.625,209.164,514.107,265.67
379.613,348.393,344.86,286.905,473.271,214.325,508.024,275.812
385.809,350.48,347.534,290.942,472.271,210.755,510.545,270.292
390.264,346.537,353.141,287.578,474.933,210.894,512.056,269.854
390.336,349.649,351.191,293.541,471.291,209.751,510.436,265.858
392.797,349.444,351.079,292.707,464.495,209.313,506.213,266.049
393.833,353.036,350.564,299.213,466.01,206.403,509.28,260.226
383.092,347.14,344.461,288.354,469.496,206.189,508.126,264.974
377.804,343.985,343.994,283.878,473.988,210.757,507.798,270.863
401.047,354.793,351.354,302.26,458.332,201.065,508.025,253.598
382.652,340.519,347.245,280.886,476.469,204.159,511.877,263.792
379.481,338.686,346.96,277.257,478.962,207.373,511.484,268.803
384.03,340.649,347.804,280.876,474.197,204.275,510.422,264.047
379.981,343.44,344.603,285.17,470.877,208.503,506.255,266.774
366.179,342.704,335.973,283.109,475.903,212.186,506.108,271.781
388.638,340.548,348.86,284.391,466.252,201.238,506.03,257.395
378.115,337.37,345.874,281.538,476.995,205.82,509.236,261.652
379.629,338.76,345.597,282.568,474.655,204.406,508.686,260.598
379.115,337.37,347.124,281.971,476.312,207.369,508.303,262.769
382.551,332.843,348.384,275.247,469.155,203.603,503.322,261.199
358.913,336.82,331.77,280.444,469.536,214.113,496.679,270.488
349.737,331.234,327.973,273.713,476.375,217.561,498.139,275.082
342.118,321.471,327,261,485.353,221.412,500.471,281.882
355.236,323.096,337.36,255.168,486.653,215.881,504.529,283.808
334.255,324.612,318.653,264.154,487.504,220.579,503.106,281.037
358.779,333.159,328.199,274.548,471.565,199.749,502.144,258.36
348.151,322.528,330.302,260.057,484.83,215.906,502.679,278.377
351.412,317.647,335.53,254.118,488.471,215.882,504.353,279.412
350.606,323.588,329.98,264.657,484.813,210.465,505.439,269.396
368.48,338.64,330.56,288.08,460.16,190.88,498.08,241.44
343.504,329.946,319.485,272.901,474.703,207.546,498.722,264.591
339.42,328.188,316.915,275.944,478.279,206.434,500.784,258.678
339.845,329.402,316.505,276.887,477.021,205.546,500.361,258.062
344.654,331.05,320.542,277.152,478.221,206.612,502.333,260.509
341.53,333.163,319.115,276.466,477.961,213.667,500.376,270.363
337.737,317.94,325.174,260.991,490.161,224.597,502.723,281.546
341.358,318.309,329.234,259.422,493.817,225.538,505.94,284.424
341.822,318.598,329.601,259.123,493.029,225.542,505.25,285.017
343.41,320.444,330.635,265.084,489.702,228.376,502.478,283.736
343.882,321.529,330.059,266.235,487.941,226.765,501.765,282.059
343.882,321.529,330.059,266.235,487.235,226.941,501.059,282.235
334.573,314.673,330.239,249.108,473.776,239.618,478.111,305.183
328.036,317.232,323.565,247.177,468.675,237.914,473.147,307.969
325.432,318.5,319.688,250.29,469.708,237.656,475.452,305.867
321.414,318.966,315.683,250.193,460.676,238.11,466.407,306.883
318.805,320.756,312.659,250.073,451.953,237.961,458.099,308.644
317.982,320.771,312.365,247.741,447.029,237.382,452.647,310.412
313.584,319.994,308.585,245.837,442.515,236.808,447.515,310.965
308.854,315.779,305.571,243.565,441.608,237.381,444.891,309.596
310.221,317.319,305.438,245.571,440.438,236.571,445.221,308.319
323.527,319.9,316.156,244.351,439.156,232.351,446.527,307.9
319.277,324.215,309.985,249.877,434.292,234.339,443.585,308.677
318.536,319.272,309.281,248.937,430.084,233.042,439.339,303.376
326.835,319.674,311.825,253.631,427.141,227.422,442.151,293.466
323.319,315.002,314.172,247.931,428.233,232.377,437.379,299.448
322.949,312.399,309.774,249.346,422.451,225.801,435.626,288.854
317.965,305.949,309.604,245.749,422.046,230.133,430.407,290.332
327.862,306.541,310.495,248.651,412.973,217.908,430.34,275.798
322.515,306.151,314.121,246.689,417.45,232.101,425.844,291.563
314.944,303.884,305.969,248.655,420.702,230.011,429.677,285.24
311.147,301.4,305.981,242.352,419.598,232.41,424.765,291.458
312.639,301.547,306.937,243.104,419.427,232.129,425.129,290.573
314.295,305.468,306.661,246.693,417.353,232.318,424.986,291.093
315.582,307.008,307.133,250.169,418.999,233.541,427.448,290.379
332.189,316.807,304.24,271.391,401.712,211.408,429.661,256.824
333.361,315.914,305.256,270.634,401.018,211.196,429.123,256.475
341.543,323.46,302.479,280.999,372.951,216.165,412.016,258.626
314.667,308.733,310.882,251.205,405.276,244.995,409.061,302.522
315.306,308.977,310.859,251.165,406.065,243.841,410.512,301.653
303.091,301.983,300.962,248.041,386.828,244.652,388.958,298.594
303.142,302.969,301,248,385.91,244.692,388.052,299.66
304.804,302.273,302,249,384.876,244.638,387.68,297.912
320.385,307.077,292.692,265.539,357.539,222.308,385.231,263.846
323.796,307.109,292.852,269.534,350.371,222.165,381.315,259.74
324.874,304.633,294.045,267.198,348.621,222.254,379.449,259.689
327.5,302.5,294,269,340.5,222.5,374,256
327.5,302.5,294,269,340.5,222.5,374,256
328.751,300.922,294.567,273.148,334.821,223.605,369.005,251.379
327.088,300.728,294.997,274.17,334.63,226.28,366.721,252.838
328.424,297.68,296.796,272.927,334.547,224.689,366.176,249.442
325,296,294.5,265.5,333.5,226.5,364,257
323.584,295.258,293.222,267.656,330.914,226.195,361.276,253.796
322.5,294.5,293,265,331.5,226.5,361,256
322.5,294.5,293.5,265.5,332,227,361,256
323.438,295.068,293.324,267.464,331.098,226.257,361.211,253.86
323.438,295.068,293.324,267.464,331.098,226.257,361.211,253.86
327.467,291.081,289.876,263.382,316.343,227.463,353.934,255.162
300,278,300,240,349,240,349,278
344.653,281.512,298.694,277.977,301.582,240.429,347.541,243.965
301,279,301,242,347,242,347,279
312.45,289.008,288.428,255.747,324.318,229.826,348.341,263.087
316.729,286.509,286.212,260.81,316.034,225.397,346.551,251.096
311.382,284.011,289.472,248.955,324.169,227.27,346.079,262.326
300.315,271.507,289.055,241.48,333.658,224.753,344.918,254.781
332.539,269.308,283.5,259.5,289.192,231.038,338.231,240.846
290.965,269.485,282.08,247.908,329.71,228.296,338.595,249.873
277,255,277,235,338,235,338,255
259,253,259,237,332,237,332,253
255.62,263.34,253.44,248.08,332.96,236.72,335.14,251.98
253.03,265.056,248.41,246.864,328.096,226.626,332.716,244.818
253,265,248.412,246.647,327.235,226.941,331.823,245.294
259,257,259,235,333,235,333,257
255.368,268.457,249.843,248.724,333.596,225.273,339.122,245.006
254.286,269.324,248.992,249.469,331.398,227.494,336.693,247.349
253.953,269.223,248.72,249.337,330.529,227.808,335.762,247.694
252.071,267.318,247.647,247.412,332.247,228.612,336.671,248.518
257.046,260.187,256.626,240.049,342.818,238.254,343.237,258.391
257.047,260.19,256.619,240.072,341.857,238.258,342.285,258.377
345.17,261.896,268.821,256.569,270.15,237.522,346.499,242.849
267,263,267,246,350,246,350,263
275,264,275,246,351,246,351,264
275,264,275,246,350,246,350,264
254,265,254,251,340,251,340,265
254,265,254,251,339,251,339,265
254,265,254,251,340,251,340,265
254,265,254,251,339,251,339,265
230,275,230,251,274,251,274,275
227.835,298.329,218.784,280.621,269.757,254.568,278.808,272.276
227.6,298.2,218.6,280.2,269,255,278,273
227.6,298.2,218.6,280.2,269,255,278,273
232.308,309.538,202.769,289.846,218.154,266.769,247.692,286.461
218.206,313.384,206.723,301.263,249.271,260.953,260.755,273.074
219.338,309.473,196.23,277.122,219.027,260.838,242.135,293.189
219.561,310.951,191.171,275.463,211.537,259.171,239.927,294.659
217.171,309.554,187.662,274.837,208.359,257.245,237.868,291.962
215.692,306.539,177.367,271.697,195.376,251.887,233.701,286.728
224.16,295.569,171.232,285.391,175.227,264.621,228.154,274.799
219.588,296.577,150.634,274.334,156.487,256.189,225.441,278.433
218.598,286.418,149.623,280.148,151.541,259.049,220.516,265.32
217.697,286.336,150.615,280.238,152.533,259.139,219.615,265.238
216.261,284.539,151.378,281.24,152.32,262.711,217.203,266.01
216.261,284.539,151.378,281.24,152.32,262.711,217.203,266.01
152.961,285.709,151.827,262.448,209.592,259.63,210.726,282.891
202.508,283.862,147.898,280.828,149.166,258.009,203.775,261.043
204.894,278.376,151.671,274.282,153.418,251.571,206.641,255.665
199.334,287.146,140.533,274.239,145.738,250.528,204.539,263.435
144,283,144,259,207,259,207,283
200.846,288.769,141.038,276.808,145.654,253.731,205.462,265.692
201.482,284.28,142.152,280.572,143.42,260.276,202.751,263.984
201.229,283.037,141.386,279.969,142.341,261.351,202.184,264.42
201.114,282.951,141.354,279.631,142.397,260.855,202.157,264.175
140,278,140,260,198,260,198,278
142,279,142,261,203,261,203,279
140,280,140,262,198,262,198,280
144,281,144,263,197,263,197,281
189.189,280.865,141.514,272.919,144.54,254.757,192.216,262.703
190.27,282.378,141.46,274.243,144.351,256.892,193.162,265.027
190.27,282.378,141.46,274.243,144.351,256.892,193.162,265.027
189.717,285.491,153.66,275.189,159.245,255.641,195.302,265.943
181.717,286.102,135.388,264.3,141.915,250.431,188.244,272.232
181.717,286.102,135.388,264.3,141.915,250.431,188.244,272.232
184.598,282.06,123.363,271.411,126.101,255.67,187.336,266.319
186.378,279.598,125.573,272.841,127.512,255.39,188.317,262.146
183.16,278.88,125.2,270.6,127.46,254.78,185.42,263.06
182.822,277.674,126.118,267.668,128.755,252.721,185.46,262.728
183.933,275.669,122.584,265.853,124.755,252.281,186.105,262.097
184.41,272.508,122.619,265.888,124.276,250.423,186.067,257.043
181.739,269.171,121.226,265.389,122.237,249.202,182.751,252.984
180.656,270.392,118.704,259.128,121.392,244.344,183.344,255.608
178.507,272.097,121.298,251.997,126.632,236.817,183.84,256.917
176.8,273.6,121,255,126.1,239.7,181.9,258.3
177.638,274.845,123.81,251.776,130.379,236.448,184.207,259.517
179.436,276.242,124.972,252.691,131.48,237.64,185.944,261.192
177.6,276.8,127.2,251.6,134.8,236.4,185.2,261.6
175.004,266.538,119.81,254.422,123.339,238.343,178.533,250.459
173.315,264.131,124.256,253.4,127.381,239.115,176.44,249.846
174.41,264.556,128.545,253.972,131.461,241.337,177.326,251.921
174.506,264.224,128.553,254.012,131.353,241.412,177.306,251.624
173.57,264.988,128.437,255.23,130.966,243.533,176.099,253.292
173.491,265.092,128.504,254.15,131.179,243.152,176.166,254.094
173.491,265.092,128.504,254.15,131.179,243.152,176.166,254.094
167.3,268.1,128.9,255.3,132.2,245.4,170.6,258.2
170,267,133.765,257.941,136.353,247.588,172.588,256.647
169.46,266.377,132.548,257.988,134.906,247.615,171.817,256.004
170.608,268.375,135.606,257.238,138.85,247.043,173.852,258.18
166.793,271.483,132.035,256.586,136.276,246.69,171.035,261.586
168.793,270.517,134.828,256.931,139.172,246.069,173.138,259.655
168.793,270.517,134.828,256.931,139.172,246.069,173.138,259.655
168.793,270.517,134.828,256.931,139.172,246.069,173.138,259.655
168.793,270.517,134.828,256.931,139.172,246.069,173.138,259.655
168.793,270.517,134.828,256.931,139.172,246.069,173.138,259.655
168.793,270.517,134.828,256.931,139.172,246.069,173.138,259.655
168.793,270.517,134.828,256.931,139.172,246.069,173.138,259.655
168.793,270.517,134.828,256.931,139.172,246.069,173.138,259.655
168.793,270.517,134.828,256.931,139.172,246.069,173.138,259.655
170.598,268.854,134.949,255.891,138.774,245.372,174.423,258.336
170.598,268.854,134.949,255.891,138.774,245.372,174.423,258.336
170.586,272.966,132.569,256.672,136.81,246.776,174.828,263.069
167.389,270.674,131.569,256.657,135.744,245.987,171.564,260.003
167.2,270.6,131.569,256.657,135.744,245.987,171.375,259.93
167.465,272.914,131.259,257.397,135.759,246.896,171.965,262.414
166.621,272.552,130.776,257.19,135.276,246.69,171.121,262.052
166.621,272.552,130.776,257.19,135.276,246.69,171.121,262.052
166.621,272.552,130.776,257.19,135.276,246.69,171.121,262.052
166.6,267.2,130.6,255.2,134,245,170,257
166.6,267.2,130.6,255.2,134,245,170,257
166.6,267.2,130.6,255.2,134,245,170,257
166.6,267.2,130.6,255.2,134,245,170,257
166.6,267.2,130.6,255.2,134,245,170,257
166.6,267.2,130.6,255.2,134,245,170,257
166.6,267.2,130.6,255.2,134,245,170,257
166.6,267.2,130.6,255.2,134,245,170,257
166.6,267.2,130.6,255.2,134,245,170,257
166.6,267.2,130.6,255.2,134,245,170,257
166.6,267.2,130.6,255.2,134,245,170,257
166.6,267.2,130.6,255.2,134,245,170,257
158.829,272.463,136.756,254.805,144.463,245.171,166.537,262.829
162,273,134.769,254.846,141.077,245.385,168.308,263.539
162,273,134.769,254.846,141.077,245.385,168.308,263.539
162,273,134.769,254.846,141.077,245.385,168.308,263.539
165.532,266.56,131.954,256.486,134.899,246.67,168.477,256.743
165.532,266.56,131.954,256.486,134.899,246.67,168.477,256.743
165.532,266.56,131.954,256.486,134.899,246.67,168.477,256.743
165.532,266.56,131.954,256.486,134.899,246.67,168.477,256.743
165.532,266.56,131.954,256.486,134.899,246.67,168.477,256.743
165.532,266.56,131.954,256.486,134.899,246.67,168.477,256.743
157.262,264.908,132.277,261.785,134.015,247.877,159,251
157.262,264.908,132.277,261.785,134.015,247.877,159,251
157.262,264.908,132.277,261.785,134.015,247.877,159,251
157.262,264.908,132.277,261.785,134.015,247.877,159,251
139,260,139,248,160,248,160,260
153,267,135.938,252.071,143.805,243.08,160.867,258.009
159.938,259.055,136.607,257.683,137.148,248.479,160.479,249.852
139,258,139,249,160,249,160,258
159.929,259.062,139.553,257.704,140.164,248.544,160.54,249.903
140.457,259.396,139.746,249.447,159.289,248.051,160,258
161,259,139.662,257.745,140.2,248.6,161.538,249.855
160.982,258.229,140.488,256.653,141.112,248.547,161.606,250.124
160.861,259.108,139.323,256.415,140.354,248.169,161.892,250.862
160.99,258.142,139.528,256.609,140.102,248.579,161.563,250.112
160.99,258.142,139.528,256.609,140.102,248.579,161.563,250.112
158.412,260.353,140.529,255.882,142.353,248.588,160.235,253.059
159,258,137.118,252.529,138.588,246.647,160.471,252.118
159.985,258.123,141.277,255.785,142.2,248.4,160.908,250.738
159.899,258.438,139.157,253.652,140.404,248.247,161.146,253.034
161,259,142.24,256.32,143.12,250.16,161.88,252.84
164,260,145.266,257.502,146.105,251.214,164.838,253.712
164.986,260.165,147.524,258.71,148.021,252.752,165.483,254.207
164.862,260.459,147.064,255.119,148.578,250.073,166.376,255.413
162.385,262.077,146.808,258.961,148.077,252.615,163.654,255.731
163.4,261.8,147.2,256.4,148.8,251.6,165,257
159.538,263.692,148.462,256.308,151.231,252.154,162.308,259.539
160.412,262.353,149.588,259.647,150.941,254.235,161.765,256.941
160.412,262.353,149.588,259.647,150.941,254.235,161.765,256.941
164.644,262.616,151.932,257.849,153.288,254.233,166,259
160.5,262.5,153,255,156,252,163.5,259.5
146,267,146,257,150,257,150,267
151,270,147.471,269.118,150.118,258.529,153.647,259.412
151.862,270.108,148.169,269.646,149.415,259.677,153.108,260.138
151.862,270.108,148.169,269.646,149.415,259.677,153.108,260.138
153,270,150,270,150,258,153,258
151,269,151,257,154,257,154,269
146,263,146,257,150,257,150,263
147.5,260.5,144,257,147,254,150.5,257.5
144,258,144,255,150,255,150,258
144,258,144,255,150,255,150,258
144,258,144,255,150,255,150,258
148,254,145,254,145,250,148,250
148,254,145,254,145,250,148,250
151,251,148,248,149.5,246.5,152.5,249.5
151,251,148,248,149.5,246.5,152.5,249.5
151,251,148,248,149.5,246.5,152.5,249.5
151,251,148,248,149.5,246.5,152.5,249.5
151,251,148,248,149.5,246.5,152.5,249.5
151,251,148,248,149.5,246.5,152.5,249.5
155,255,145,255,145,254,155,254
142,255,139,255,139,252,142,252
142,255,139,255,139,252,142,252
145,259,144,259,144,248,145,248
145,259,144,259,144,248,145,248
145,259,144,259,144,248,145,248
145,259,144,259,144,248,145,248
142,252,142,236,143,236,143,252
142,252,142,236,143,236,143,252
142,252,142,236,143,236,143,252
142,252,142,236,143,236,143,252
143,240,140,240,140,235,143,235
145,247,145,238,147,238,147,247
145,247,145,238,147,238,147,247
142,259,142,256,149,256,149,259
140,254,140,252,149,252,149,254
140,254,140,252,149,252,149,254
134.2,257.4,133,255,138.2,252.4,139.4,254.8
140.2,259.6,138.9,255.7,142.2,254.6,143.5,258.5
140.892,264.351,139.568,256.405,142,256,143.324,263.946
144,255,138,251,139.385,248.923,145.385,252.923
143.471,253.882,137,250,138.147,248.088,144.618,251.971
142,254,138.5,250.5,140.5,248.5,144,252
145.64,255.48,139.88,251.16,141.08,249.56,146.84,253.88
145,254,138.7,251.9,139.5,249.5,145.8,251.6
145,254,138.7,251.9,139.5,249.5,145.8,251.6
145,255,138.824,251.294,139.882,249.529,146.059,253.235
145,255,138.824,251.294,139.882,249.529,146.059,253.235
145,255,138.824,251.294,139.882,249.529,146.059,253.235
145,255,138.824,251.294,139.882,249.529,146.059,253.235
146.735,255.441,141,252,142.059,250.235,147.794,253.676
149,256,141.8,252.4,142.6,250.8,149.8,254.4
149.8,255.4,143.8,252.4,144.8,250.4,150.8,253.4
149.8,255.4,143.8,252.4,144.8,250.4,150.8,253.4
149.8,255.4,143.8,252.4,144.8,250.4,150.8,253.4
154,258,147.76,253.32,148.96,251.72,155.2,256.4
154.76,258.32,149,254,150.32,252.24,156.08,256.56
155.8,258.4,149.4,255.2,150.6,252.8,157,256
156.59,259.492,150,254,151.639,252.033,158.23,257.525
157.385,259.923,150.231,255.154,151.769,252.846,158.923,257.615
157,260,150.382,256.029,152.059,253.235,158.676,257.206
158.294,261.177,150.206,256.323,151.618,253.971,159.706,258.823
163.538,262.692,154.538,256.692,156.077,254.385,165.077,260.385
166,262,157.6,257.8,159,255,167.4,259.2
172.438,263.899,161.831,257.27,163.236,255.023,173.843,261.652
174.7,261.9,163.6,258.2,164.5,255.5,175.6,259.2
177.6,261.8,168,257,169.2,254.6,178.8,259.4
181.99,260.099,169.911,258.891,170.188,256.119,182.267,257.327
182.984,262.18,169.91,260.992,170.164,258.197,183.238,259.385
185.486,266.13,172,260,173.336,257.062,186.822,263.192
187.65,264.964,174,260,175.168,256.788,188.818,261.752
191.829,266.377,177.966,260.075,179.199,257.363,193.062,263.664
197.6,268.8,185.6,262.8,187.2,259.6,199.2,265.6
201,271,189.58,264.771,191.376,261.478,202.796,267.707
201.231,271.154,190.385,263.923,192.231,261.154,203.077,268.385
199.953,269.085,187.387,262.104,188.849,259.472,201.415,266.453
197,267,184.794,261.452,186.199,258.363,198.404,263.911
192,266,180.824,259.294,182.676,256.206,193.853,262.912
188.771,265.42,177,259,178.643,255.987,190.414,262.408
185.962,262.192,173.654,259.731,174.385,256.077,186.692,258.539
184,261,171,257,172.124,253.346,185.124,257.346
184,261,171,257,172.124,253.346,185.124,257.346
184,261,171,257,172.124,253.346,185.124,257.346
184,261,171,257,172.124,253.346,185.124,257.346
184,261,171,257,172.124,253.346,185.124,257.346
183,261,167.839,257.751,168.527,254.541,183.688,257.79
184,261,169,258,169.615,254.923,184.615,257.923
188.923,262.385,174.885,259.577,175.5,256.5,189.538,259.308
191.654,262.731,176.846,259.769,177.385,257.077,192.192,260.039
192.846,262.769,179.769,260.154,180.346,257.269,193.423,259.885
195,263,182.7,258.9,183.6,256.2,195.9,260.3
197.766,262.642,185,258,185.934,255.431,198.701,260.073
201.849,261.528,188.774,257.792,189.528,255.151,202.604,258.887
203,261,190.7,256.9,191.6,254.2,203.9,258.3
204.753,260.658,193.466,256.425,194.534,253.575,205.822,257.808
207,260,194,255,195.031,252.32,208.031,257.32
206.9,258.3,195.8,254.6,196.8,251.6,207.9,255.3
210,257,197.931,252.172,198.965,249.586,211.035,254.414
211.883,256.321,199.679,251.883,200.73,248.993,212.934,253.431
213.8,255.6,201.8,251.6,202.8,248.6,214.8,252.6
216.835,255.371,204.588,249.928,205.949,246.866,218.196,252.309
218.753,253.658,206.589,249.096,207.74,246.027,219.904,250.589
221.793,252.517,208.862,247.345,210.035,244.414,222.965,249.586
221.849,250.528,209.434,246.981,210.34,243.811,222.755,247.359
221.724,249.69,209.655,244.862,210.828,241.931,222.897,246.759
222.8,248.6,209.6,244.2,210.7,240.9,223.9,245.3
223.5,247.5,209.7,242.9,210.8,239.6,224.6,244.2
223.8,244.6,209.7,239.9,210.7,236.9,224.8,241.6
223.877,243.329,209.63,237.986,210.781,234.918,225.027,240.26
224.849,242.528,210.585,238.453,211.604,234.887,225.868,238.962
225.8,242.6,211.7,237.9,212.8,234.6,226.9,239.3
226.766,241.642,212.796,236.562,213.934,233.431,227.905,238.511
226.883,240.321,213.474,235.445,214.642,232.234,228.051,237.109
226.862,240.345,213.586,235.035,214.828,231.931,228.104,237.241
226.9,240.3,212.8,235.6,213.9,232.3,228,237
228.766,241.642,214.796,236.562,215.964,233.35,229.934,238.431
232.766,242.642,217.912,237.241,219.08,234.029,233.934,239.431
244.5,246.5,229.8,241.6,230.9,238.3,245.6,243.2
252.6,248.2,236.7,242.9,237.8,239.6,253.7,244.9
259.507,250.315,244.384,244.644,245.74,241.027,260.863,246.699
265.224,250.81,249.897,244.241,251.552,240.379,266.879,246.948
269.448,251.379,253.586,245.035,255.103,241.241,270.966,247.586
278.4,253.2,263.6,245.8,265.4,242.2,280.2,249.6
282.8,253.4,268.8,246.4,270.6,242.8,284.6,249.8
287.4,254.2,273.4,247.2,275.2,243.6,289.2,250.6
290.4,254.2,276.8,247.4,278.6,243.8,292.2,250.6
294,255,279.6,247.8,281.4,244.2,295.8,251.4
299,255,284.6,247.8,286.4,244.2,300.8,251.4
300.586,254.035,285.241,247.896,286.828,243.931,302.172,250.069
301.8,254.4,287.4,247.2,289.2,243.6,303.6,250.8
302.6,253.8,287.8,246.4,289.8,242.4,304.6,249.8
303.379,253.448,288.172,246.931,290.034,242.586,305.241,249.104
303.845,251.362,289.483,245.207,291.241,241.104,305.603,247.259
302.793,249.517,289.172,244.069,290.897,239.759,304.517,245.207
302.69,248.724,289.172,242.931,290.879,238.948,304.397,244.741
302.753,247.658,288.507,242.315,289.904,238.589,304.151,243.932
303.9,247.3,289.5,242.5,290.8,238.6,305.2,243.4
305.586,248.035,290.586,242.035,292.103,238.241,307.103,244.241
306.548,248.206,291.753,242.658,293.233,238.712,308.027,244.26
307,248,291.7,242.9,293,239,308.3,244.1
306.897,248.759,292.586,243.035,294.172,239.069,308.483,244.793
307.586,249.035,292.931,243.172,294.586,239.035,309.241,244.896
308.9,248.3,293.6,243.2,294.9,239.3,310.2,244.4
308.8,247.6,293.8,242.6,295.2,238.4,310.2,243.4
310.741,246.843,295,242,296.211,238.065,311.951,242.908
312.1,246.7,296.8,241.6,298.1,237.7,313.4,242.8
315.865,245.811,298.676,242.946,299.351,238.892,316.54,241.757
321.765,246.941,306.471,243.118,307.529,238.882,322.824,242.706
324.103,248.241,308.931,242.172,310.517,238.207,325.69,244.276
327.4,247.8,313.6,243.2,315.2,238.4,329,243
330.7,246.9,315.7,241.9,317.1,237.7,332.1,242.7
335,245,321,245,321,240,335,240
340.63,245.986,325.836,240.438,327.356,236.384,342.151,241.932
342.434,245.981,326.849,241.528,328.019,237.434,343.604,241.887
344,245,330,245,330,240,344,240
344.5,246.5,328.9,241.3,330.2,237.4,345.8,242.6
345.4,246.8,330.7,241.9,332.1,237.7,346.8,242.6
348.103,247.241,332.931,241.172,334.448,237.379,349.621,243.448
348.103,247.241,332.931,241.172,334.448,237.379,349.621,243.448
350.4,246.8,334.8,241.6,336.1,237.7,351.7,242.9
350.769,246.154,334.615,242.923,335.461,238.692,351.615,241.923
351.477,246.743,336.615,242.284,337.991,237.697,352.853,242.156
352.765,245.941,336.765,241.941,337.823,237.706,353.823,241.706
354.3,246.1,339.6,241.2,341,237,355.7,241.9
356.6,246.2,340.7,240.9,342,237,357.9,242.3
357.5,246.5,342.5,241.5,343.9,237.3,358.9,242.3
359,246,344.6,241.2,346,237,360.4,241.8
361.172,245.931,347.534,240.086,349.345,235.862,362.983,241.707
361.6,245.2,347.8,240.6,349.2,236.4,363,241
361.6,245.2,347.8,240.6,349.2,236.4,363,241
363.31,245.724,349,240,350.586,236.035,364.897,241.759
363.7,244.9,349,240,350.4,235.8,365.1,240.7
364.7,244.9,349.7,239.9,351.1,235.7,366.1,240.7
364.7,244.9,349.7,239.9,351,236,366,241
364.328,244.847,349.796,239.562,351.168,235.788,365.701,241.073
364.5,244.5,350.7,239.9,352,236,365.8,240.6
364.425,244.534,350.836,239.438,352.233,235.712,365.822,240.808
364.973,244.74,350.836,239.438,352.274,235.603,366.411,240.904
365.8,244.6,350.8,239.6,352.2,235.4,367.2,240.4
365.31,244.724,351.517,239.207,353.241,234.897,367.034,240.414
365.897,244.759,351.931,239.172,353.586,235.035,367.552,240.621
366.172,244.931,352.534,239.086,354.397,234.741,368.034,240.586
366.6,244.2,351.9,239.3,353.3,235.1,368,240
366.507,244.315,352.589,239.096,354.233,234.712,368.151,239.932
366.507,244.315,352.589,239.096,354.233,234.712,368.151,239.932
366.7,243.9,351.7,238.9,353.1,234.7,368.1,239.7
366.7,243.9,351.7,238.9,353.1,234.7,368.1,239.7
366.328,243.847,351.796,238.562,353.489,233.905,368.022,239.19
367.623,243.321,351.774,238.792,353.094,234.17,368.943,238.698
367.623,243.321,351.774,238.792,353.094,234.17,368.943,238.698
367.623,243.321,351.774,238.792,353.094,234.17,368.943,238.698
367.623,243.321,351.774,238.792,353.094,234.17,368.943,238.698
367.623,243.321,351.774,238.792,353.094,234.17,368.943,238.698
368.6,243.2,353,238,354.5,233.5,370.1,238.7
368.533,243.285,353.679,237.883,355.285,233.467,370.139,238.869
368.7,242.9,353.7,237.9,355.1,233.7,370.1,238.7
368.7,242.9,353.7,237.9,355.1,233.7,370.1,238.7
369.65,242.964,354.796,237.562,356.372,233.226,371.226,238.628
370.328,242.847,354.912,237.241,356.489,232.905,371.905,238.511
369.8,242.6,354.8,237.6,356.4,232.8,371.4,237.8
370.328,242.847,354.912,237.241,356.606,232.584,372.022,238.19
371.3,243.1,354.8,237.6,356.3,233.1,372.8,238.6
371.6,243.2,355.4,237.8,357,233,373.2,238.4
371.6,243.2,355.4,237.8,357,233,373.2,238.4
371.6,243.2,355.4,237.8,357,233,373.2,238.4
371.6,243.2,355.4,237.8,357,233,373.2,238.4
373.568,243.405,356,238,357.513,233.081,375.081,238.486
373.4,243.8,356.6,238.2,358.3,233.1,375.1,238.7
373.5,243.5,356.7,237.9,358.3,233.1,375.1,238.7
373.5,243.5,355.8,237.6,357.4,232.8,375.1,238.7
373.505,243.651,356.532,238.56,358.101,233.33,375.073,238.422
373.654,244.124,356.719,238.913,358.319,233.714,375.254,238.924
373.5,244.5,357.6,239.2,359.2,234.4,375.1,239.7
374.119,244.936,357.697,240.009,359.018,235.605,375.44,240.532
373.623,245.321,357.774,240.792,359.094,236.17,374.943,240.698
374.285,245.623,358.631,241.354,359.877,236.785,375.531,241.054
374.119,245.936,358.615,241.284,359.908,236.973,375.413,241.624
374.294,245.824,358.529,241.882,359.588,237.647,375.353,241.588
374.92,245.56,358.68,243.24,359.26,239.18,375.5,241.5
374.769,246.154,360.539,243.308,361.385,239.077,375.615,241.923
375,246,360,246,360,242,375,242
373.706,247.176,359.823,243.706,360.765,239.941,374.647,243.412
372.752,247.826,358.807,243.642,359.936,239.881,373.881,244.064
371.7,246.9,357.6,242.2,358.9,238.3,373,243
374.2,253.4,361.6,249.2,363,245,375.6,249.2
364.265,253.441,361,248,367.765,243.941,371.029,249.382
364.265,253.441,361,248,367.765,243.941,371.029,249.382
374.353,253.588,363.529,250.882,364.706,246.176,375.529,248.882
354,257,354,254,368,254,368,257
336,260,336,256,347,256,347,260
345,258,345,255,357,255,357,258
358.815,257.477,347,256,347.354,253.169,359.169,254.646
345.097,254.159,344.89,251.676,358.793,250.517,359,253
345.115,254.577,344.654,252.269,357.539,249.692,358,252
346.586,253.035,343.31,251.724,345.724,245.69,349,247
344.6,252.2,343,249,349,246,350.6,249.2
346,251,346,246,351,246,351,251
356.724,254.69,348.793,251.517,349.759,249.103,357.69,252.276
350.346,252.731,349.769,249.846,358.615,248.077,359.192,250.962
352.453,255.585,351.736,253.076,363.358,249.755,364.075,252.264
350,252,350,250,364,250,364,252
363.731,251.346,353.923,249.385,354.461,246.692,364.269,248.654
356,250,356,247,366,247,366,250
355,250,355,247,365,247,365,250
367,250,357,250,357,247,367,247
365.953,250.212,356,248,356.635,245.141,366.588,247.353
349,249,349,247,366,247,366,249
350.02,250.198,349.782,247.822,362.951,246.505,363.188,248.881
351,250,351,247,362,247,362,250
349.006,250.076,348.818,247.629,363.959,246.465,364.147,248.912
348,249,348,247,364,247,364,249
348,249,348,247,364,247,364,249
352,249,352,246,363,246,363,249
350,249,350,247,366,247,366,249
353,250,353,247,365,247,365,250
353,250,353,247,366,247,366,250
353,250,353,247,366,247,366,250
353,250,353,247,366,247,366,250
353,251,353,248,367,248,367,251
353,251,353,248,367,248,367,251
353,251,353,248,365,248,365,251
353,251,353,248,365,248,365,251
353,251,353,248,365,248,365,251
354.089,251.891,353.812,249.119,365,248,365.277,250.772
353.01,252.099,352.723,249.228,365.891,247.911,366.178,250.782
353,252,353,249,365,249,365,252
353,252,353,249,365,249,365,252
353,252,353,249,365,249,365,252
353.24,252.68,352.84,249.88,364.88,248.16,365.28,250.96
353,252,353,249,366,249,366,252
353.208,253.079,352.921,250.208,364.901,249.01,365.188,251.881
353.01,253.099,352.723,250.228,364.901,249.01,365.188,251.881
353.01,253.099,352.723,250.228,364.901,249.01,365.188,251.881
353.046,253.369,352.708,250.661,364.892,249.139,365.231,251.846
354,253,354,250,365,250,365,253
352.061,253.492,351.754,251.031,364.923,249.385,365.231,251.846
352.061,253.492,351.754,251.031,364.923,249.385,365.231,251.846
353.037,253.329,352.756,250.805,364.939,249.451,365.22,251.976
353.037,253.329,352.756,250.805,364.939,249.451,365.22,251.976
353.032,254.176,352.536,251.448,365.648,249.064,366.144,251.792
354,254,353.488,251.184,365.632,248.976,366.144,251.792
355,253,355,250,367,250,367,253
355,253,355,250,367,250,367,253
355,253,355,250,367,250,367,253
355,253,355,250,368,250,368,253
354,253,354,250,368,250,368,253
354.059,255.235,353.294,252.176,367.412,248.647,368.177,251.706
353,253,353,250,369,250,369,253
354.138,255.508,353.331,252.546,367.377,248.715,368.185,251.677
354.094,255.423,353.341,252.035,366.788,249.047,367.541,252.435
352.277,256.015,351.4,252.8,366.377,248.715,367.254,251.931
353.302,256.057,352.321,252.623,367.245,248.359,368.226,251.792
352.377,256.321,351.396,252.887,366.585,248.547,367.566,251.981
353.531,255.946,352.585,252.477,367.308,248.462,368.254,251.931
353,256,352.195,252.244,367.561,248.951,368.366,252.707
353.346,255.731,352.654,252.269,367.654,249.269,368.346,252.731
353.4,255.8,352.6,252.2,367.529,248.882,368.329,252.482
353.051,256.219,352.208,252.567,368.494,248.809,369.337,252.461
353.32,256.388,352.427,252.517,368.275,248.859,369.168,252.73
352.471,256.882,351.471,252.882,367.471,248.882,368.471,252.882
353.588,256.353,352.647,252.588,368.412,248.647,369.353,252.412
354,254,354,250,370,250,370,254
353.183,255.646,352.756,251.805,368.89,250.012,369.317,253.854
355.027,256.162,354.351,252.108,368.622,249.73,369.297,253.784
354.461,256.308,353.615,252.077,367.654,249.269,368.5,253.5
353.272,256.496,352.552,252.536,368.568,249.624,369.288,253.584
353.448,256.464,352.728,252.504,368.568,249.624,369.288,253.584
353.154,256.769,352.346,252.731,368.692,249.462,369.5,253.5
353.154,256.769,352.385,252.923,367.769,249.846,368.539,253.692
353.346,256.731,352.577,252.885,368.539,249.692,369.308,253.538
353.4,256.8,352.576,253.094,368.459,249.565,369.282,253.271
354.215,255.723,353.738,251.908,369.738,249.908,370.215,253.723
355.5,256.5,354.731,252.654,369.539,249.692,370.308,253.538
354.139,255.386,353.762,251.624,369.802,250.02,370.178,253.782
355.023,256.15,354.387,252.017,369.792,249.647,370.428,253.78
354.297,255.784,353.703,252.216,369.757,249.54,370.351,253.108
356.154,255.769,355.346,251.731,370.346,248.731,371.154,252.769
355.308,255.538,354.5,251.5,369.692,248.462,370.5,252.5
355.154,254.769,354.423,251.115,370.577,247.885,371.308,251.538
355.115,255.577,354.308,251.538,368.539,248.692,369.346,252.731
353,254,353,250,368,250,368,254
352,254,352,250,367,250,367,254
350.26,255.82,349.7,251.9,365.66,249.62,366.22,253.54
352.297,255.784,351.649,251.892,366.568,249.405,367.216,253.297
351,254,351,250,368,250,368,254
352,256,351.462,251.692,367.831,249.646,368.369,253.954
352,255,352,251,368,251,368,255
355.037,255.329,354.622,251.598,369.878,249.902,370.293,253.634
354.159,255.427,353.744,251.695,370.866,249.793,371.28,253.524
356,254,356,250,372,250,372,254
355,253,355,249,373,249,373,253
358.179,254.152,357.807,249.683,373.862,248.345,374.235,252.814
358.088,253.147,357.747,248.712,374.876,247.394,375.218,251.829
360,251,359.67,246.381,375.873,245.223,376.203,249.843
359,249,359,245,378,245,378,249
360,248,360,244,379,244,379,248
361,247,361,243,379,243,379,247
363,245,363,241,380,241,380,245
378.923,242.385,363.923,239.385,364.808,234.962,379.808,237.962
380.459,241.527,364,238,364.937,233.629,381.395,237.156
381.64,240.52,363.86,237.98,364.52,233.36,382.3,235.9
382.584,240.705,364.85,237.977,365.601,233.092,383.335,235.821
365,240,365,235,384,235,384,240
387.094,240.17,370.585,235.453,372.019,230.434,388.528,235.151
373,243,373,237,388,237,388,243
376,246,376,240,391,240,391,246
378,249,378,243,394,243,394,249
378,249,378,243,394,243,394,249
380.468,257.185,379.385,252.132,399.327,247.859,400.41,252.912
394,252,394,245,410,245,410,252
396.154,254.231,395.246,246.969,411.492,244.939,412.4,252.2
396.3,259.9,394.5,254.5,414.3,247.9,416.1,253.3
401.4,257.2,399.2,250.6,419.3,243.9,421.5,250.5
401.4,257.2,399.2,250.6,419.3,243.9,421.5,250.5
414.6,253.2,411.8,247.6,431,238,433.8,243.6
419.308,255.462,415.615,249.923,434.538,237.308,438.231,242.846
421.483,254.207,419,248,440.034,239.586,442.517,245.793
424.8,256.6,421.6,250.2,442.4,239.8,445.6,246.2
426.453,254.267,424.19,247.932,445.982,240.149,448.244,246.484
431.6,253.8,429.5,247.5,450.2,240.6,452.3,246.9
433.4,254.2,431.3,247.9,452.3,240.9,454.4,247.2
435.4,255.8,432.6,250.2,453.4,239.8,456.2,245.4
438,255,435.2,249.4,454,240,456.8,245.6
438.3,253.9,436.4,248.2,456.2,241.6,458.1,247.3
439.101,256.438,437.466,249.354,455.798,245.124,457.433,252.208
439.076,258.264,437,251,456.547,245.415,458.623,252.679
439.248,258.826,436.991,251.303,456.532,245.44,458.789,252.963
439.259,258.843,436.968,251.395,456.222,245.47,458.513,252.919
440.234,259.642,437.752,252.818,456.299,246.073,458.781,252.898
442.6,263.2,439.4,256.8,457.8,247.6,461,254
445.615,264.923,441.923,259.385,461.538,246.308,465.231,251.846
450.353,265.588,446.294,258.823,464.529,247.882,468.588,254.647
455.034,267.477,450.758,261.369,469.617,248.168,473.893,254.275
465.769,267.154,461,260,477.615,248.923,482.385,256.077
477.658,271.107,475.114,262.965,498.915,255.527,501.459,263.669
498,272,498,262,519,262,519,272
509.552,280.379,505.483,270.207,524.448,262.621,528.517,272.793
518,279,518,269,540,269,540,279
535.995,282.233,533.443,273.941,558.811,266.135,561.362,274.427
547,277,547,267,569,267,569,277
554,278,554,267,573,267,573,278
566.877,289.215,539.849,287.714,540.268,280.182,567.295,281.683
575.616,289.882,547.581,286.144,548.48,279.397,576.515,283.135
579.812,291.881,553.772,289.277,554.416,282.842,580.455,285.445
568,299,568,293,592,293,592,299
539.397,300.259,536.81,294.224,555.759,286.103,558.345,292.138
546,306,546,300,565,300,565,306
553,309,553,303,570,303,570,309
564.018,307.332,563.763,302.735,587.745,301.403,588,306
2
0
0
0
0
1
864.856,299.636,714.827,291.415,718.307,227.894,868.336,236.114
864.738,300.585,714.742,292.014,718.366,228.592,868.362,237.163
864.803,300.545,714.766,292.209,718.344,227.797,868.381,236.132
864.803,300.545,714.766,292.209,718.344,227.797,868.381,236.132
881.998,301.03,706.582,290.399,710.324,228.656,885.74,239.287
883.483,297.631,717.827,294.414,719.034,232.234,884.69,235.45
880.742,297.273,718.369,292.199,720.362,228.417,882.735,233.492
880.974,303.187,714.02,291.907,718.377,227.417,885.331,238.698
887.26,305.355,721.751,299.336,724.272,230.028,889.78,236.047
897.403,323.93,704.313,280.329,717.509,221.889,910.599,265.49
895.443,316.273,711.538,285.388,722.443,220.456,906.347,251.341
901.007,318.963,709.141,282.066,721.302,218.827,913.168,255.725
907.562,317.454,723.803,289.765,733.604,224.721,917.363,252.411
910.144,313.706,717.838,287.874,726.795,221.196,919.101,247.028
908.924,315.766,721.881,288.056,732.238,218.146,919.281,245.856
905.208,319.349,710.484,288.603,721.389,219.535,916.114,250.281
906.13,317.653,714.641,286.677,725.949,216.771,917.438,247.747
905.245,324.124,721.799,288.846,736.278,213.553,919.725,248.832
906.745,324.414,721.798,291.124,735.638,214.235,920.586,247.525
899.46,334.471,728.221,281.134,752.652,202.695,923.892,256.032
906.732,329.389,734.746,285.664,754.397,208.372,926.382,252.097
914.412,331.353,732.294,285.823,751.765,207.941,933.882,253.471
930.944,316.647,752.35,297.597,760.937,217.087,939.532,236.137
925.034,328.414,737.955,287.49,755.041,209.384,942.12,250.307
931.635,316.677,736.892,298.74,744.455,216.634,939.197,234.571
934.358,319.658,748.736,296.862,758.964,213.575,944.586,236.37
931.185,319.523,751.739,297.092,761.954,215.369,941.4,237.8
930.755,317.202,754.086,300.105,762.338,214.839,939.006,231.936
927.442,318.234,751.062,296.983,761.529,210.112,937.908,231.362
931.958,320.468,757.571,287.252,773.414,204.079,947.801,237.295
938.165,328.452,755.3,286.824,774.923,200.625,957.788,242.253
