1
617,689,617,666,686,666,686,689
679.062,687.255,608.386,681.365,610.317,658.193,680.993,664.083
663.385,687.077,593,673,597.577,650.115,667.961,664.192
641.166,683.014,571.483,677.207,573.414,654.035,643.097,659.841
617.008,685.37,546.816,666.899,552.917,643.715,623.109,662.187
602.006,676.719,530.699,662.092,535.479,638.791,606.786,653.418
586.757,673.531,516.472,656.993,522.085,633.138,592.37,649.675
571.587,670.256,499.908,653.39,505.534,629.479,577.213,646.344
479.913,660.711,478.583,633.459,545.278,630.206,546.608,657.458
527.344,663.38,454.415,646.364,459.888,622.907,532.818,639.924
501.852,651.929,432.617,629.976,440.038,606.573,509.272,628.526
462.653,635.3,403.45,595.127,417.787,573.998,476.99,614.172
443.506,618.254,383.768,580.42,397.75,558.342,457.488,596.176
431.177,608.706,370.735,572.441,384.059,550.235,444.5,586.5
407.814,595.997,351.326,557.162,365.886,535.984,422.374,574.82
374.844,569.369,330.93,517.883,350.629,501.082,394.542,552.567
363.955,559.121,312.437,512.588,330.585,492.496,382.103,539.029
364.179,559.048,312.29,512.924,330.441,492.504,382.331,538.628
354.069,540.746,285.869,522.146,293,496,361.2,514.6
337.6,540.2,267.7,516.9,275.9,492.3,345.8,515.6
320.36,539.986,252.967,533.073,256.04,503.107,323.434,510.019
236.604,567.742,225.224,541.19,290.155,513.362,301.534,539.914
216,593,200,569,256.769,531.154,272.769,555.154
199.245,600.934,188.761,573.226,252.075,549.269,262.559,576.978
195.917,612.275,181.275,585.083,241.803,552.491,256.445,579.683
190.559,633.993,170.774,611.24,222.023,566.676,241.807,589.429
187.765,644.995,166.819,623.212,215.142,576.748,236.088,598.531
220.668,661.654,190.143,659.211,195.571,591.366,226.095,593.808
222.324,684.054,191.351,678.892,202.784,610.297,233.757,615.459
220.41,721.085,205.401,652.043,235.043,645.599,250.052,714.641
230.763,767.589,215.363,697.432,243.053,691.354,258.453,761.51
258.854,789.9,229.447,788.118,233.625,719.19,263.032,720.972
233.012,791.524,231.387,723.253,260.608,722.557,262.234,790.828
265.589,804.526,232.336,744.065,256.559,730.743,289.812,791.203
276.324,825.881,252.507,761.234,278.041,751.827,301.858,816.473
302.674,843.97,266.451,785.107,290.833,770.103,327.056,828.966
310.976,857.78,281.824,794.619,308.712,782.21,337.863,845.371
325.726,862.974,289.408,803.718,314.756,788.182,351.075,847.438
347.126,859.523,294.473,813.064,313.296,791.732,365.949,838.191
348.933,872.292,312.641,814.225,336.551,799.281,372.843,857.348
387.473,867.347,327.558,838.588,340.307,812.027,400.222,840.787
405.799,882.527,350.348,840.385,367.324,818.047,422.776,860.19
408.011,906.682,367.436,850.65,390.17,834.187,430.745,890.219
410.03,909.674,375.833,854.103,401.331,838.412,435.528,893.983
412.161,910.46,378.034,852.869,402.704,838.25,436.832,895.841
402.703,911.631,380.728,843.266,406.236,835.067,428.21,903.432
394.691,910.34,380.707,842.75,408.682,836.963,422.666,904.552
394.702,912.743,381.604,842.887,409.196,837.713,422.294,907.57
391.648,911.568,378.866,845.103,407.462,839.603,420.244,906.068
395.292,912.026,379.616,846.187,407.375,839.577,423.052,905.416
398.719,914.544,378.769,851.846,406.259,843.099,426.208,905.797
414.927,914.506,379.768,857.373,403.592,842.712,438.751,899.845
413.982,918.394,383.252,861.326,408.418,847.775,439.147,904.844
413.4,918.214,382.984,861.437,408.459,847.79,438.875,904.567
413.776,924.18,387.493,867.234,413.62,855.175,439.902,912.122
408.33,924.732,387.845,865.554,415.494,855.983,435.979,915.161
406.3,923.9,388,869,415.6,859.8,433.9,914.7
399.944,921.933,387.363,869.513,417.431,862.297,430.012,914.717
399.319,921.67,388.047,869.816,418.644,863.164,429.917,915.018
399.318,921.2,387.737,870.242,418.338,863.287,429.919,914.246
393.059,921.235,381.235,873.941,415.118,865.471,426.941,912.765
387,920,387,868,419,868,419,920
387,920,387,868,419,868,419,920
387,920,387,868,419,868,419,920
391.304,922.693,377.794,874.057,409.874,865.146,423.384,913.782
396.441,925.24,381.44,874.61,411.334,865.753,426.336,916.382
400.909,926.807,378.904,880.045,407.221,866.719,429.227,913.482
400.464,926.794,379.392,879.381,407.969,866.68,429.041,914.093
400.464,926.794,379.392,879.381,407.969,866.68,429.041,914.093
400.464,926.794,379.392,879.381,407.969,866.68,429.041,914.093
409.647,927.412,381.853,881.088,407.441,865.735,435.235,912.059
420.5,923.5,383,886,404,865,441.5,902.5
424.5,922.5,385,883,405,863,444.5,902.5
427.5,922.5,387,882,406.5,862.5,447,903
431,920,386.366,884.293,404.22,861.976,448.854,897.683
431.122,920.097,386.488,884.39,404.341,862.073,448.976,897.781
417.585,924.523,389.831,875.954,415.031,861.554,442.785,910.123
416.946,924.63,389.752,875.186,415.434,861.061,442.628,910.505
430,928,392,890,414,868,452,906
437.898,931.425,397.438,892.724,418.439,870.768,458.899,909.469
442.192,935.58,403.178,899.166,425.458,875.295,464.473,911.708
450.769,930.846,405.538,900.692,423.231,874.154,468.461,904.308
442.5,932.5,408,898,432,874,466.5,908.5
442.5,930.5,410,898,434.5,873.5,467,906
417,922,417,890,459,890,459,922
457.679,924.141,413.273,914.89,419.088,886.977,463.494,896.228
458.194,923.381,413.756,915.653,418.556,888.053,462.995,895.782
456.825,922.201,412.277,920.345,413.421,892.893,457.969,894.749
455.6,923.2,412.277,917.785,415.831,889.354,459.154,894.769
453.91,922.593,409.742,915.901,413.894,888.499,458.062,895.191
453.936,922.432,409.803,915.942,413.825,888.592,457.959,895.082
404,916,404,890,447,890,447,916
404,916,404,890,446,890,446,916
443,919,403,919,403,894,443,894
407.927,921.511,404.091,895.937,440.472,890.479,444.308,916.054
407.76,921.32,404.12,895.84,440.66,890.62,444.3,916.1
406.545,920.446,403.96,894.604,441.881,890.812,444.465,916.653
404,917,404,893,445,893,445,917
443.265,919.164,401.05,911.715,404.886,889.98,447.101,897.43
445.297,917.03,400.445,912.545,402.544,891.555,447.396,896.04
445.297,917.03,400.445,912.545,402.544,891.555,447.396,896.04
445.297,917.03,400.445,912.545,402.544,891.555,447.396,896.04
441,916,402,916,402,893,441,893
441.184,918.488,400.528,911.096,404.368,889.976,445.024,897.368
440.365,918.859,401.188,910.153,406.082,888.129,445.259,896.835
440.365,918.859,401.188,910.153,406.082,888.129,445.259,896.835
445.807,922.091,396.551,904.358,403.129,886.086,452.385,903.819
450.128,920.239,395.083,903.725,400.422,885.927,455.468,902.44
447.101,919.33,395.083,903.725,400.339,886.202,452.358,901.807
456.538,918.308,398.077,906.615,401.5,889.5,459.961,901.192
464.973,915.162,406.432,905.406,409.297,888.216,467.838,897.973
465,915,406.458,905.442,409.256,888.307,467.798,897.865
466.189,920.661,412.306,903.418,418.309,884.659,472.192,901.901
469.975,916.157,413.854,907.106,416.836,888.619,472.956,897.67
472.738,913.638,416.771,904.683,419.697,886.392,475.665,895.346
471.665,913.179,417.486,904.844,420.295,886.584,474.474,894.919
475.922,907.245,414.599,903.412,415.743,885.109,477.066,888.942
475.804,909.873,413.48,905.624,414.731,887.277,477.055,891.526
411,906,411,887,475,887,475,906
411,906,411,887,476,887,476,906
476.877,907.803,409.689,905.635,410.319,886.107,477.507,888.274
475.867,907.857,409.67,905.575,410.342,886.081,476.539,888.364
417,904,417,884,488,884,488,904
437.327,908.668,432.615,888.537,500.412,872.669,505.124,892.801
453.625,899.09,451.332,876.735,516.264,870.075,518.557,892.43
527.359,896.335,460.524,891.194,462.429,866.417,529.265,871.559
475.904,894.472,471.536,870.448,537.36,858.48,541.728,882.504
492.224,885.851,491.525,861.385,560.897,859.403,561.596,883.869
516,880,516,856,588,856,588,880
608.871,885.947,539.762,872.509,544.337,848.982,613.446,862.42
623.772,881.96,551.208,869.154,555.185,846.621,627.748,859.426
621.94,885.928,558.047,866.933,564.942,843.74,628.836,862.735
620.399,890.29,558.305,868.557,566.506,845.127,628.599,866.86
621.29,890.601,558.305,868.557,566.49,845.172,629.474,867.216
619.206,895.536,560.289,869.351,570.309,846.804,629.227,872.99
619.787,895.089,560.237,870.568,569.888,847.13,629.438,871.651
623.151,890.472,559.094,872.17,565.736,848.925,629.792,867.226
623.402,891.042,558.224,873.062,564.775,849.317,629.953,867.297
632.21,873.424,562.1,869.3,563.421,846.848,633.531,850.972
632.687,877.002,563.545,870.52,565.648,848.092,634.79,854.574
567,870,567,849,639,849,639,870
639.326,871.098,568.124,865.824,569.72,844.276,640.922,849.55
582,867,582,841,648,841,648,867
582,874,582,850,654,850,654,874
590,876,590,853,661,853,661,876
593.899,881.582,589.985,859.772,665.153,846.28,669.068,868.091
612.047,880.777,606.231,858.676,675.438,840.464,681.254,862.565
612.258,875.806,606.589,853.695,674.291,836.336,679.961,858.446
612.541,875.858,606.79,854.003,674.914,836.075,680.666,857.93
615.624,869.237,612.426,837.257,649.158,833.584,652.356,865.564
621,870,621,846,660,846,660,870
630.296,873.128,626.632,852.976,665,846,668.664,866.152
630.296,873.128,626.632,852.976,665,846,668.664,866.152
630.296,873.128,626.632,852.976,665,846,668.664,866.152
654.185,869.323,643.662,850.908,678.446,831.031,688.969,849.446
652,859,652,838,687,838,687,859
652,859,652,838,687,838,687,859
671.922,851.149,666.708,834.466,708.957,821.263,714.171,837.947
678.455,859.905,664.731,844.392,697.269,815.608,710.992,831.122
681.37,848.014,671.849,827.068,711.781,808.918,721.301,829.863
679.312,845.216,674.96,821.28,711.216,814.688,715.568,838.624
682,843,682,819,719,819,719,843
697.42,834.408,689.343,815.024,732.941,796.858,741.018,816.243
709.016,831.571,692.073,815.569,719.057,786.998,736,803
723.985,812.277,705.138,801.508,723.169,769.954,742.015,780.723
729.5,797.5,715.5,783.5,743.5,755.5,757.5,769.5
738.633,787.185,723.834,771.153,751.08,746.003,765.879,762.035
751.44,757.92,746.72,731.96,777.872,726.296,782.592,752.256
771,745,756,730,781,705,796,720
786.252,729.025,766.213,712.629,783.411,691.609,803.45,708.005
784,719,770,705,798,677,812,691
784,719,770,705,798,677,812,691
784,719,770,705,798,677,812,691
780.849,714.528,777.079,694.423,814.151,687.472,817.921,707.577
781.904,717.411,774.425,697.466,810.37,683.986,817.849,703.932
781.769,717.154,774.62,697.136,810.729,684.24,817.878,704.258
781.769,717.154,774.62,697.136,810.729,684.24,817.878,704.258
779.44,719.468,773.743,700.477,812.826,688.752,818.523,707.743
779.183,717.558,777.843,698.797,828.086,695.208,829.426,713.97
827.068,724.791,777.98,715.246,781.571,696.778,830.659,706.323
823.69,731.276,779.034,713.414,786.069,695.828,830.724,713.69
822.828,730.931,779.379,713.552,786.345,696.138,829.793,713.517
809.271,742.302,776.226,713.662,791.206,696.378,824.251,725.018
803.094,751.134,775.611,711.872,792.188,700.268,819.671,739.53
803.094,751.134,775.423,711.604,792,700,819.671,739.53
790.08,758.878,779.533,708.782,802.918,703.859,813.464,753.955
789.368,761.915,782.138,709.498,806.57,706.128,813.799,758.545
789.368,761.915,782.138,709.498,806.57,706.128,813.799,758.545
780.321,764.695,777.931,707.336,800.724,706.386,803.114,763.745
789.907,770.191,767.077,765.385,779.332,707.175,802.162,711.981
772,775,772,709,793,709,793,775
785.888,777.295,765.002,775.479,770.867,708.032,791.752,709.848
771.243,782.754,750.462,776.672,769.149,712.824,789.93,718.906
751.09,788.733,731.258,776.692,766.05,719.388,785.883,731.429
718.36,785.48,704.2,766.6,756.84,727.12,771,746
699.684,794.525,688.927,772.378,748.339,743.521,759.096,765.668
692,811,675,794,724.5,744.5,741.5,761.5
678.471,809.118,665.412,787.353,726.441,750.735,739.5,772.5
678.19,808.888,665.344,787.105,726.659,750.944,739.506,772.727
678.19,808.888,665.344,787.105,725.918,751.382,738.764,773.165
675.582,798.934,663.141,777.711,725.298,741.273,737.74,762.497
677.31,799.335,664.364,777.488,725.6,741.2,738.546,763.047
677.077,799.49,664.352,777.034,725.866,742.176,738.591,764.632
676.917,801.018,663.596,778.583,724.524,742.408,737.844,764.843
660.477,791.462,654.916,767.133,724.237,751.289,729.798,775.618
679.173,807.995,664.956,787.854,724.24,746.007,738.457,766.148
672.6,804.2,661,781,724.6,749.2,736.2,772.4
680,815,662,797,712.5,746.5,730.5,764.5
689.134,819.225,666.883,805.009,702.612,749.085,724.863,763.301
689.596,819.247,667.034,805.146,701.977,749.236,724.539,763.337
689.315,819.697,666.753,805.596,701.809,749.506,724.371,763.607
689.927,819.76,666.778,805.645,700.949,749.603,724.099,763.719
689.483,819.427,666.472,805.045,701.191,749.494,724.202,763.877
660.984,798.604,654.52,773.466,721.277,756.3,727.741,781.438
660.984,798.604,654.52,773.466,721.277,756.3,727.741,781.438
655.231,794.154,650.231,769.154,721.769,754.846,726.769,779.846
661.6,792.8,656.2,770.6,726.883,753.407,732.283,775.607
647.71,789.711,643.809,768.535,719.809,754.535,723.71,775.711
726.841,780.065,655.265,774.559,656.894,753.376,728.471,758.882
713.368,784.016,653.364,755.89,662.96,735.419,722.963,763.545
707.925,779.939,658.946,740.144,674.362,721.169,723.341,760.965
703.365,772.689,651.905,735.932,665.757,716.541,717.216,753.297
699.169,761.651,648.932,716.796,665.309,698.454,715.546,743.309
689.304,748.359,645.455,696.538,664.328,680.569,708.176,732.39
686,742,637,693,654.5,675.5,703.5,724.5
690.022,730.087,632.185,695.813,645.196,673.857,703.033,708.131
678.172,719.931,614.569,692.672,624.345,669.862,687.948,697.121
665.676,707.789,600.434,678.325,610.816,655.336,676.058,684.8
646.773,693.01,581.639,664.062,592.072,640.588,657.206,669.536
626.553,678.28,557.018,657.033,564.276,633.279,633.812,654.526
595.562,667.579,521.276,659.089,524.06,634.721,598.347,643.211
484,664,484,639,557,639,557,664
469.322,668.08,467.098,639.913,534.259,634.611,536.482,662.778
460.4,683.2,450.591,658.232,514.357,633.181,524.166,658.149
423.873,682.819,419.934,656.56,487.122,646.482,491.061,672.741
393.408,698.159,386.834,673.654,453.453,655.781,460.028,680.285
365,699,360.115,674.577,427.039,661.192,431.923,685.615
346.765,715.059,340.882,691.529,406.529,675.118,412.412,698.647
341.407,745.07,323.628,728.226,370.323,678.937,388.102,695.781
328.07,773.396,310.238,757.263,355.961,706.727,373.793,722.86
330.759,806.091,308.306,795.987,336.147,734.116,358.601,744.22
317.173,823.195,295.117,809.572,329.569,753.793,351.625,767.416
329.455,856.761,306.158,851.436,321.487,784.369,344.784,789.694
316.199,865.66,311.363,801.173,336.298,799.303,341.134,863.79
337.556,862.916,312.529,859.882,320.414,794.838,345.44,797.872
345.137,863.223,310.7,807.262,333.854,793.013,368.292,848.974
363.985,864.213,319.343,812.703,339.787,794.985,384.429,846.495
370.011,871.618,333.382,813.011,355.404,799.247,392.034,857.854
380.641,880.469,343.569,825.744,367.515,809.522,404.587,864.248
415.494,885.036,360.568,845.489,377.392,822.122,432.318,861.669
430.858,891.686,383.738,842.996,404.393,823.006,451.513,871.697
442.155,894.092,391.069,847.872,409.903,827.055,460.989,873.276
442.507,893.643,391.489,847.263,409.905,827.005,460.923,873.385
467.828,909.988,423.398,858.976,444.97,840.187,489.4,891.2
456.658,912.084,428.123,848.428,453.333,837.127,481.868,900.783
446.202,910.368,428.041,841.357,453.982,834.531,472.142,903.542
441.615,907.077,427.461,836.308,453.808,831.039,467.961,901.808
437.12,906.666,428.271,832.928,454.218,829.814,463.066,903.552
451.514,903.805,426.216,899.972,437.172,827.662,462.47,831.495
417.017,899.482,397.278,881.059,444.732,830.216,464.47,848.639
385.037,890.214,376.215,862.866,438.332,842.828,447.154,870.176
361.829,880.526,357.626,852.506,423.592,842.611,427.795,870.631
407.193,874.087,339.366,864.113,343.413,836.59,411.241,846.565
388.403,863.085,321.172,848.931,326.615,823.077,393.846,837.231
364.696,854.328,298.11,834.907,305.435,809.794,372.021,829.214
341.072,841.057,276.14,827.529,281.556,801.532,346.487,815.06
312.784,823.153,254.953,788.816,268.178,766.543,326.009,800.88
281.506,801.776,220.618,763.029,233.794,742.323,294.682,781.071
255.82,779.579,196.802,750.827,208.483,726.851,267.501,755.603
231.566,753.148,186.062,705.825,204.428,688.165,249.932,735.489
207.009,732.425,158.466,685.905,175.055,668.595,223.598,715.115
208.2,714.6,149.4,685.2,159.8,664.4,218.6,693.8
201.7,709.9,139,689,146.8,665.6,209.5,686.5
204,709,140.276,681.69,149.172,660.931,212.897,688.241
204.362,709.155,141.121,682.052,150.017,661.293,213.259,688.397
207.451,705.252,140.882,696.662,143.789,674.134,210.358,682.724
208.266,705.502,140.865,696.515,143.878,673.917,211.279,682.904
207.375,705.534,141.829,696.494,144.956,673.821,210.502,682.862
142,701,142,678,207,678,207,701
142,700,142,679,207,679,207,700
204.122,701.903,138.488,694.61,140.842,673.427,206.476,680.719
199.143,700.61,137.907,682.405,143.636,663.135,204.872,681.34
194.017,699.293,137.293,674.983,145.155,656.638,201.879,680.948
189.643,695.987,136.255,666.866,145.389,650.121,198.777,679.242
180.071,691.062,131.575,648.628,145.266,632.982,193.761,675.416
174.541,681.713,130.138,632.376,146.16,617.956,190.564,667.293
170.158,670.215,124.497,620.583,141.719,604.738,187.38,654.37
163.225,659.867,117.773,609.169,135.436,593.333,180.889,644.03
154.38,634.206,107.977,584.709,124.942,568.805,171.345,618.301
149.085,614.902,106.988,560.526,125.725,546.019,167.822,600.396
138.168,611.786,118.204,545.752,140.663,538.962,160.627,604.997
138.771,596.719,126.274,526.737,149.429,522.602,161.926,592.585
134.445,571.474,132.626,504.172,155.663,503.55,157.482,570.852
136.672,547.393,130.615,480.762,152.975,478.73,159.033,545.361
140,519,140,451,162,451,162,519
165.765,487.941,142.235,482.059,158.647,416.412,182.176,422.294
154,455,154,387,178,387,178,455
181.475,432.247,157.02,429.802,163.792,362.079,188.247,364.525
190.101,418.132,166.51,410.077,188.573,345.464,212.164,353.52
199.868,406.651,186.804,358.13,220.264,349.121,233.327,397.643
196.628,407.856,187.819,349.127,218.137,344.579,226.946,403.308
207.2,414.6,181.6,401.8,211.8,341.4,237.4,354.2
211.199,412.363,183.699,399.863,209.726,342.603,237.226,355.103
202.868,415.038,178.67,401.594,209.802,345.557,234,359
197.262,413.092,175.177,395.915,212.762,347.592,234.846,364.769
208.488,411.798,186.018,401.052,214.297,341.925,236.766,352.671
210.4,406.2,188.8,395.4,217,339,238.6,349.8
210.899,406.208,189.261,395.698,216.782,339.037,238.42,349.547
210.899,406.208,189.261,395.698,216.782,339.037,238.42,349.547
210.899,406.208,189.261,395.698,216.782,339.037,238.42,349.547
210.899,406.208,189.261,395.698,216.782,339.037,238.42,349.547
210.899,406.208,189.261,395.698,216.782,339.037,238.42,349.547
210.899,406.208,189.261,395.698,216.782,339.037,238.42,349.547
218.658,381.065,197.226,368.077,233.237,308.659,254.668,321.647
220.401,380.076,197.176,365.661,232.728,308.383,255.953,322.798
220.081,380.716,197.032,366.747,233.392,306.753,256.441,320.722
220.01,383.454,196.219,369.508,233.319,306.221,257.109,320.167
221.794,383.677,197.971,369.382,235.206,307.323,259.029,321.618
218.5,383.5,199,364,249.5,313.5,269,333
221.832,381.395,206.265,359.989,264.178,317.87,279.746,339.276
223.284,374.099,216.284,349.279,283.667,330.273,290.667,355.094
232.86,377.696,220.585,355.732,281.817,321.514,294.091,343.479
252.308,376.539,231.077,362.385,269.077,305.385,290.308,319.539
268.134,368.18,243.554,362.65,259.102,293.548,283.682,299.078
277.132,362.038,251.509,354.717,270.226,289.208,295.849,296.528
279.181,359.824,255.073,354.659,269.985,285.068,294.093,290.234
279.514,359.071,255.863,352.763,274.734,281.996,298.386,288.303
279.2,350.6,257.2,339.6,289.8,274.4,311.8,285.4
286.747,338.729,267.61,324.007,311.03,267.561,330.167,282.283
296.64,332.48,275.36,316.52,314.72,264.04,336,280
314.986,327.116,290.56,324.242,298.608,255.836,323.034,258.71
294,319,294,251,318,251,318,319
305.306,312.44,284.796,242.707,307.102,236.146,327.612,305.879
308.507,298.464,271.188,244.183,291.602,230.148,328.92,284.43
306.478,297.687,275.294,240.988,296.253,229.461,327.438,286.159
304.991,291.303,285.862,227.541,309.899,220.33,329.027,284.092
316.559,285.265,283.559,230.265,302.971,218.618,335.971,273.618
318.809,285.375,285.166,234.11,303.907,221.811,337.55,273.076
317.98,284.819,285.21,234.026,304.252,221.741,337.022,272.534
318.492,284.862,288.277,231.985,307.231,221.154,337.446,274.031
318.005,285.105,287.956,232.16,307.049,221.324,337.098,274.268
317.871,284.492,287.948,233.197,306.912,222.135,336.834,273.43
318.052,284.803,288.129,233.508,307.093,222.446,337.016,273.741
322.023,285.525,283.244,242.869,301.213,226.534,339.991,269.19
320.454,285.801,283.194,234.991,301.055,221.893,338.315,272.702
322.469,290.667,280.282,240.668,298.044,225.682,340.23,275.681
321.615,291.071,280.922,239.827,298.742,225.675,339.435,276.919
321.615,291.071,280.922,239.827,298.742,225.675,339.435,276.919
321.615,291.071,280.922,239.827,298.742,225.675,339.435,276.919
321,287,277.5,243.5,294.5,226.5,338,270
323.76,286.32,274.32,249.24,288.84,229.88,338.28,266.96
328.107,286.771,272.754,251.919,285.413,231.815,340.765,266.667
328.028,287.134,273.01,251.161,286.047,231.223,341.064,267.196
328.184,287.047,272.437,251.209,285.303,231.195,341.051,267.033
328.437,287.209,273.144,251.664,286.011,231.65,341.303,267.195
325.936,288.239,275.625,247.665,290.82,228.823,341.132,269.397
321.692,283.461,264.923,245.615,277.692,226.462,334.461,264.308
313.18,281.984,264.59,241.492,280.492,222.41,329.082,262.902
311.5,282.5,264.5,235.5,281.5,218.5,328.5,265.5
311,283,264,236,281.5,218.5,328.5,265.5
313.008,280.047,257.628,240.82,272.073,220.427,327.453,259.654
313.814,275.652,250.611,245.07,261.311,222.957,324.513,253.539
314.26,275.841,249.798,248.568,259.252,226.222,323.714,253.494
315.8,273.6,249.2,251.4,256.9,228.3,323.5,250.5
315.996,271.734,245.88,257.299,250.597,234.388,320.713,248.823
310.773,266.478,243.835,264.449,244.595,239.351,311.534,241.38
241.22,268.363,240.532,242.223,306.592,240.484,307.28,266.624
238.098,279.878,235.598,257.378,308.805,249.244,311.305,271.744
231,281,231,257,299,257,299,281
220.662,295.315,215.298,272.518,281.905,256.846,287.269,279.643
213.826,321.031,203.81,300.444,265.375,270.493,275.39,291.08
197.235,336.059,184.618,315.029,243.588,279.647,256.206,300.677
175.859,356.933,164.186,332.937,224.832,303.433,236.506,327.429
188.608,378.149,167.797,363.284,206.581,308.987,227.392,323.851
177.724,382.286,161.056,366.192,208.096,317.472,224.764,333.566
159.946,360.676,155.973,336.838,223.432,325.595,227.405,349.432
229.877,358.06,162.695,344.996,167.291,321.362,234.473,334.425
220.499,364.91,175.397,311.754,193.791,296.147,238.893,349.303
207.658,358.753,184.11,295.959,207.123,287.329,230.671,350.123
225.58,351.912,201.56,349.625,207.937,282.661,231.957,284.948
225.881,339.105,203.961,332.216,225.086,264.999,247.007,271.888
238,329,212.8,316.4,237.8,266.4,263,279
260.228,303.96,239.96,289.772,279.376,233.463,299.644,247.651
271.684,290.418,257.296,270.145,311.702,231.534,326.089,251.808
297.652,263.089,286.512,241.464,344.657,211.51,355.797,233.135
324.655,249.138,316.034,227.586,380.517,201.793,389.138,223.345
365.514,241.398,356.129,219.214,418.568,192.798,427.954,214.981
456.664,231.094,389.657,229.376,390.269,205.494,457.277,207.212
480.481,235.541,413.414,227.876,416.138,204.044,483.205,211.709
513.654,259.934,450.446,238.311,458.248,215.506,521.456,237.13
537.118,297.471,478.441,262.265,491.147,241.088,549.823,276.294
540.768,305.466,486.897,263.759,502.246,243.932,556.118,285.64
551.465,306.784,493.056,271.09,505.885,250.097,564.294,285.791
509,293,509,268,576,268,576,293
531.926,293.817,530.276,267.42,596.58,263.276,598.23,289.673
531.96,293.874,530.256,267.467,597.557,263.125,599.26,289.532
614.229,266.635,596.938,245.639,646.431,204.88,663.722,225.876
628.229,261.989,608.6,244.2,653.849,194.27,673.478,212.058
624.078,260.506,608.981,238.189,662.816,201.771,677.913,224.089
636.427,266.922,613.289,254.463,645.046,195.486,668.183,207.945
630.462,268.692,609.677,256.815,646.169,192.954,666.954,204.831
633.289,269.35,609.907,258.959,637.99,195.773,661.371,206.165
633.74,264.066,607.656,256.871,625.849,190.924,651.933,198.119
635.092,261.262,606.908,257.738,615.339,190.292,643.523,193.815
633.453,260.514,604.824,259.62,606.917,192.654,635.545,193.548
602.64,256.48,592,182,617.06,178.42,627.7,252.9
599.941,252.086,572.47,184.465,595.753,175.007,623.224,242.628
591.419,244.394,553.006,183.282,574.469,169.791,612.882,230.903
567.697,231.525,526.848,178.763,548.611,161.914,589.459,214.677
544.292,224.835,492.865,178.307,510.776,158.511,562.202,205.04
527.407,218.975,476.076,173.567,493.636,153.716,544.967,199.124
527.907,216.55,466.142,183.609,478.183,161.031,539.948,193.972
521.624,223.665,472.258,171.008,490.952,153.482,540.318,206.139
510.205,227.968,498.976,156.846,523.932,152.905,535.162,224.027
536.486,233.762,512.343,232.492,516.21,159.011,540.354,160.282
533.288,236.233,510.055,227.52,535.329,160.123,558.562,168.836
529.426,236.311,512.705,216.246,565.328,172.393,582.049,192.459
539,225,539,195,601,195,601,225
620.912,250.318,556.868,227.977,566.415,200.61,630.459,222.951
659.604,260.887,593.962,242.132,601.962,214.132,667.604,232.887
693.317,273.622,629.903,243.676,642.623,216.739,706.038,246.684
642,271,642,242,715,242,715,271
718.249,320.276,669.37,265.967,691.028,246.475,739.906,300.784
720.945,338.338,675.759,300.103,698.707,272.983,743.893,311.217
764.254,369.347,706.959,328.763,723.802,304.985,781.097,345.569
795.94,364.794,726.53,343.103,734.769,316.74,804.178,338.431
811.271,384.841,744.853,352.703,756.527,328.578,822.944,360.715
806.49,412.229,761.385,359.348,782.241,341.559,827.346,394.44
800.313,438.139,782.679,374.013,809.5,366.638,827.135,430.763
796.365,463.214,779.314,398.108,805.227,391.321,822.278,456.427
798.089,500.109,772.347,497.535,779.436,426.644,805.178,429.218
782.715,545.599,757.118,539.504,773.427,471.007,799.024,477.101
782.193,546.51,756.455,540.233,773.362,470.918,799.099,477.195
777.048,623.736,752.32,619.24,765.504,546.728,790.232,551.224
778.812,654.833,750.325,653.914,752.503,586.403,780.99,587.322
739.737,677.313,717.29,661.414,756.734,605.728,779.18,621.628
713.049,682.522,694.972,660.273,746.925,618.061,765.002,640.31
675.471,660.83,673.556,633.065,741.269,628.395,743.183,656.16
715.324,661.054,650.459,650.243,655.351,620.892,720.216,631.703
689.768,649.836,624.313,648.114,625.087,618.687,690.542,620.409
654.5,642.5,606.5,594.5,627,574,675,622
631.036,614.815,591.178,555.976,613.466,540.878,653.324,599.716
612.578,575.791,576.106,514.451,599.548,500.512,636.021,561.853
598.4,535.8,565.6,470.2,589.6,458.2,622.4,523.8
578.862,487.541,558.193,418.642,583.881,410.936,604.55,479.835
566.3,445.1,556.02,373.14,581.5,369.5,591.78,441.46
563.727,424.059,548.332,352.215,572.78,346.976,588.175,418.819
567.483,416.207,540.242,348.103,563.69,338.724,590.931,406.828
550.963,386.904,524.783,319.584,548.622,310.314,574.802,377.633
534.745,344.11,500.974,281.9,523.484,269.68,557.255,331.89
524.524,329.72,488.439,273.951,509.461,260.349,545.546,316.117
519.157,313.24,487.817,255.261,508.984,243.82,540.323,301.798
497.134,277.115,492.053,209.371,515.595,207.605,520.676,275.349
520.353,237.588,497.53,231.882,513.882,166.471,536.706,172.176
529.211,224.209,505.27,218.803,519.97,153.703,543.911,159.109
529.162,224.424,505.222,219.018,519.755,154.654,543.696,160.06
512.43,234.357,510.529,162.091,533.881,161.477,535.783,233.743
513.104,239.759,487.379,175.448,510.31,166.276,536.034,230.586
512.662,240.074,469.78,183.47,488.764,169.088,531.646,225.693
510.057,233.241,451.914,197.329,464.419,177.083,522.562,212.994
495.586,228.965,433.672,202.431,443.397,179.741,505.31,206.276
471.871,218.445,404.71,211.185,407.341,186.848,474.502,194.108
447.564,219.211,376.454,207.021,380.365,184.205,451.475,196.396
356.765,241.059,350.941,217.765,419.177,200.706,425,224
335.927,274.408,322.682,253.676,378.132,218.249,391.377,238.981
305.21,270.155,297.341,248.236,359.714,225.846,367.582,247.765
273,266,273,243,339,243,339,266
259.522,282.703,251.856,261.895,315.066,238.607,322.732,259.415
256.883,311.146,242.971,296.77,291.795,249.521,305.707,263.897
251.836,348.01,232.166,336.622,265.554,278.952,285.224,290.34
237.811,392.445,216.805,383.517,242.841,322.257,263.846,331.185
231.108,446.502,208.233,441.529,223.251,372.446,246.126,377.419
221,504,221,432,244,432,244,504
248.731,563.654,234.5,492.5,257,488,271.231,559.154
270.306,605.762,253.22,540.837,277.29,534.503,294.376,599.427
253,625,253,558,277,558,277,625
252,641,252,570,275,570,275,641
245.588,651.353,223.529,638.118,257.5,581.5,279.559,594.735
239.806,669.188,216.617,657.891,245.38,598.852,268.569,610.149
195.268,677.585,179.659,658.073,232.464,615.829,248.073,635.341
153.136,688.527,143.55,665.521,205.538,639.692,215.124,662.698
148.135,687.879,138.22,665.216,198.075,639.029,207.99,661.692
168.647,698.412,150.776,683.094,196.518,629.729,214.388,645.047
180.961,705.874,159.983,694.833,192.347,633.341,213.325,644.382
163.378,700.754,146.434,682.812,194.091,637.803,211.036,655.744
168.167,702.632,148.956,687.424,188.883,636.99,208.093,652.198
162.038,702.552,144.804,686.507,191.237,636.635,208.471,652.68
180.345,708.85,157.574,699.904,181.737,638.397,204.508,647.343
177.612,713.135,156.336,702.84,186.146,641.232,207.422,651.527
189.615,719.923,166.346,715.269,180.346,645.269,203.615,649.923
187.039,725.833,163.964,720.403,181.013,647.944,204.089,653.374
198.604,732.741,174.979,731.352,179.279,658.252,202.903,659.641
182,750,182,676,206,676,206,750
211.959,768.093,185.206,698.536,207.588,689.928,234.34,759.484
231.853,781.088,195.676,720.794,217.735,707.559,253.912,767.853
255.572,800.355,215.388,747.312,237.818,730.32,278.002,783.362
248.449,817.075,226.074,752.436,252.246,743.377,274.621,808.016
261.515,820.295,229.954,761.381,255.013,747.957,286.574,806.871
292.496,822.453,239.906,779.009,257.176,758.102,309.766,801.546
317.994,815.15,254.942,799.865,261.79,771.616,324.842,786.901
340.81,793.652,268.526,791.586,269.247,766.35,341.531,768.415
306.637,790.585,300.411,763.904,366.164,748.562,372.39,775.242
349.8,786.4,340.7,759.1,404.3,737.9,413.4,765.2
448.331,777.938,375.589,771.171,377.984,745.417,450.727,752.184
480.76,780.166,406.283,771.083,409.237,746.858,483.715,755.941
493.061,788.38,426.046,776.035,430.824,750.099,497.839,762.444
508.18,791.74,443.08,782.44,447.04,754.72,512.14,764.02
528.784,826.167,470.617,791.951,485.064,767.391,543.231,801.607
520.21,853.74,486.028,795.893,509.712,781.897,543.894,839.744
531.794,881.324,496.765,822.941,520.294,808.824,555.324,867.206
532.692,903.572,509.642,839.359,535.377,830.121,558.427,894.334
546.293,900.942,505.695,843.251,527.89,827.633,568.487,885.324
576.379,881.552,512.242,855.896,522.655,829.862,586.793,855.517
581.911,883.394,515.038,854.476,525.662,829.908,592.535,858.826
584.944,879.432,515.151,854.666,523.762,830.399,593.555,855.165
584.944,879.432,514.263,854.351,522.761,830.399,593.443,855.48
597.191,871.916,522.117,858.668,526.416,834.309,601.49,847.557
600.872,874.351,525.702,860.257,530.389,835.26,605.558,849.355
526,865,526,841,602,841,602,865
528,867,528,842,603,842,603,867
529,867,529,842,603,842,603,867
530.353,868.412,524.823,846.294,608.118,825.471,613.647,847.588
530.494,868.587,524.864,846.692,607.031,825.563,612.661,847.459
530.26,870.079,524.973,845.627,606.694,827.958,611.981,852.41
537.922,868.933,527.509,844.434,594.338,816.031,604.751,840.531
546.894,866.213,534.672,843.206,597.209,809.983,609.432,832.989
552,864,537.846,842.769,596.231,803.846,610.385,825.077
559.505,858.38,542.367,839.815,593.911,792.236,611.048,810.802
559.583,858.349,542.338,839.725,593.805,792.07,611.05,810.694
561.825,856.449,546.521,837.502,601.803,792.851,617.107,811.799
565.5,856.5,548,839,598,789,615.5,806.5
562.171,856.463,546.659,837.073,601.903,792.878,617.415,812.268
565.046,856.455,547.308,838.06,597.83,789.342,615.568,807.738
566.29,850.924,553.658,828.985,614.833,793.763,627.465,815.702
576.915,846.756,564.344,825.386,622.424,791.221,634.995,812.591
576.998,841.806,566.943,822.175,627.516,791.15,637.571,810.781
575.9,836.7,567.6,811.8,619.2,794.6,627.5,819.5
583.585,830.732,575.68,809.276,639.678,785.698,647.583,807.154
586.397,832.259,576.672,809.569,637.742,783.397,647.466,806.086
587.464,831.132,580.214,807.208,645.687,787.367,652.937,811.292
589.893,828.282,584.984,806.804,651.97,791.493,656.879,812.971
592.133,824.364,588.619,801.52,653.393,791.555,656.907,814.399
605.26,826.027,596.671,803.123,655.849,780.932,664.438,803.836
608,812,608,791,675,791,675,812
608,812,608,790,674,790,674,812
675.416,811.761,609.575,807.372,610.969,786.465,676.81,790.854
674.092,821.213,612.67,806.588,617.884,784.687,679.307,799.311
675.263,819.771,614.346,806.717,619.102,784.522,680.019,797.576
676.574,812.689,613.189,806.926,615.156,785.287,678.541,791.049
675.582,812.598,613.279,806.934,615.246,785.295,677.549,790.959
677.745,811.951,611.376,807.67,612.73,786.692,679.099,790.974
675.823,820.706,614.412,805.353,619.941,783.235,681.353,798.588
675.99,823.747,614.819,805.906,621.528,782.904,682.699,800.745
673.9,825.3,615.4,805.8,623.5,781.5,682,801
673.897,827.758,616.483,804.793,626.207,780.483,683.621,803.448
674.299,827.423,616.469,805.18,625.902,780.655,683.732,802.897
680.69,829.276,619.483,804.793,629,781,690.207,805.483
682.655,830.074,621.135,805.79,630.968,780.882,692.487,805.166
687.2,830.4,622.1,808.7,630.3,784.1,695.4,805.8
687.357,832.083,623.416,807.217,632.255,784.488,696.196,809.354
687.621,831.922,623.47,807.136,632.211,784.513,696.362,809.299
687.649,831.098,624.428,807.616,633.558,783.036,696.779,806.518
691.332,828.411,625.751,811.052,632.758,784.583,698.339,801.943
696.247,822.615,630.518,817.285,632.814,788.958,698.544,794.287
636,818,636,790,703,790,703,818
711.37,811.494,637.509,808.283,638.657,781.898,712.517,785.109
658.283,811.564,650.895,786.443,724.526,764.787,731.914,789.908
682.906,804.16,670.847,779.331,736.431,747.476,748.491,772.304
716.065,795.147,692.137,780.034,729.135,721.453,753.063,736.566
719.423,782.43,696.974,767.196,736.036,709.631,758.485,724.865
725.8,780.4,703.4,769.2,736,704,758.4,715.2
722.594,779.952,701.013,765.79,739.544,707.076,761.125,721.238
722.077,780.385,700.385,765.923,739.615,707.077,761.308,721.539
721.726,780.579,700.156,765.987,739.767,707.431,761.338,722.023
736.3,776.9,709.56,773.08,719.08,706.44,745.82,710.26
737.462,777.308,711.369,774.046,720.031,704.754,746.123,708.016
737.144,777.419,711.271,773.969,720.502,704.734,746.376,708.183
729.945,774.479,706.274,765.603,730.438,701.164,754.11,710.041
