1
527.609,106.781,526.104,75.1855,582.975,72.4774,584.48,104.072
522,108,522,74,578,74,578,108
522,108,522,74,579,74,579,108
522,108,522,74,579,74,579,108
517.876,130.202,500.348,102.157,552.843,69.3483,570.371,97.3933
499,116,499,83,562,83,562,116
494.297,119.447,492.053,85.7965,553.712,81.6859,555.956,115.336
495.404,129.679,485.936,98.1193,553,78,562.468,109.56
485.662,125.292,481.2,89.6,549.754,81.0308,554.216,116.723
480,123,480,86,550,86,550,123
474,124,474,86,545,86,545,124
474,124,474,86,545,86,545,124
474,124,474,86,545,86,545,124
464.742,141.838,455.352,109.398,535.334,86.2454,544.725,118.685
454.035,139.225,448.497,103.231,530.029,90.6879,535.567,126.682
454.711,139.121,449.173,103.127,530.029,90.6879,535.566,126.682
447.385,141.077,442.323,100.585,523.062,90.4923,528.123,130.985
442.134,143.207,437.622,102.598,522.903,93.1219,527.415,133.732
439.448,145.503,437.177,102.359,520.997,97.9475,523.268,141.091
435.91,150.008,431.893,105.828,514.754,98.2951,518.771,142.475
432.934,156.831,423.131,115.443,511.067,94.6157,520.87,136.005
432.484,161.104,421.616,118.841,509.947,96.1279,520.815,138.391
433.165,166.947,418.994,122.411,506.747,94.4897,520.917,139.026
425.737,168.486,412.228,122.895,508.686,94.3152,522.194,139.905
415.862,167.892,409.692,118.538,514.8,105.4,520.969,154.754
423.849,180.932,405.685,132.493,500.918,96.7808,519.082,145.219
419.989,184.671,401.823,135.621,503.211,98.07,521.378,147.119
413.271,180.785,402.215,128.271,509.411,105.703,520.467,158.217
414.882,186.529,402.059,135.235,511.941,107.765,524.765,159.059
414.235,185.941,400.471,130.882,505.882,104.529,519.647,159.588
417.378,192.386,404.094,136.597,516.17,109.912,529.453,165.702
420.445,198.54,402.255,141.373,510.604,106.899,528.794,164.066
421.2,201.6,403.8,149.4,513.9,112.7,531.3,164.9
418.253,209.902,396.989,154.972,514.116,109.633,535.379,164.563
415.174,210.248,397.505,151.349,523.651,113.505,541.321,172.404
413.652,220.182,391.868,158.458,504.12,118.84,525.905,180.563
408.1,218.193,391.338,155.714,509.765,123.941,526.527,186.419
415.649,224.006,393.44,161.08,507.209,120.926,529.419,183.852
405,210,405,137,523,137,523,210
419.58,235.068,395.683,168.892,520.639,123.769,544.536,189.945
398,220,398,145,537,145,537,220
403.751,245.066,383.967,170.876,530.917,131.689,550.701,205.88
415.971,255.544,388.446,178.13,521.493,130.825,549.018,208.238
413.704,254.793,390.599,176.236,527.573,135.949,550.678,214.506
412.608,253.574,397.234,171.581,533.687,145.996,549.06,227.989
407.234,257.581,392.404,178.487,539.06,150.989,553.891,230.083
401.112,256.567,392.668,176.351,547.479,160.055,555.923,240.271
398,256,398,166,544,166,544,256
400.584,269.647,389.601,184.922,540.346,165.381,551.328,250.106
411.232,289.603,379.943,208.253,530.113,150.495,561.402,231.845
395.73,285.746,374.663,199.856,536.688,160.114,557.755,246.003
396.456,284.988,378.719,199.85,534.06,167.488,551.797,252.626
394.667,297.985,369.676,218.251,536.782,165.874,561.773,245.609
392.35,297.139,371.607,216.472,533.529,174.835,554.272,255.501
386.379,301.323,368.717,225.244,535.209,186.594,552.87,262.673
385.853,304.592,364.54,227.334,542.29,178.299,563.602,255.558
383.497,307.594,364.437,235.324,552.93,185.612,571.991,257.882
377.474,304.605,365.256,229.862,547.97,199.995,560.188,274.738
372.853,308.431,362.266,231.142,532.187,207.865,542.774,285.154
363.442,308.398,359.113,226.152,528.486,217.238,532.815,299.483
366.837,308.66,359.15,226.406,523.305,211.065,530.992,293.319
365.093,315.762,351.869,235.757,522.971,207.476,536.195,287.48
364.293,316.634,354.793,231.134,529.963,211.671,539.463,297.171
353.761,317.637,350.342,229.429,526.272,222.61,529.691,310.818
349.205,325.793,336.282,246.53,527.419,215.367,540.342,294.629
342.959,327.077,334.299,238.312,518.811,220.311,527.471,309.076
334.386,331.634,326.573,237.869,516.669,222.028,524.483,315.793
332.241,332.559,327.851,238.605,520.757,229.591,525.147,323.545
333,332,333,240,523,240,523,332
515.7,331.587,322.235,326.584,324.577,236.032,518.042,241.036
508.346,334.459,318.588,322.599,323.996,236.062,513.755,247.922
314,327,314,244,508,244,508,327
310,329,310,242,502,242,502,329
496.267,342.327,307.059,323.406,315.921,234.792,505.129,253.713
488.18,347.594,304.681,318.178,318.605,231.318,502.104,260.734
481.907,348.369,296.763,317.037,312.309,225.175,497.453,256.507
475.02,347.886,290.017,315.238,305.55,227.215,490.554,259.862
470.799,348.33,281.291,315.241,296.495,228.166,486.003,261.254
468.059,349.044,276.078,313.848,292.766,222.824,484.746,258.02
467.062,347.61,272.087,313.124,288.436,220.689,483.411,255.175
466.089,346.981,271.824,317.737,285.965,223.801,480.23,253.045
460.346,352.269,262.077,312.615,281.192,217.038,479.461,256.692
452.602,347.418,257.216,307.294,276.328,214.228,471.713,254.352
448.052,346.056,254.091,305.866,273.414,212.608,467.375,252.798
438.187,342.507,252.259,307.426,269.819,214.362,455.747,249.443
437.039,341.233,243.846,303.139,261.407,214.08,454.599,252.175
430.187,338.629,239.496,308.664,253.852,217.305,444.543,247.271
421.297,334.496,235.73,303.868,251.676,207.257,437.242,237.885
420.118,338.481,233.831,296.143,254.381,205.723,440.668,248.061
410.965,342.085,225.86,291.997,251.132,198.6,436.237,248.688
407.257,337.222,225.333,290.849,248.873,198.497,430.798,244.87
407.207,335.67,218.429,292.344,239.635,199.949,428.412,243.275
402.318,334.722,220.384,285.412,244.558,196.217,426.493,245.526
399.148,327.851,212.851,281.852,233.857,196.779,420.154,242.779
389.322,327.158,212.855,277.159,237.05,191.764,413.517,241.763
386.618,327.432,207.241,279.598,230.643,191.838,410.021,239.672
389.743,320.045,206.456,271.63,227.654,191.38,410.941,239.796
385.46,319.026,211.673,270.301,234.224,189.867,408.012,238.592
382.577,314.014,213.732,272.256,233.547,192.135,402.392,233.893
383.551,312.571,210.924,270.671,230.782,188.86,403.408,230.759
382.591,310.155,214.839,266.01,236.122,185.137,403.873,229.282
380.471,305.118,214.588,263.647,234,186,399.882,227.471
373.514,304.954,220.211,258.963,242.835,183.551,396.138,229.541
377.238,301.792,221.038,259.192,241.3,184.9,397.5,227.5
377.728,301.693,222.626,260.636,242.467,185.682,397.569,226.739
375.156,298.368,228.462,251.692,251.261,180.038,397.955,226.713
376.724,294.566,230.338,251.046,251.26,180.672,397.646,224.192
373.974,295.612,228.283,244.424,252.399,175.789,398.089,226.977
374.926,290.668,234.661,240.016,258.416,174.233,398.681,224.885
374.45,288.054,233.087,234.004,258.272,168.134,399.635,222.184
376.606,283.012,233.544,232.092,256.937,166.367,399.999,217.288
383.359,272.925,229.598,232.309,245.536,171.972,399.297,212.588
386.247,270.388,235.047,236.788,248.529,176.118,399.729,209.718
390.192,266.039,218.462,231.692,230,174,401.731,208.346
401.923,269.385,252.308,239.462,265.115,175.423,414.731,205.346
399.647,266.433,231.488,232.493,244.124,169.887,412.283,203.828
400.894,269.977,252.659,237.035,268.141,167.365,416.377,200.306
262,253,262,182,411,182,411,253
266,253,266,184,414,184,414,253
266,253,266,184,413,184,413,253
266,253,266,184,412,184,412,253
266,253,266,184,411,184,411,253
406.764,266.49,274.436,214.11,300.401,148.513,432.73,200.893
420.22,246.717,280.047,240.877,282.932,171.622,423.106,177.463
419.181,246.834,280.921,240.823,283.894,172.43,422.155,178.441
295,240,295,171,427,171,427,240
410.2,259.6,291.4,200.2,320,143,438.8,202.4
423.886,239.934,295.39,232.376,299.114,169.066,427.61,176.624
423.6,245.8,291.431,209.754,307.446,151.031,439.615,187.077
424.448,248.001,302.515,203.21,323.197,146.909,445.13,191.701
428.706,241.739,299.089,209.946,312.337,155.932,441.954,187.725
432.646,241.534,301.624,211.298,313.775,158.64,444.798,188.876
434.485,235.964,303.227,210.284,313.051,160.075,444.309,185.756
437.88,236.643,317.964,204.234,330.918,156.302,450.835,188.712
429.87,233.357,307.206,212.208,315.439,164.455,438.103,185.604
431.708,233.886,315.894,209.504,325.921,161.878,441.735,186.26
424.077,231.615,313.885,209.577,323.5,161.5,433.692,183.538
425.434,231.981,326.377,203.679,340.113,155.604,439.17,183.906
426.039,230.778,332.466,204.665,345.887,156.573,439.46,182.686
337,224,337,172,436,172,436,224
336,223,336,172,437,172,437,223
433,227,334.731,207.346,344.154,160.231,442.423,179.885
338,221,338,173,440,173,440,221
341,220,341,174,442,174,442,220
341,218,341,175,444,175,444,218
346,216,346,176,442,176,442,216
347.643,219.475,345.129,180.508,443.334,174.172,445.848,213.139
445.249,218.68,348.35,209.595,351.818,172.608,448.716,181.692
352,212,352,174,446,174,446,212
349,211,349,174,442,174,442,211
347,209,347,174,436,174,436,209
352,208,352,171,436,171,436,208
359,205,359,168,442,168,442,205
426.03,208.192,336.443,189.441,343.47,155.866,433.057,174.617
356,202,356,166,431,166,431,202
