1
220.372,319.884,183.664,316.315,194.328,206.629,231.036,210.198
220.372,319.884,183.664,316.315,194.328,206.629,231.036,210.198
220.372,319.884,183.664,316.315,194.328,206.629,231.036,210.198
218.026,302.037,177.135,294.782,192.488,208.248,233.379,215.503
178,295,178,212,223,212,223,295
173,297,173,219,221,219,221,297
173.859,294.323,169.801,217.221,218.036,214.682,222.094,291.784
176.092,294.126,172.791,218.183,218.4,216.2,221.702,292.143
178.407,293.416,174.688,216.547,219.502,214.379,223.222,291.247
185.446,294.459,176.03,221.48,218.326,216.023,227.742,289.001
188.072,297.376,186.776,218.332,228.371,217.65,229.667,296.694
191,305,191,218,233,218,233,305
196.535,312.234,194.601,217.437,233.319,216.646,235.254,311.444
229.218,315.068,190.56,312.92,196.185,211.677,234.843,213.825
196,305,196,206,235,206,235,305
238.525,280.301,192.546,278.179,196.324,196.307,242.303,198.429
216.755,283.18,177.848,255.716,225.709,187.912,264.617,215.376
229.844,281.333,185.835,266.065,212.169,190.161,256.178,205.429
216.963,290.466,178.23,273.103,214.591,191.989,253.325,209.352
225.5,289.5,185.911,275.248,214.785,195.042,254.374,209.295
238.019,296.318,197.677,292.071,207.66,197.227,248.003,201.474
240.885,314.577,207.808,307.961,228.923,202.385,262,209
222.502,303.013,205.595,211.232,251.511,202.774,268.418,294.555
241.973,306.74,197.151,289.931,229.411,203.904,274.233,220.712
257.564,320.939,217.858,315.425,232.642,208.978,272.348,214.493
236.8,322.4,197.6,302.8,242.4,213.2,281.6,232.8
260.778,318.527,219.462,311.341,236.673,212.378,277.989,219.563
236.241,314.088,225.279,219.083,268.625,214.082,279.587,309.086
236.641,313.552,229.4,216.995,272.433,213.768,279.674,310.324
242.881,310.812,233.069,212.693,276.238,208.376,286.049,306.495
251.269,314.346,231.615,216.077,276.039,207.192,295.692,305.461
258.547,323.422,233.498,220.945,277.47,210.196,302.52,312.673
264.634,328.293,241,218,282.727,209.059,306.361,319.351
265,327,248.82,213.74,290.96,207.72,307.14,320.98
266.986,320.182,252.637,217.691,295.752,211.655,310.1,314.146
271.838,322.948,255.977,219.85,299.786,213.11,315.647,316.208
276.246,323.118,257.742,222.374,303.741,213.925,322.245,314.669
278.539,318.692,260,226,306.731,216.654,325.269,309.346
273,314,273,221,323,221,323,314
284.602,321.177,261.595,232.438,309.348,220.058,332.355,308.797
290.664,322.423,264.457,236.093,310.679,222.062,336.887,308.392
290.002,317.809,268.264,226.509,314.23,215.564,335.968,306.865
291.834,322.107,268.677,232.374,313.589,220.783,336.746,310.517
291.386,320.918,268.376,234.186,314.039,222.071,337.05,308.803
292.318,323.929,271.494,230.223,314.8,220.6,335.624,314.306
295.998,323.358,271.723,230.668,312.987,219.861,337.263,312.55
295.969,323.554,269.915,228.023,311.039,216.808,337.092,312.338
297.497,322.106,269.423,229.244,309.12,217.243,337.194,310.104
296.694,324.207,271.944,227.681,309.885,217.952,334.635,314.478
298.685,319.953,269.628,230.546,307.231,218.325,336.288,307.732
282,314,282,218,323,218,323,314
298.161,320.622,264.74,228.222,303.235,214.298,336.657,306.698
300.704,322.166,258.489,233.293,299.305,213.905,341.52,302.778
293.95,323.758,256.547,231.35,300.183,213.688,337.586,306.096
297.888,323.23,252.96,238.766,296.478,215.618,341.405,300.082
284.628,319.547,266.081,222.175,314.744,212.906,333.291,310.278
276.793,315.517,268.869,220.428,322,216,329.924,311.09
322.854,315.317,264.024,308.78,273.817,220.646,332.646,227.183
296.935,328.588,240.579,252.431,283.381,220.758,339.737,296.915
268,314,268,229,328,229,328,314
325.711,315.129,257.612,307.44,266.315,230.358,334.414,238.047
259.662,315.945,252.49,229.876,314.145,224.738,321.317,310.807
248.272,314.71,245.695,232.228,313.816,230.1,316.393,312.581
252.493,321.966,233.337,232.571,291.112,220.19,310.268,309.585
248.214,319.484,229.472,229.185,284.462,217.772,303.203,308.071
248.439,323.417,223.154,232.111,274.065,218.013,299.35,309.319
256.931,331.172,200.676,249.348,243.117,220.17,299.371,301.995
249,340,214.5,236.5,257.1,222.3,291.6,325.8
245.094,337.814,210.272,231.514,252.312,217.743,287.134,324.042
231.544,325.219,199.284,231.371,247.633,214.751,279.893,308.599
227.41,325.524,193.868,229.273,238.278,213.797,271.82,310.048
214.976,321.657,190.831,226.583,239.053,214.336,263.199,309.41
206.294,320.207,184.158,224.746,233.601,213.281,255.737,308.742
199.785,317.635,177.755,223.395,224.955,212.361,246.985,306.601
190.204,319.057,171.649,222.803,220.577,213.371,239.133,309.625
185.1,313.596,163.294,222.521,211.249,211.039,233.055,302.113
180.157,318.926,156.258,221.621,201.411,210.531,225.311,307.836
176.156,320.844,150.456,222.864,193.909,211.467,219.609,309.447
173.424,322.925,150.418,223.996,193.44,213.991,216.446,312.919
168.793,325.722,141.506,223.398,184.141,212.029,211.427,314.353
155.733,320.144,139.711,219.64,186.507,212.18,202.529,312.684
152.925,320.767,134.235,217.122,180.342,208.807,199.033,312.453
140.957,312.253,133.454,216.214,184.999,212.188,192.502,308.226
139.096,311.268,127.499,210.205,176.687,204.561,188.285,305.623
136.34,311.38,122.08,211.56,171.78,204.46,186.04,304.28
136.245,311.612,116.228,209.705,162.978,200.522,182.995,302.43
132.557,317.102,114.381,210.843,160.147,203.014,178.323,309.274
130.133,320.451,109.206,210.58,153.687,202.107,174.615,311.978
132.832,328.362,106.221,216.219,148.117,206.277,174.727,318.421
124.983,323.655,105.593,212.158,148.174,204.752,167.565,316.25
119.428,322.485,106.403,210.465,148.393,205.582,161.419,317.603
114.234,311.026,106.533,204.758,152.74,201.41,160.44,307.678
109.457,302.462,104.101,203.373,154.144,200.668,159.5,299.757
107.203,298.072,103.414,203.343,154.452,201.302,158.241,296.03
105.439,299.238,101.289,202.416,154.135,200.151,158.285,296.974
106.175,300.421,98.9681,200.725,152.711,196.84,159.918,296.536
108.755,301.704,97.3438,200.426,147.092,194.821,158.504,296.098
109.611,309.304,98.1315,200.249,144.2,195.4,155.68,304.455
112.137,308.049,99.2283,199.039,143.476,193.799,156.385,302.81
118.762,307.562,98.2516,199.418,142.838,190.962,163.348,299.106
107,301,107,197,154,197,154,301
106.275,298.847,104.318,193.198,154.375,192.271,156.332,297.92
155.857,299.306,105.853,298.536,107.526,189.808,157.53,190.577
112.594,303.689,106.32,190.76,158.326,187.871,164.6,300.8
120.178,305.782,108.337,187.366,160.515,182.148,172.356,300.564
167.139,307.137,112.448,304.978,117.281,182.537,171.973,184.696
118,311,118,183,170,183,170,311
122,302,122,180,172,180,172,302
168.384,309.492,119.136,306.056,127.785,182.078,177.034,185.514
128,311,128,180,174,180,174,311
134,308,134,180,178,180,178,308
144.649,299.892,125.27,183.622,170.838,176.027,190.216,292.297
142,290,142,177,189,177,189,290
152.527,296.519,132.081,189.175,181.204,179.818,201.65,287.162
201.997,279.051,147.021,276.255,151.652,185.169,206.629,187.964
151,275,151,175,202,175,202,275
156,271,156,175,203,175,203,271
162.19,275.141,158.608,178.422,202.696,176.789,206.278,273.508
164.335,279.376,161.139,180.318,204.803,178.91,207.999,277.968
170.853,281.495,165.926,180.491,207.729,178.452,212.656,279.456
173,285,173,177,214,177,214,285
175,280,175,183,217,183,217,280
176,274,176,181,220,181,220,274
219.267,276.44,175.989,273.403,182.904,174.87,226.182,177.908
184.931,267.873,181.792,170.555,223.974,169.194,227.113,266.513
189.046,266.531,185.013,175.799,228.017,173.888,232.05,264.62
192.332,262.091,187.304,169.911,230.231,167.569,235.259,259.75
194.222,262.356,186.184,177.152,231.965,172.833,240.003,258.037
226.514,268.919,182.568,261.595,198.243,167.54,242.189,174.865
197,270,197,168,238,168,238,270
201,272,201,174,242,174,242,272
230.846,270.769,192.577,263.115,212.385,164.077,250.654,171.731
203,263,203,172,242,172,242,263
203,257,203,172,247,172,247,257
204.308,254.462,194.339,174.708,241.6,168.8,251.569,248.554
205.064,252.432,193.827,176.025,243.287,168.752,254.523,245.158
248.488,258.61,203.158,253.573,212.805,166.756,258.134,171.793
249.84,258.809,205.334,254.882,213.075,167.154,257.581,171.081
254.196,257.583,205.972,253.673,212.841,168.96,261.065,172.87
253.299,261.611,206.607,258.428,212.758,168.211,259.45,171.394
212.584,258.842,204.168,174.683,253.574,169.743,261.99,253.901
211.441,253.165,207.013,171.242,256.463,168.57,260.892,250.492
213,253,213,168,260,168,260,253
228.197,258.305,209.505,172.325,254.26,162.596,272.951,248.576
233.277,255.015,210.754,172.431,254.669,160.454,277.192,243.038
240.201,261.36,213.386,175.169,254.131,162.493,280.946,248.684
239.066,255.919,214.012,173.239,256.698,160.304,281.753,242.984
239.092,254.003,215.332,175.596,260.711,161.845,284.47,240.251
235.085,251.747,220.218,171.039,264.988,162.792,279.855,243.5
229,257,229,167,270,167,270,257
269.547,256.115,228.734,253.091,235.269,164.872,276.082,167.895
260.031,255.554,218.654,244.269,240.762,163.208,282.138,174.492
260.578,259.046,220.76,248.836,242.154,165.398,281.972,175.608
270.7,252.1,227.86,245.98,239.64,163.52,282.48,169.64
230,248,230,169,279,169,279,248
234.177,244.163,230.913,167.451,281.162,165.312,284.427,242.024
235.356,243.648,228.315,171.481,280.888,166.352,287.929,238.519
235.261,242.737,228.542,172.186,281.112,167.18,287.832,237.73
244.013,242.112,235.642,168.45,284.937,162.848,293.308,236.51
247,244,247,165,292,165,292,244
247,245,247,167,294,167,294,245
249,250,249,165,291,165,291,250
290.83,248.945,246.929,246.082,252.287,163.932,296.187,166.795
253,250,253,168,295,168,295,250
259,249,259,166,300,166,300,249
262,244,262,164,301,164,301,244
269.892,245.867,262.499,168.238,302.706,164.409,310.099,242.038
302.993,241.117,261.783,238.693,266.128,164.831,307.338,167.255
269,248,269,168,309,168,309,248
269,245,269,168,311,168,311,245
310.135,243.241,268.229,240.018,273.965,165.459,315.871,168.682
310.687,245.753,267.166,239.225,278.345,164.702,321.866,171.23
309.04,248.639,265.746,240.664,280.323,161.533,323.617,169.508
310.336,248.946,264.93,240.499,279.668,161.287,325.073,169.734
312.14,248.02,265.1,241.3,276.6,160.8,323.64,167.52
313.947,243.481,265.192,234.282,279.981,155.902,328.736,165.101
268,232,268,161,324,161,324,232
268.219,230.772,263.026,164.998,322.55,160.299,327.743,226.073
270,231,270,162,330,162,330,231
273.289,233.35,270.035,161.771,323.697,159.332,326.951,230.911
275.487,240.919,262.811,164.865,314.216,156.297,326.892,232.351
277.9,240.7,271.653,159.488,317.918,155.929,324.165,237.141
281.527,247.638,272.507,159.692,315.186,155.314,324.206,243.261
283,250,271.011,155.799,312.055,150.575,324.044,244.776
285.757,251.54,270.378,159.27,309.46,152.757,324.838,245.027
277,254,277,154,317,154,317,254
275,242,275,151,319,151,319,242
274,238,274,151,318,151,318,238
284.032,241.176,268.336,154.848,311.896,146.928,327.592,233.256
283.788,242.094,268.604,153.525,312.209,146.05,327.392,234.619
275,241,275,154,319,154,319,241
306.566,251.019,262.849,238.528,286.094,157.17,329.811,169.66
280.826,243.509,276.459,156.177,316.908,154.155,321.274,241.486
283.391,251.472,277.086,163.208,315.249,160.482,321.553,248.746
278,244,278,155,316,155,316,244
311.334,247.317,279.215,245.711,283.634,157.332,315.753,158.938
309.559,245.265,279.009,243.81,283.025,159.477,313.575,160.932
306.298,248.291,278.135,245.806,285.618,160.996,313.781,163.481
306.844,247.49,278.455,245.716,283.623,163.039,312.012,164.813
282,240,282,164,313,164,313,240
282,239,282,164,313,164,313,239
283,239,283,165,315,165,315,239
311.169,240.646,278.677,236.585,287.277,167.785,319.769,171.846
312.345,240.406,280.017,237.785,285.917,165.02,318.245,167.641
316.264,242.54,281.017,241.438,283.329,167.479,318.576,168.581
282,237,282,168,318,168,318,237
282,237,282,168,318,168,318,237
282,237,282,168,318,168,318,237
283,243,283,169,319,169,319,243
282,248,282,169,318,169,318,248
282,249,282,168,317,168,317,249
282,247,282,170,317,170,317,247
283.321,252.883,274.796,171.042,309.111,167.468,317.636,249.309
280.591,250.634,276.172,171.102,311.286,169.151,315.705,248.683
280.151,249.311,276.419,167.208,309.895,165.687,313.627,247.79
278,252,278,168,313,168,313,252
278,256,278,166,312,166,312,256
278,257,278,170,312,170,312,257
276,253,276,169,311,169,311,253
277,259,277,164,311,164,311,259
277.739,263.25,275.501,162.567,309.462,161.812,311.7,262.496
276,267,276,156,308,156,308,267
275,263,275,162,308,162,308,263
275,270,275,162,306,162,306,270
276.991,266.867,270.31,166.646,303.23,164.451,309.911,264.672
273.256,265.644,269.383,164.947,301.95,163.694,305.823,264.391
271,266,271,164,302,164,302,266
271,265,271,167,302,167,302,265
269,267,269,162,299,162,299,267
266,271,266,161,297,161,297,271
264,275,264,162,294,162,294,275
288.641,278.195,259.314,277.333,262.639,164.283,291.966,165.146
285.628,275.549,255.381,274.234,260.049,166.872,290.296,168.187
283.523,269.585,253.172,267.898,259.012,162.779,289.363,164.465
254,273,254,166,285,166,285,273
253,274,253,166,285,166,285,274
280.551,276.279,248.242,275.766,249.99,165.635,282.299,166.148
249,278,249,172,282,172,282,278
249,277,249,173,282,173,282,277
245.709,278.67,240.026,174.471,274.052,172.615,279.735,276.815
244.385,278.757,238.249,176.485,272.067,174.456,278.204,276.728
239,276,239,172,275,172,275,276
237,278,237,169,272,169,272,278
235,283,235,172,270,172,270,283
233,280,233,172,268,172,268,280
229,282,229,174,265,174,265,282
225,285,225,172,262,172,262,285
222,285,222,172,260,172,260,285
220,285,220,169,259,169,259,285
255.14,285.207,213.544,283.127,219.065,172.703,260.661,174.783
246.706,297.307,207.461,293.819,218.322,171.629,257.567,175.117
212,302,212,177,253,177,253,302
208,298,208,174,252,174,252,298
208,287,208,168,253,168,253,287
206,287,206,171,254,171,254,287
203,290,203,171,254,171,254,290
200,290,200,171,254,171,254,290
197,287,197,168,253,168,253,287
194,287,194,168,252,168,252,287
189,287,189,168,248,168,248,287
185,290,185,171,246,171,246,290
184,293,184,174,246,174,246,293
182,293,182,171,243,171,243,293
187.571,294.182,175.211,174.702,234.985,168.519,247.345,287.999
187.588,295.393,175.722,174.361,236.238,168.428,248.104,289.46
180,293,180,168,240,168,240,293
232.577,297.636,176.163,293.548,185.411,165.928,241.825,170.016
181,293,181,165,237,165,237,293
185.711,300.861,178.982,169.642,232.866,166.879,239.595,298.098
182,301,182,165,236,165,236,301
179,299,179,165,235,165,235,299
179,296,179,165,236,165,236,296
179,296,179,165,235,165,235,296
179,296,179,165,236,165,236,296
179,296,179,165,235,165,235,296
179,296,179,165,236,165,236,296
179,296,179,165,235,165,235,296
179,296,179,165,236,165,236,296
189.102,287.25,150.142,140.264,206.113,125.428,245.074,272.414
187.001,287.719,153.149,132.967,210.111,120.507,243.963,275.258
185.212,287.023,161.547,132.125,222.078,122.877,245.743,277.775
184.545,285.29,161.247,136.18,217.01,127.467,240.309,276.577
177,287,177,126,227,126,227,287
228.54,290.76,179.002,289.875,181.995,122.303,231.532,123.188
227.201,295.679,177.505,292.667,187.931,120.632,237.628,123.644
222.327,295.179,174.737,288.748,197.344,121.452,244.935,127.883
216.885,298.68,170.288,288.836,206.507,117.403,253.103,127.247
225.781,295.879,174.828,287.267,203.547,117.346,254.5,125.958
228.241,296.453,171.332,286.033,202.974,113.221,259.883,123.641
224.314,297.454,165.572,283.009,208.823,107.12,267.566,121.565
229.235,293.059,167.824,277.706,210.824,105.706,272.235,121.059
229.941,293.235,167.824,277.706,210.706,106.176,272.823,121.706
223.683,296.754,162.504,277.698,217.339,101.647,278.519,120.703
227.715,298.377,165.608,281.438,217.692,90.4615,279.8,107.4
225.568,298.624,163.667,280.57,219.197,90.1824,281.098,108.237
225.771,298.555,164.296,280.89,219.046,90.3582,280.522,108.023
225.13,298.12,164.92,280.74,219.753,90.7844,279.963,108.165
220.035,299.623,154.949,270.954,230.57,99.2747,295.656,127.944
219.759,299.517,154.246,270.589,229.852,99.3635,295.365,128.291
219.497,299.385,154.65,270.822,229.945,99.8807,294.792,128.444
218.924,336.332,125.948,271.964,197.408,168.744,290.384,233.112
202.797,336.651,120.86,257.866,200.971,174.55,282.909,253.335
180.735,333.176,116.913,229.12,205.226,174.955,269.047,279.011
176.3,339.724,112.391,241.905,207.37,179.852,271.279,277.671
153.876,316.858,123.175,199.172,240.373,168.598,271.074,286.285
182.469,345.746,106.977,248.685,198.985,177.123,274.477,274.185
189.996,348.778,108.352,252.167,196.238,177.898,277.881,274.509
191.143,348.615,108.797,253.916,195.449,178.566,277.796,273.265
191.45,349.217,108.005,253.256,195.351,177.304,278.796,273.265
211.366,330.459,128.746,326.918,135.303,173.927,217.923,177.468
200.524,340.574,132.072,335.614,144.008,170.885,212.46,175.845
186.012,335.931,123.926,325.438,149.521,174.003,211.606,184.497
185.994,331.045,126.866,322.982,147.014,175.229,206.142,183.292
177.696,323.546,125.379,315.372,148.244,169.038,200.561,177.213
172.994,323.287,124.083,315.246,147.603,172.168,196.514,180.208
173.581,321.788,126.156,316.965,140.35,177.391,187.775,182.214
166.118,328.529,117.882,316.471,149.647,189.412,197.882,201.471
165.529,327.882,118,316,148.059,195.765,195.588,207.647
165.356,326.25,115.651,312.868,146.161,199.544,195.866,212.926
165.647,325.412,115.059,312.765,143.765,197.941,194.353,210.588
163.705,325.007,115.044,316.419,136.275,196.107,184.936,204.695
167.082,321.612,116.962,318.233,124.841,201.36,174.962,204.739
164.376,323.024,114.427,313.51,136.177,199.32,186.127,208.834
169.38,317.495,116.545,315.382,121.11,201.244,173.946,203.358
168.746,323.733,116.795,318.086,129.59,200.368,181.542,206.015
170.299,324.423,117.091,322.004,122.45,204.111,175.658,206.53
118,319,118,203,172,203,172,319
170.999,322.056,118.317,320.592,121.554,204.071,174.235,205.534
120,322,120,206,173,206,173,322
169.648,323.284,117.815,317.73,130.284,201.352,182.117,206.905
169.124,323.591,118.111,317.705,131.477,201.863,182.49,207.749
124,323,124,206,175,206,175,323
126,319,126,200,176,200,176,319
127.312,320.294,123.753,202.856,172.829,201.369,176.388,318.806
128,323,128,198,175,198,175,323
130,323,130,203,178,203,178,323
134.359,323.665,125.682,210.871,174.012,207.153,182.688,319.947
133,321,133,207,184,207,184,321
134,318,134,210,185,210,185,318
134,319,134,208,184,208,184,319
137,325,137,207,187,207,187,325
180.591,323.349,133.193,320.519,140.405,199.711,187.803,202.54
177.745,332.261,133.309,328.993,142.282,206.962,186.718,210.229
176.414,328.52,132.405,324.181,144.111,205.447,188.12,209.786
177.57,329.441,133.296,325.591,143.657,206.449,187.931,210.298
177.851,326.915,133.536,321.879,146.678,206.236,190.992,211.272
178.664,327.47,134.8,323.6,145.121,206.628,188.985,210.499
178.356,327.436,134.693,323.069,146.436,205.644,190.099,210.01
137,328,137,209,181,209,181,328
137,333,137,212,181,212,181,333
137,333,137,212,181,212,181,333
139.135,335.042,129.761,216.308,174.404,212.784,183.778,331.517
137,335,137,212,181,212,181,335
138.565,336.748,135.513,208.559,178.608,207.533,181.66,335.722
139.546,337.592,132.822,213.199,176.316,210.848,183.04,335.241
139.464,331.015,130.459,207.942,173.06,204.825,182.066,327.898
137.825,327.843,131.36,211.48,172.566,209.191,179.031,325.554
134.587,326.714,131.511,212.905,172.4,211.8,175.476,325.609
134.987,323.343,130.532,210.479,172.322,208.829,176.777,321.693
134.583,322.911,130.761,212.077,170.886,210.694,174.708,321.527
170.681,323.182,131.87,321.67,136.232,209.723,175.043,211.236
170.49,326.229,131.516,324.605,136.347,208.681,175.321,210.305
171.68,330.272,132.805,329.552,134.974,212.407,173.85,213.127
135,324,135,210,174,210,174,324
169.258,323.831,130.16,320.88,138.62,208.783,177.718,211.734
169.152,327.882,129.729,324.81,138.691,209.794,178.114,212.866
171.152,326.572,131.058,324.066,138,213,178.093,215.506
170.445,329.545,130.743,325.574,142.059,212.406,181.762,216.376
136,324,136,215,177,215,177,324
137,323,137,213,179,213,179,323
173.2,329.123,132.304,325.535,142.127,213.555,183.023,217.142
138,327,138,214,178,214,178,327
139,326,139,214,178,214,178,326
141,326,141,218,179,218,179,326
175.866,327.627,137.454,325.008,145.016,214.092,183.429,216.711
176.118,333.295,139.643,331.191,146.435,213.467,182.909,215.572
175.948,330.407,139.215,328.052,146.638,212.246,183.372,214.601
178.714,329.15,142.235,327.453,147.432,215.718,183.911,217.414
145,328,145,215,181,215,181,328
145,329,145,218,181,218,181,329
145,328,145,218,181,218,181,328
147,328,147,219,182,219,182,328
147,327,147,220,182,220,182,327
180.765,330.148,146.685,329.274,149.61,215.221,183.69,216.095
181.698,339.051,147.088,338.577,148.759,216.572,183.369,217.046
181.68,339.051,147.075,338.57,148.784,215.566,183.388,216.047
148,334,148,221,186,221,186,334
184.103,333.81,146.11,332.584,149.842,216.898,187.835,218.124
180.59,333.943,141.504,330.255,151.882,220.253,190.968,223.94
182.318,331.871,142.629,328.818,150.977,220.306,190.665,223.359
185.278,329.156,144.419,327.21,149.552,219.407,190.412,221.353
182.155,331.125,143.138,327.513,153.063,220.321,192.08,223.933
183.27,333.595,145.729,331.419,151.955,224.026,189.495,226.203
185.795,329.383,147.547,328.321,150.33,228.12,188.578,229.183
150.625,333.358,149.091,224.492,186.718,223.962,188.251,332.828
153.056,343.777,148.66,230.948,185.552,229.511,189.948,342.34
154.599,339.386,146.929,232.005,183.812,229.37,191.482,336.751
155.663,337.631,144.327,232.775,183.224,228.57,194.56,333.426
155.329,334.963,144.012,233.11,184.622,228.598,195.939,330.451
154.768,332.974,144.608,229.678,186.205,225.586,196.365,328.882
150,330,150,231,198,231,198,330
150,329,150,230,198,230,198,329
150,329,150,230,198,230,198,329
153.9,329.617,142.968,232.595,187.043,227.629,197.975,324.651
152.465,326.351,144.266,232.064,188.368,228.229,196.567,322.516
150.945,327.029,148.268,230.659,190.597,229.484,193.274,325.854
150,325,150,230,192,230,192,325
190.111,313.12,149.747,311.567,152.959,228.075,193.322,229.628
151,312,151,229,191,229,191,312
189.276,308.69,152.448,305.621,159.317,223.193,196.145,226.262
164,327,164,229,195,229,195,327
155,326,155,233,194,233,194,326
156,330,156,223,196,223,196,330
154,333,154,221,197,221,197,333
196.593,333.883,153.807,330.317,163.117,218.593,205.904,222.159
196.593,333.883,153.807,330.317,163.117,218.593,205.904,222.159
196.593,333.883,153.807,330.317,163.117,218.593,205.904,222.159
196.593,333.883,153.807,330.317,163.117,218.593,205.904,222.159
196.145,336.944,154.413,333.062,164.534,224.259,206.266,228.141
198.683,336.223,158.658,335.389,161.076,219.335,201.101,220.169
196.329,337.718,155.494,334.577,164.259,220.635,205.094,223.777
195.761,346.661,155.913,343.654,164.952,223.883,204.801,226.891
197.303,345.412,157.807,343.832,162.569,224.783,202.066,226.363
197.903,336.035,155.132,331.062,167.63,223.585,210.4,228.558
200.431,334.52,158.427,332.61,163.482,221.386,205.487,223.295
202.348,334.639,158.341,332.806,162.981,221.458,206.988,223.291
202.984,330.18,159.164,326.197,168.795,220.254,212.615,224.238
205.311,331.987,159.254,328.811,166.783,219.64,212.84,222.817
208.13,336.632,159.76,332.025,170.353,220.796,218.724,225.402
208.55,338.615,160.447,333.922,171.471,220.924,219.574,225.617
206.831,336.635,158.031,327.339,179.037,217.055,227.838,226.35
208.93,334.334,160.494,324.196,181.893,221.954,230.33,232.092
176.852,335.307,165.41,230.428,212.72,225.267,224.161,330.146
177.826,335.008,173.151,227.472,215.202,225.643,219.877,333.179
209.723,344.772,172.594,341.059,183.99,227.099,221.119,230.812
183,338,183,226,219,226,219,338
212.183,340.354,177.061,336.451,189.744,222.305,224.866,226.207
215.016,344.82,179.672,341.607,190.197,225.836,225.541,229.049
219.661,342.127,184.787,340.466,190.21,226.581,225.084,228.242
190,332,190,227,226,227,226,332
191,338,191,231,228,231,228,338
219.92,337.56,183.38,332.34,198.82,224.26,235.36,229.48
226.916,333.261,189.615,330.774,196.801,222.987,234.102,225.473
194,326,194,225,234,225,234,326
196,329,196,221,235,221,235,329
198,333,198,222,237,222,237,333
200,324,200,221,239,221,239,324
202,314,202,221,243,221,243,314
205.398,314.558,200.638,224.124,242.26,221.934,247.019,312.367
205,318,205,221,245,221,245,318
206,310,206,217,247,217,247,310
209,315,209,225,249,225,249,315
212.578,321.588,201.202,226.319,243.524,221.266,254.9,316.534
211,319,211,223,257,223,257,319
212,323,212,224,261,224,261,323
219.173,330.834,200.313,233,251.67,223.1,270.53,320.934
226.671,335.233,202.512,240.019,254.648,226.791,278.807,322.004
230.588,336.939,205.332,241.327,258.72,227.225,283.976,322.837
225,322,225,231,283,231,283,322
227.167,325.677,221.751,239.016,283.012,235.187,288.428,321.848
229,327,229,239,291,239,291,327
289.076,333.854,232.846,324.976,247.076,234.854,303.305,243.732
289.56,334.752,232.833,324.971,248.271,235.426,304.999,245.207
234,326,234,240,293,240,293,326
298.542,322.715,251.623,305.824,295.144,184.932,342.064,201.823
298.841,322.75,251.482,306.143,293.75,185.601,341.109,202.207
317.32,313.24,260.329,310.074,267.181,186.732,324.172,189.898
320.292,323.331,276.339,320.584,286.798,153.237,330.751,155.984
286.066,320.438,280.228,148.213,325.633,146.673,331.471,318.899
294.03,342.283,273.9,154.404,324.251,149.009,344.381,336.888
280.535,320.584,277.757,156.682,338.57,155.651,341.348,319.553
315.6,325.2,251.8,197.6,313,167,376.8,294.6
325.789,323.768,242.921,210.976,306.037,164.606,388.904,277.397
331.873,326.227,237.173,222.287,297.63,167.204,392.331,271.143
332.349,325.811,238.023,222.501,298.012,167.728,392.339,271.038
332.872,326.951,237.151,222.528,297.106,167.57,392.826,271.992
331.793,361.517,319.703,216.441,392.448,210.379,404.538,355.455
356.251,377.177,307.231,225.216,375.425,203.218,424.445,355.179
355.417,376.903,308.151,223.698,375.652,202.873,422.918,356.079
416.726,331.518,342.766,312.734,374.383,188.24,448.343,207.024
425.602,324.449,355.164,321.318,360.736,195.944,431.174,199.074
365,337,365,203,432,203,432,337
370,332,370,202,436,202,436,332
382.703,331.559,351.961,205.172,418.28,189.04,449.023,315.427
372.277,344.171,348.352,243.153,436.363,222.309,460.288,323.327
368.431,341.246,345.608,257.562,444.015,230.723,466.838,314.408
431.281,357.21,363.918,294.899,429.357,224.155,496.72,286.466
369.576,339.221,347.613,254.508,450.581,227.812,472.544,312.526
356,328,356,226,471,226,471,328
356.314,349.315,327.249,242.232,454.662,207.649,483.727,314.731
350.757,337.54,331.973,224.838,458.622,203.73,477.405,316.432
469.214,325.831,328.631,321.197,332.588,201.162,473.172,205.797
469.449,318.672,321.748,314.917,324.747,196.968,472.448,200.723
443.257,335.628,305.763,254.673,365.126,153.85,502.62,234.804
448.316,317.092,286.171,221.337,334.135,140.119,496.279,235.874
329.765,325.059,303.647,220.588,456.823,182.294,482.941,286.765
444.656,309.64,281.321,229.933,322.841,144.85,486.176,224.558
444.445,310.784,281.965,228.894,324.59,144.321,487.07,226.211
445.456,310.785,282.953,228.932,325.558,144.348,488.061,226.201
446.171,306.294,246.648,231.652,280.45,141.298,479.972,215.939
408.283,337.452,323.795,169.649,406.678,127.917,491.167,295.72
401.186,339.302,347.688,194.856,426.668,165.604,480.166,310.049
385.446,330.569,365.415,170.323,430.769,162.154,450.8,322.4
389.189,326.135,363.378,171.27,420.784,161.703,446.595,316.568
381.366,320.293,365.183,174.646,420.939,168.451,437.122,314.098
376.891,317.911,362.624,175.238,416.683,169.832,430.951,312.505
371.699,317.004,354.355,186.134,410.513,178.691,427.858,309.561
363.756,311.805,349.573,184.158,407.964,177.671,422.146,305.317
360.126,307.62,345.892,181.294,405.571,174.57,419.805,300.895
356.621,311.245,344.199,183.481,403.349,177.73,415.77,305.495
351.465,306.671,345.924,175.524,403.651,173.085,409.193,304.231
347,308,347,180,404,180,404,308
398.713,305.664,343.952,303.611,348.525,181.67,403.285,183.723
395.061,306.147,340.269,302.233,348.944,180.782,403.736,184.695
390.642,304.169,336.388,296.132,353.811,178.527,408.065,186.565
388.811,298.135,336.108,289.351,355.919,170.486,408.622,179.27
390.66,302.484,340.309,300.196,345.971,175.635,396.322,177.924
384.68,301.516,336.893,297.172,348.074,174.189,395.861,178.533
344,301,344,174,388,174,388,301
377.31,299.953,333.79,294.277,349.554,173.42,393.074,179.097
360.605,303.156,334.819,182.824,379.21,173.312,404.995,293.644
343,299,343,168,384,168,384,299
342,299,342,168,382,168,382,299
371.876,300.586,332.843,296.125,347.138,171.044,386.171,175.505
371.876,300.586,332.843,296.125,347.138,171.044,386.171,175.505
373.943,300.631,336.615,297.238,348.303,168.664,385.631,172.057
374.614,300.634,337.207,297.517,347.848,169.821,385.255,172.938
374.614,300.634,337.207,297.517,347.848,169.821,385.255,172.938
380.213,306.534,342.204,304.724,348.586,170.695,386.595,172.505
380.27,306.519,342.213,304.728,348.567,169.709,386.624,171.5
380.27,306.519,342.213,304.728,348.567,169.709,386.624,171.5
340,289,340,177,383,177,383,289
372.206,304.97,333.455,301.029,347.582,162.11,386.334,166.051
372.433,304.788,333.765,300.997,347.373,162.193,386.041,165.984
377.955,272.998,335.905,271.087,340.936,160.406,382.986,162.318
375.895,273.172,335.33,271.582,339.563,163.65,380.128,165.24
371.782,273.758,332.893,270.157,343.155,159.329,382.043,162.93
371.126,272.637,332.735,269.626,340.909,165.405,379.301,168.416
368.387,276.72,329.724,272.578,341.27,164.815,379.933,168.957
368.175,277.697,329.618,273.566,340.986,167.463,379.543,171.594
368.209,276.75,329.614,272.54,341.083,167.409,379.678,171.619
367.805,277.756,328.732,273.415,340.524,167.281,379.598,171.622
370.033,280.701,328.608,279.665,331.201,175.98,372.625,177.016
370.262,274.727,328.727,273.761,331.158,169.213,372.694,170.179
369.114,273.787,328.549,272.691,331.266,172.142,371.831,173.239
365.911,278.328,325.292,275.62,332.053,174.204,372.673,176.911
327,275,327,176,368,176,368,275
364.625,269.512,325.293,268.756,327.126,173.426,366.458,174.182
360.588,274.123,320.475,271.562,326.456,177.859,366.569,180.419
356.22,268.024,316.488,263.61,326.659,172.073,366.39,176.488
357.604,268.473,314.69,265.547,320.891,174.606,363.805,177.532
354.337,272.634,311.366,268.337,321.337,168.634,364.307,172.931
354.236,275.022,309.452,270.757,318.598,174.724,363.382,178.989
353.531,273.628,308.51,269.876,316.841,169.903,361.862,173.655
355.418,273.498,311.681,272.606,313.853,166.221,357.59,167.114
351.62,279.008,308.309,276.021,315.601,170.283,358.912,173.27
353.602,272.547,310.11,271.268,313.061,170.913,356.553,172.193
352.065,274.363,308.415,272.617,312.578,168.543,356.228,170.289
352.216,273.393,308.549,271.713,312.516,168.597,356.182,170.276
309,275,309,173,353,173,353,275
309,285,309,181,352,181,352,285
306,270,306,175,350,175,350,270
350.059,271.694,304.217,270.518,306.762,171.276,352.604,172.451
349.557,273.296,301.631,271.417,305.346,176.68,353.272,178.56
301,272,301,176,349,176,349,272
297,274,297,179,348,179,348,274
295,273,295,179,345,179,345,273
294.537,272.316,292.644,179.558,339.665,178.599,341.558,271.356
295.924,275.09,288.214,182.566,338.366,178.386,346.076,270.91
292.208,275.914,285.315,179.406,334.777,175.873,341.67,272.381
291.319,276.92,286.555,178.473,333.188,176.217,337.951,274.664
285,277,285,180,335,180,335,277
283.816,270.952,280.337,175.26,334.211,173.301,337.691,268.993
289.375,274.855,276.414,181.965,331.276,174.31,344.237,267.199
283.286,270.887,280.628,169.878,335.406,168.437,338.064,269.446
283,269,283,161,337,161,337,269
284,271,284,165,337,165,337,271
285,270,285,165,338,165,338,270
332.088,274.58,279.706,269.591,289.881,162.751,342.263,167.739
287,274,287,163,338,163,338,274
336.874,272.425,284.374,270.925,287.34,167.095,339.84,168.595
336.733,271.878,282.473,268.136,289.328,168.747,343.587,172.489
334.405,271.568,277.162,262.027,293.027,166.838,350.27,176.378
336.56,267.903,276.277,258.769,290.317,166.109,350.6,175.242
278.232,265.131,271.618,175.843,334.053,171.218,340.667,260.506
278.782,264.211,270.189,173.982,332.151,168.081,340.744,258.31
279.68,259.484,271.631,170.943,336.279,165.066,344.328,253.607
281.033,264.18,265.36,179.933,329.107,168.073,344.78,252.32
285.495,263.096,268.173,172.158,327.037,160.945,344.359,251.884
288.953,268.788,267.165,170.741,326.035,157.659,347.823,255.706
280.637,260.484,278.017,155.7,337.58,154.21,340.2,258.995
289.802,267.471,271.348,164.655,327.886,154.508,346.34,257.323
284.823,263.598,274.998,157.977,334.022,152.486,343.847,258.107
288.27,261.007,276.244,156.78,334.241,150.088,346.267,254.315
287.134,260.207,275.524,155.719,335.78,149.024,347.39,253.512
282,259,282,152,342,152,342,259
282.191,264.68,279.17,158.938,339.635,157.21,342.656,262.953
283,258,283,150,343,150,343,258
285,259,285,152,344,152,344,259
285,264,285,155,344,155,344,264
340.885,266.294,282.98,263.399,288.489,153.225,346.394,156.12
289,266,289,149,346,149,346,266
291,263,291,147,347,147,347,263
296,263,296,147,352,147,352,263
296,263,296,147,353,147,353,263
299,263,299,150,356,150,356,263
299,263,299,150,355,150,355,263
304,263,304,150,360,150,360,263
304,263,304,153,362,153,362,263
309,264,309,152,367,152,367,264
309,263,309,153,368,153,368,263
307,266,307,152,368,152,368,266
313,272,313,153,371,153,371,272
315,263,315,144,376,144,376,263
335.918,267.45,293.651,177.635,359.195,146.79,401.462,236.606
330.245,260.358,302.132,161.962,369.755,142.641,397.868,241.038
336.035,261.319,299.215,167.855,364.691,142.061,401.51,235.526
342.4,260.8,298.6,173.2,360.2,142.4,404,230
354.937,257.787,298.162,185.872,354.87,141.102,411.645,213.017
308,243,308,150,377,150,377,243
373.589,250.044,313.106,245.564,320.801,141.689,381.284,146.169
319,254,319,144,376,144,376,254
324,263,324,137,375,137,375,263
330.044,278.117,324.635,141.529,371.097,139.689,376.506,276.277
335.295,280.407,323.083,139.291,367.548,135.443,379.76,276.559
337.48,298.231,323.174,142.176,369.849,137.897,384.154,293.953
345.015,264.385,314.513,132.575,362.513,121.468,393.015,253.278
344.771,244.328,302.4,139.131,355.435,117.769,397.806,222.967
340.537,251.587,289.341,150.616,349.405,120.161,400.602,221.132
342.17,251.322,289.143,151.16,346.989,120.535,400.016,220.697
341.886,251.286,288.363,151.284,346.773,120.023,400.295,220.025
342.017,251.658,288.204,150.758,347.062,119.367,400.875,220.266
343.034,251.501,288.016,150.858,346.54,118.865,401.558,219.508
343.097,252.745,286.739,152.106,346.24,118.786,402.598,219.425
342.573,251.96,287.842,150.707,347.452,118.486,402.183,219.739
342.124,252.087,287.569,150.771,347.977,118.243,402.532,219.56
341.649,251.273,288.728,149.401,349.17,118.003,402.091,219.875
297.31,283.441,285.819,174.282,355.416,166.956,366.907,276.115
293,287,293,165,358,165,358,287
362.891,315.461,301.562,313.965,305.221,163.957,366.55,165.452
365.063,324.023,303.496,322.713,306.934,161.126,368.501,162.436
367.459,323.94,306.002,322.898,308.792,158.302,370.248,159.343
364.545,325.913,303.505,322.25,313.396,157.404,374.436,161.066
366.285,328.303,306.984,325.532,315.376,145.943,374.677,148.714
310,326,310,162,376,162,376,326
312,332,312,147,371,147,371,332
325.563,337.725,301.633,158.249,364.384,149.882,388.314,329.358
326.915,337.232,306.573,154.158,365.293,147.634,385.634,330.707
369.47,347.916,316.861,346.162,323.409,149.714,376.018,151.467
330.291,344.683,322.153,157.515,375.009,155.217,383.147,342.385
332.195,345.086,323.228,156.799,373.496,154.405,382.461,342.692
345.881,355.637,320.467,171.384,363.442,165.456,388.857,349.71
346.048,357.959,323.11,171.18,364.866,166.051,387.804,352.831
350.746,357.864,325.022,174.934,368.215,168.86,393.939,351.79
348.108,350.26,328.915,186.049,379.086,180.185,398.28,344.396
348.095,350.145,328.915,186.049,380.073,180.069,399.253,344.165
362.962,357.742,314.02,212.108,370.214,193.223,419.157,338.857
358.384,359.644,302.185,198.713,360.545,178.333,416.743,339.264
372.731,367.059,295.344,204.223,353.165,176.743,430.552,339.579
367.491,376.739,303.217,204.213,363.876,181.615,428.15,354.14
366.132,384.225,318.293,199.702,380.136,183.668,427.976,368.191
380.884,390.352,317.893,243.941,388.921,213.383,451.911,359.794
384.436,390.988,322.331,234.574,393.215,206.43,455.32,362.843
381.872,393.241,315.14,225.019,381.549,198.675,448.281,366.897
396.376,388.272,313.006,240.885,373.744,206.529,457.114,353.915
398.809,395.474,307.334,239.134,374.381,199.905,465.855,356.244
403.884,402.922,301.678,242.749,369.765,199.303,471.97,359.476
400.784,399.496,300.964,240.854,371.065,196.746,470.884,355.388
404.193,404.614,298.717,244.516,376.546,193.24,482.023,353.338
405.647,404.954,297.787,246.002,375.673,193.15,483.534,352.102
333,389,333,243,467,243,467,389
421.353,400.743,306.852,260.962,400.718,184.071,515.219,323.852
461.24,405.281,307.127,371.859,340.1,219.817,494.213,253.239
469.802,406.414,308.745,373.47,340.314,219.132,501.371,252.076
471.115,406.423,308.231,373.846,339.154,219.231,502.039,251.808
423.53,419.044,307.919,250.315,420.897,172.904,536.508,341.633
460.276,412.462,290.79,353.08,339.979,212.686,509.465,272.068
2
0
0
0
0
1
377,328,351,328,351,210,377,210
377,328,351,328,351,210,377,210
377,328,351,328,351,210,377,210
377,328,351,328,351,210,377,210
377,328,351,328,351,210,377,210
377,328,351,328,351,210,377,210
377,328,351,328,351,210,377,210
377,328,351,328,351,210,377,210
377,328,351,328,351,210,377,210
377,328,351,328,351,210,377,210
377,328,351,328,351,210,377,210
377,328,351,328,351,210,377,210
377,328,351,328,351,210,377,210
377,328,351,328,351,210,377,210
377,328,351,328,351,210,377,210
347.171,323.96,343.841,227.385,374.563,226.325,377.893,322.9
344.921,323.649,337.684,217.981,374.279,215.474,381.517,321.143
342.966,324.612,334.066,222.255,373.118,218.859,382.019,321.216
342.272,327.695,330.104,219.924,369.792,215.443,381.96,323.214
346.682,324.011,329.708,217.927,368.593,211.705,385.566,317.789
339.453,320.137,330.25,215.831,370.437,212.285,379.64,316.591
339.247,318.475,329.139,217.386,369.832,213.317,379.941,314.406
335,317,332.104,215.654,371.586,214.526,374.482,315.872
333,311,333,212,374,212,374,311
334,311,334,212,374,212,374,311
366.64,308.52,325.62,302.66,339.32,206.76,380.34,212.62
370.297,309.553,328.084,306.739,334.394,212.093,376.606,214.907
370.435,311.824,331.624,308.76,339.09,214.191,377.901,217.255
335,312,335,214,374,214,374,312
369.47,314.315,327.699,307.632,342.182,217.109,383.953,223.792
368.855,313.381,325.706,305.39,342.536,214.507,385.686,222.497
335,315,335,219,379,219,379,315
335,314,335,219,379,219,379,314
374.788,315.313,333.128,314.366,335.509,209.625,377.169,210.572
368.724,319.182,327.132,317.582,331.377,207.207,372.969,208.807
325,309,325,210,370,210,370,309
321.978,306.313,319.025,211.812,366.573,210.326,369.526,304.827
318.706,302.726,313.167,212.713,363.3,209.628,368.839,299.641
319.429,310.3,299.697,213.613,350.715,203.201,370.447,299.888
313.375,306.919,293.286,213.781,348.708,201.828,368.797,294.966
317.056,308.698,289.849,213.472,342.943,198.302,370.151,293.528
