1.0219,0,0,0,0,0,0,0,0,0,0,0,0,0,0
44.546,0,0,0,0,0,0,0,0,0,0,0,0,0,0
18.331,0,0,0,0,0,0,0,0,0,0,0,0,0,0
14.679,0,0,0,0,0,0,0,0,0,0,0,0,0,0
14.999,0,0,0,0,0,0,0,0,0,0,0,0,0,0
14.662,0,0,0,0,0,0,0,0,0,0,0,0,0,0
15.615,0,0,0,0,0,0,0,0,0,0,0,0,0,0
16.037,0,0,0,0,0,0,0,0,0,0,0,0,0,0
14.752,0,0,0,0,0,0,0,0,0,0,0,0,0,0
14.432,0,0,0,0,0,0,0,0,0,0,0,0,0,0
14.784,0,0,0,0,0,0,0,0,0,0,0,0,0,0
14.63,0,0,0,0,0,0,0,0,0,0,0,0,0,0
14.59,0,0,0,0,0,0,0,0,0,0,0,0,0,0
14.381,0,0,0,0,0,0,0,0,0,0,0,0,0,0
14.519,0,0,0,0,0,0,0,0,0,0,0,0,0,0
15.037,0,0,0,0,0,0,0,0,0,0,0,0,0,0
15.011,0,0,0,0,0,0,0,0,0,0,0,0,0,0
15.272,0,0,0,0,0,0,0,0,0,0,0,0,0,0
18.981,0,0,0,0,0,0,0,0,0,0,0,0,0,0
15.812,0,0,0,0,0,0,0,0,0,0,0,0,0,0
16.045,0,0,0,0,0,0,0,0,0,0,0,0,0,0
15.299,0,0,0,0,0,0,0,0,0,0,0,0,0,0
15.249,0,0,0,0,0,0,0,0,0,0,0,0,0,0
15.077,0,0,0,0,0,0,0,0,0,0,0,0,0,0
14.736,0,0,0,0,0,0,0,0,0,0,0,0,0,0
15.451,0,0,0,0,0,0,0,0,0,0,0,0,0,0
15.309,0,0,0,0,0,0,0,0,0,0,0,0,0,0
15.406,0,0,0,0,0,0,0,0,0,0,0,0,0,0
16.269,0,0,0,0,0,0,0,0,0,0,0,0,0,0
14.602,0,0,0,0,0,0,0,0,0,0,0,0,0,0
14.258,0,0,0,0,0,0,0,0,0,0,0,0,0,0
14.497,0,0,0,0,0,0,0,0,0,0,0,0,0,0
14.36,0,0,0,0,0,0,0,0,0,0,0,0,0,0
14.879,0,0,0,0,0,0,0,0,0,0,0,0,0,0
14.475,0,0,0,0,0,0,0,0,0,0,0,0,0,0
14.645,0,0,0,0,0,0,0,0,0,0,0,0,0,0
15.87,0,0,0,0,0,0,0,0,0,0,0,0,0,0
15.421,0,0,0,0,0,0,0,0,0,0,0,0,0,0
15.398,0,0,0,0,0,0,0,0,0,0,0,0,0,0
15.577,0,0,0,0,0,0,0,0,0,0,0,0,0,0
14.651,0,0,0,0,0,0,0,0,0,0,0,0,0,0
15.024,0,0,0,0,0,0,0,0,0,0,0,0,0,0
15.118,0,0,0,0,0,0,0,0,0,0,0,0,0,0
14.8,0,0,0,0,0,0,0,0,0,0,0,0,0,0
14.646,0,0,0,0,0,0,0,0,0,0,0,0,0,0
14.985,0,0,0,0,0,0,0,0,0,0,0,0,0,0
15.046,0,0,0,0,0,0,0,0,0,0,0,0,0,0
14.637,0,0,0,0,0,0,0,0,0,0,0,0,0,0
14.266,0,0,0,0,0,0,0,0,0,0,0,0,0,0
14.249,0,0,0,0,0,0,0,0,0,0,0,0,0,0
15.263,0,0,0,0,0,0,0,0,0,0,0,0,0,0
13.963,0,0,0,0,0,0,0,0,0,0,0,0,0,0
14.309,0,0,0,0,0,0,0,0,0,0,0,0,0,0
14.83,0,0,0,0,0,0,0,0,0,0,0,0,0,0
14.789,0,0,0,0,0,0,0,0,0,0,0,0,0,0
14.794,0,0,0,0,0,0,0,0,0,0,0,0,0,0
15.236,0,0,0,0,0,0,0,0,0,0,0,0,0,0
14.838,0,0,0,0,0,0,0,0,0,0,0,0,0,0
14.723,0,0,0,0,0,0,0,0,0,0,0,0,0,0
14.85,0,0,0,0,0,0,0,0,0,0,0,0,0,0
15.809,0,0,0,0,0,0,0,0,0,0,0,0,0,0
16.189,0,0,0,0,0,0,0,0,0,0,0,0,0,0
16.063,0,0,0,0,0,0,0,0,0,0,0,0,0,0
16.483,0,0,0,0,0,0,0,0,0,0,0,0,0,0
16.178,0,0,0,0,0,0,0,0,0,0,0,0,0,0
14.907,0,0,0,0,0,0,0,0,0,0,0,0,0,0
14.78,0,0,0,0,0,0,0,0,0,0,0,0,0,0
15.921,0,0,0,0,0,0,0,0,0,0,0,0,0,0
15.109,0,0,0,0,0,0,0,0,0,0,0,0,0,0
15.264,0,0,0,0,0,0,0,0,0,0,0,0,0,0
15.061,0,0,0,0,0,0,0,0,0,0,0,0,0,0
14.833,0,0,0,0,0,0,0,0,0,0,0,0,0,0
15.41,0,0,0,0,0,0,0,0,0,0,0,0,0,0
14.933,0,0,0,0,0,0,0,0,0,0,0,0,0,0
14.732,0,0,0,0,0,0,0,0,0,0,0,0,0,0
15.611,0,0,0,0,0,0,0,0,0,0,0,0,0,0
15.234,0,0,0,0,0,0,0,0,0,0,0,0,0,0
14.647,0,0,0,0,0,0,0,0,0,0,0,0,0,0
14.43,0,0,0,0,0,0,0,0,0,0,0,0,0,0
14.61,0,0,0,0,0,0,0,0,0,0,0,0,0,0
15.289,0,0,0,0,0,0,0,0,0,0,0,0,0,0
15.809,0,0,0,0,0,0,0,0,0,0,0,0,0,0
15.689,0,0,0,0,0,0,0,0,0,0,0,0,0,0
14.976,0,0,0,0,0,0,0,0,0,0,0,0,0,0
15.839,0,0,0,0,0,0,0,0,0,0,0,0,0,0
15.545,0,0,0,0,0,0,0,0,0,0,0,0,0,0
14.958,0,0,0,0,0,0,0,0,0,0,0,0,0,0
14.729,0,0,0,0,0,0,0,0,0,0,0,0,0,0
15.043,0,0,0,0,0,0,0,0,0,0,0,0,0,0
15.098,0,0,0,0,0,0,0,0,0,0,0,0,0,0
14.755,0,0,0,0,0,0,0,0,0,0,0,0,0,0
14.778,0,0,0,0,0,0,0,0,0,0,0,0,0,0
14.952,0,0,0,0,0,0,0,0,0,0,0,0,0,0
15.324,0,0,0,0,0,0,0,0,0,0,0,0,0,0
14.779,0,0,0,0,0,0,0,0,0,0,0,0,0,0
15.153,0,0,0,0,0,0,0,0,0,0,0,0,0,0
14.825,0,0,0,0,0,0,0,0,0,0,0,0,0,0
15.021,0,0,0,0,0,0,0,0,0,0,0,0,0,0
14.627,0,0,0,0,0,0,0,0,0,0,0,0,0,0
14.215,0,0,0,0,0,0,0,0,0,0,0,0,0,0
13.975,0,0,0,0,0,0,0,0,0,0,0,0,0,0
13.826,0,0,0,0,0,0,0,0,0,0,0,0,0,0
14.154,0,0,0,0,0,0,0,0,0,0,0,0,0,0
14.441,0,0,0,0,0,0,0,0,0,0,0,0,0,0
15.026,0,0,0,0,0,0,0,0,0,0,0,0,0,0
