1.0679,0,0,0,0,0,0,0,0,0,0,0,0,0,0
46.884,0,0,0,0,0,0,0,0,0,0,0,0,0,0
15.879,0,0,0,0,0,0,0,0,0,0,0,0,0,0
14.969,0,0,0,0,0,0,0,0,0,0,0,0,0,0
19.023,0,0,0,0,0,0,0,0,0,0,0,0,0,0
14.414,0,0,0,0,0,0,0,0,0,0,0,0,0,0
16.349,0,0,0,0,0,0,0,0,0,0,0,0,0,0
12.022,0,0,0,0,0,0,0,0,0,0,0,0,0,0
15.378,0,0,0,0,0,0,0,0,0,0,0,0,0,0
15.079,0,0,0,0,0,0,0,0,0,0,0,0,0,0
15.332,0,0,0,0,0,0,0,0,0,0,0,0,0,0
14.699,0,0,0,0,0,0,0,0,0,0,0,0,0,0
15.953,0,0,0,0,0,0,0,0,0,0,0,0,0,0
15.929,0,0,0,0,0,0,0,0,0,0,0,0,0,0
16.373,0,0,0,0,0,0,0,0,0,0,0,0,0,0
13.959,0,0,0,0,0,0,0,0,0,0,0,0,0,0
15.728,0,0,0,0,0,0,0,0,0,0,0,0,0,0
13.447,0,0,0,0,0,0,0,0,0,0,0,0,0,0
13.561,0,0,0,0,0,0,0,0,0,0,0,0,0,0
13.613,0,0,0,0,0,0,0,0,0,0,0,0,0,0
14.256,0,0,0,0,0,0,0,0,0,0,0,0,0,0
13.85,0,0,0,0,0,0,0,0,0,0,0,0,0,0
13.574,0,0,0,0,0,0,0,0,0,0,0,0,0,0
13.47,0,0,0,0,0,0,0,0,0,0,0,0,0,0
15.894,0,0,0,0,0,0,0,0,0,0,0,0,0,0
16.586,0,0,0,0,0,0,0,0,0,0,0,0,0,0
13.582,0,0,0,0,0,0,0,0,0,0,0,0,0,0
14.928,0,0,0,0,0,0,0,0,0,0,0,0,0,0
13.85,0,0,0,0,0,0,0,0,0,0,0,0,0,0
14.15,0,0,0,0,0,0,0,0,0,0,0,0,0,0
13.944,0,0,0,0,0,0,0,0,0,0,0,0,0,0
13.522,0,0,0,0,0,0,0,0,0,0,0,0,0,0
13.16,0,0,0,0,0,0,0,0,0,0,0,0,0,0
13.338,0,0,0,0,0,0,0,0,0,0,0,0,0,0
13.6,0,0,0,0,0,0,0,0,0,0,0,0,0,0
13.677,0,0,0,0,0,0,0,0,0,0,0,0,0,0
15.957,0,0,0,0,0,0,0,0,0,0,0,0,0,0
14.426,0,0,0,0,0,0,0,0,0,0,0,0,0,0
16.694,0,0,0,0,0,0,0,0,0,0,0,0,0,0
14.12,0,0,0,0,0,0,0,0,0,0,0,0,0,0
13.805,0,0,0,0,0,0,0,0,0,0,0,0,0,0
13.677,0,0,0,0,0,0,0,0,0,0,0,0,0,0
14.333,0,0,0,0,0,0,0,0,0,0,0,0,0,0
16.102,0,0,0,0,0,0,0,0,0,0,0,0,0,0
13.993,0,0,0,0,0,0,0,0,0,0,0,0,0,0
14.048,0,0,0,0,0,0,0,0,0,0,0,0,0,0
14.025,0,0,0,0,0,0,0,0,0,0,0,0,0,0
13.7,0,0,0,0,0,0,0,0,0,0,0,0,0,0
13.81,0,0,0,0,0,0,0,0,0,0,0,0,0,0
14.166,0,0,0,0,0,0,0,0,0,0,0,0,0,0
13.58,0,0,0,0,0,0,0,0,0,0,0,0,0,0
16.565,0,0,0,0,0,0,0,0,0,0,0,0,0,0
15.379,0,0,0,0,0,0,0,0,0,0,0,0,0,0
15.127,0,0,0,0,0,0,0,0,0,0,0,0,0,0
15.426,0,0,0,0,0,0,0,0,0,0,0,0,0,0
13.777,0,0,0,0,0,0,0,0,0,0,0,0,0,0
13.806,0,0,0,0,0,0,0,0,0,0,0,0,0,0
17.698,0,0,0,0,0,0,0,0,0,0,0,0,0,0
17.291,0,0,0,0,0,0,0,0,0,0,0,0,0,0
16.49,0,0,0,0,0,0,0,0,0,0,0,0,0,0
18.088,0,0,0,0,0,0,0,0,0,0,0,0,0,0
16.145,0,0,0,0,0,0,0,0,0,0,0,0,0,0
15.544,0,0,0,0,0,0,0,0,0,0,0,0,0,0
14.991,0,0,0,0,0,0,0,0,0,0,0,0,0,0
14.533,0,0,0,0,0,0,0,0,0,0,0,0,0,0
15.539,0,0,0,0,0,0,0,0,0,0,0,0,0,0
13.402,0,0,0,0,0,0,0,0,0,0,0,0,0,0
13.353,0,0,0,0,0,0,0,0,0,0,0,0,0,0
13.851,0,0,0,0,0,0,0,0,0,0,0,0,0,0
14.112,0,0,0,0,0,0,0,0,0,0,0,0,0,0
13.264,0,0,0,0,0,0,0,0,0,0,0,0,0,0
13.465,0,0,0,0,0,0,0,0,0,0,0,0,0,0
13.283,0,0,0,0,0,0,0,0,0,0,0,0,0,0
13.839,0,0,0,0,0,0,0,0,0,0,0,0,0,0
14.208,0,0,0,0,0,0,0,0,0,0,0,0,0,0
13.663,0,0,0,0,0,0,0,0,0,0,0,0,0,0
13.238,0,0,0,0,0,0,0,0,0,0,0,0,0,0
14.016,0,0,0,0,0,0,0,0,0,0,0,0,0,0
14.043,0,0,0,0,0,0,0,0,0,0,0,0,0,0
13.904,0,0,0,0,0,0,0,0,0,0,0,0,0,0
15.781,0,0,0,0,0,0,0,0,0,0,0,0,0,0
13.337,0,0,0,0,0,0,0,0,0,0,0,0,0,0
14.819,0,0,0,0,0,0,0,0,0,0,0,0,0,0
13.072,0,0,0,0,0,0,0,0,0,0,0,0,0,0
13.263,0,0,0,0,0,0,0,0,0,0,0,0,0,0
13.231,0,0,0,0,0,0,0,0,0,0,0,0,0,0
13.237,0,0,0,0,0,0,0,0,0,0,0,0,0,0
15.019,0,0,0,0,0,0,0,0,0,0,0,0,0,0
14.478,0,0,0,0,0,0,0,0,0,0,0,0,0,0
13.518,0,0,0,0,0,0,0,0,0,0,0,0,0,0
13.293,0,0,0,0,0,0,0,0,0,0,0,0,0,0
13.143,0,0,0,0,0,0,0,0,0,0,0,0,0,0
13.336,0,0,0,0,0,0,0,0,0,0,0,0,0,0
13.185,0,0,0,0,0,0,0,0,0,0,0,0,0,0
13.353,0,0,0,0,0,0,0,0,0,0,0,0,0,0
13.673,0,0,0,0,0,0,0,0,0,0,0,0,0,0
13.265,0,0,0,0,0,0,0,0,0,0,0,0,0,0
14.367,0,0,0,0,0,0,0,0,0,0,0,0,0,0
14.691,0,0,0,0,0,0,0,0,0,0,0,0,0,0
13.088,0,0,0,0,0,0,0,0,0,0,0,0,0,0
13.048,0,0,0,0,0,0,0,0,0,0,0,0,0,0
14.637,0,0,0,0,0,0,0,0,0,0,0,0,0,0
13.57,0,0,0,0,0,0,0,0,0,0,0,0,0,0
13.317,0,0,0,0,0,0,0,0,0,0,0,0,0,0
13.293,0,0,0,0,0,0,0,0,0,0,0,0,0,0
14.174,0,0,0,0,0,0,0,0,0,0,0,0,0,0
13.54,0,0,0,0,0,0,0,0,0,0,0,0,0,0
14.329,0,0,0,0,0,0,0,0,0,0,0,0,0,0
13.598,0,0,0,0,0,0,0,0,0,0,0,0,0,0
12.959,0,0,0,0,0,0,0,0,0,0,0,0,0,0
13.074,0,0,0,0,0,0,0,0,0,0,0,0,0,0
14.137,0,0,0,0,0,0,0,0,0,0,0,0,0,0
13.324,0,0,0,0,0,0,0,0,0,0,0,0,0,0
13.227,0,0,0,0,0,0,0,0,0,0,0,0,0,0
13.843,0,0,0,0,0,0,0,0,0,0,0,0,0,0
13.634,0,0,0,0,0,0,0,0,0,0,0,0,0,0
13.419,0,0,0,0,0,0,0,0,0,0,0,0,0,0
14.172,0,0,0,0,0,0,0,0,0,0,0,0,0,0
13.609,0,0,0,0,0,0,0,0,0,0,0,0,0,0
14.115,0,0,0,0,0,0,0,0,0,0,0,0,0,0
14.255,0,0,0,0,0,0,0,0,0,0,0,0,0,0
13.574,0,0,0,0,0,0,0,0,0,0,0,0,0,0
13.66,0,0,0,0,0,0,0,0,0,0,0,0,0,0
14.7,0,0,0,0,0,0,0,0,0,0,0,0,0,0
13.309,0,0,0,0,0,0,0,0,0,0,0,0,0,0
13.375,0,0,0,0,0,0,0,0,0,0,0,0,0,0
14.102,0,0,0,0,0,0,0,0,0,0,0,0,0,0
13.577,0,0,0,0,0,0,0,0,0,0,0,0,0,0
13.236,0,0,0,0,0,0,0,0,0,0,0,0,0,0
13.681,0,0,0,0,0,0,0,0,0,0,0,0,0,0
13.523,0,0,0,0,0,0,0,0,0,0,0,0,0,0
13.308,0,0,0,0,0,0,0,0,0,0,0,0,0,0
13.246,0,0,0,0,0,0,0,0,0,0,0,0,0,0
13.162,0,0,0,0,0,0,0,0,0,0,0,0,0,0
14.298,0,0,0,0,0,0,0,0,0,0,0,0,0,0
13.733,0,0,0,0,0,0,0,0,0,0,0,0,0,0
14.137,0,0,0,0,0,0,0,0,0,0,0,0,0,0
15.747,0,0,0,0,0,0,0,0,0,0,0,0,0,0
15.206,0,0,0,0,0,0,0,0,0,0,0,0,0,0
14.263,0,0,0,0,0,0,0,0,0,0,0,0,0,0
13.453,0,0,0,0,0,0,0,0,0,0,0,0,0,0
14.086,0,0,0,0,0,0,0,0,0,0,0,0,0,0
15.481,0,0,0,0,0,0,0,0,0,0,0,0,0,0
14.361,0,0,0,0,0,0,0,0,0,0,0,0,0,0
14.682,0,0,0,0,0,0,0,0,0,0,0,0,0,0
14.356,0,0,0,0,0,0,0,0,0,0,0,0,0,0
15.141,0,0,0,0,0,0,0,0,0,0,0,0,0,0
14.398,0,0,0,0,0,0,0,0,0,0,0,0,0,0
15.935,0,0,0,0,0,0,0,0,0,0,0,0,0,0
13.353,0,0,0,0,0,0,0,0,0,0,0,0,0,0
14.206,0,0,0,0,0,0,0,0,0,0,0,0,0,0
14.412,0,0,0,0,0,0,0,0,0,0,0,0,0,0
15.314,0,0,0,0,0,0,0,0,0,0,0,0,0,0
15.784,0,0,0,0,0,0,0,0,0,0,0,0,0,0
14.77,0,0,0,0,0,0,0,0,0,0,0,0,0,0
14.068,0,0,0,0,0,0,0,0,0,0,0,0,0,0
15.933,0,0,0,0,0,0,0,0,0,0,0,0,0,0
15.629,0,0,0,0,0,0,0,0,0,0,0,0,0,0
14.473,0,0,0,0,0,0,0,0,0,0,0,0,0,0
15.434,0,0,0,0,0,0,0,0,0,0,0,0,0,0
14.389,0,0,0,0,0,0,0,0,0,0,0,0,0,0
15.642,0,0,0,0,0,0,0,0,0,0,0,0,0,0
14.737,0,0,0,0,0,0,0,0,0,0,0,0,0,0
15.888,0,0,0,0,0,0,0,0,0,0,0,0,0,0
14.197,0,0,0,0,0,0,0,0,0,0,0,0,0,0
15.28,0,0,0,0,0,0,0,0,0,0,0,0,0,0
14.031,0,0,0,0,0,0,0,0,0,0,0,0,0,0
16.596,0,0,0,0,0,0,0,0,0,0,0,0,0,0
14.099,0,0,0,0,0,0,0,0,0,0,0,0,0,0
13.612,0,0,0,0,0,0,0,0,0,0,0,0,0,0
16.103,0,0,0,0,0,0,0,0,0,0,0,0,0,0
14.021,0,0,0,0,0,0,0,0,0,0,0,0,0,0
13.145,0,0,0,0,0,0,0,0,0,0,0,0,0,0
13.77,0,0,0,0,0,0,0,0,0,0,0,0,0,0
16.594,0,0,0,0,0,0,0,0,0,0,0,0,0,0
14.236,0,0,0,0,0,0,0,0,0,0,0,0,0,0
14.648,0,0,0,0,0,0,0,0,0,0,0,0,0,0
16.032,0,0,0,0,0,0,0,0,0,0,0,0,0,0
16.088,0,0,0,0,0,0,0,0,0,0,0,0,0,0
15.601,0,0,0,0,0,0,0,0,0,0,0,0,0,0
14.179,0,0,0,0,0,0,0,0,0,0,0,0,0,0
15.169,0,0,0,0,0,0,0,0,0,0,0,0,0,0
13.588,0,0,0,0,0,0,0,0,0,0,0,0,0,0
13.703,0,0,0,0,0,0,0,0,0,0,0,0,0,0
15.565,0,0,0,0,0,0,0,0,0,0,0,0,0,0
14.671,0,0,0,0,0,0,0,0,0,0,0,0,0,0
14.178,0,0,0,0,0,0,0,0,0,0,0,0,0,0
15.979,0,0,0,0,0,0,0,0,0,0,0,0,0,0
14.628,0,0,0,0,0,0,0,0,0,0,0,0,0,0
15.539,0,0,0,0,0,0,0,0,0,0,0,0,0,0
15.662,0,0,0,0,0,0,0,0,0,0,0,0,0,0
14.583,0,0,0,0,0,0,0,0,0,0,0,0,0,0
15.081,0,0,0,0,0,0,0,0,0,0,0,0,0,0
14.315,0,0,0,0,0,0,0,0,0,0,0,0,0,0
16.511,0,0,0,0,0,0,0,0,0,0,0,0,0,0
14.686,0,0,0,0,0,0,0,0,0,0,0,0,0,0
14.571,0,0,0,0,0,0,0,0,0,0,0,0,0,0
13.492,0,0,0,0,0,0,0,0,0,0,0,0,0,0
14.76,0,0,0,0,0,0,0,0,0,0,0,0,0,0
13.628,0,0,0,0,0,0,0,0,0,0,0,0,0,0
15.107,0,0,0,0,0,0,0,0,0,0,0,0,0,0
16.22,0,0,0,0,0,0,0,0,0,0,0,0,0,0
14.737,0,0,0,0,0,0,0,0,0,0,0,0,0,0
14.203,0,0,0,0,0,0,0,0,0,0,0,0,0,0
15.711,0,0,0,0,0,0,0,0,0,0,0,0,0,0
13.748,0,0,0,0,0,0,0,0,0,0,0,0,0,0
13.918,0,0,0,0,0,0,0,0,0,0,0,0,0,0
14.896,0,0,0,0,0,0,0,0,0,0,0,0,0,0
14.595,0,0,0,0,0,0,0,0,0,0,0,0,0,0
14.433,0,0,0,0,0,0,0,0,0,0,0,0,0,0
13.95,0,0,0,0,0,0,0,0,0,0,0,0,0,0
13.357,0,0,0,0,0,0,0,0,0,0,0,0,0,0
13.479,0,0,0,0,0,0,0,0,0,0,0,0,0,0
13.455,0,0,0,0,0,0,0,0,0,0,0,0,0,0
14.357,0,0,0,0,0,0,0,0,0,0,0,0,0,0
13.058,0,0,0,0,0,0,0,0,0,0,0,0,0,0
13.137,0,0,0,0,0,0,0,0,0,0,0,0,0,0
13.077,0,0,0,0,0,0,0,0,0,0,0,0,0,0
13.978,0,0,0,0,0,0,0,0,0,0,0,0,0,0
13.705,0,0,0,0,0,0,0,0,0,0,0,0,0,0
13.3,0,0,0,0,0,0,0,0,0,0,0,0,0,0
13.623,0,0,0,0,0,0,0,0,0,0,0,0,0,0
15.105,0,0,0,0,0,0,0,0,0,0,0,0,0,0
14.741,0,0,0,0,0,0,0,0,0,0,0,0,0,0
13.392,0,0,0,0,0,0,0,0,0,0,0,0,0,0
13.257,0,0,0,0,0,0,0,0,0,0,0,0,0,0
13.217,0,0,0,0,0,0,0,0,0,0,0,0,0,0
14.836,0,0,0,0,0,0,0,0,0,0,0,0,0,0
13.127,0,0,0,0,0,0,0,0,0,0,0,0,0,0
13.258,0,0,0,0,0,0,0,0,0,0,0,0,0,0
13.712,0,0,0,0,0,0,0,0,0,0,0,0,0,0
14.741,0,0,0,0,0,0,0,0,0,0,0,0,0,0
14.621,0,0,0,0,0,0,0,0,0,0,0,0,0,0
13.067,0,0,0,0,0,0,0,0,0,0,0,0,0,0
13.368,0,0,0,0,0,0,0,0,0,0,0,0,0,0
13.345,0,0,0,0,0,0,0,0,0,0,0,0,0,0
16.491,0,0,0,0,0,0,0,0,0,0,0,0,0,0
15.629,0,0,0,0,0,0,0,0,0,0,0,0,0,0
14.202,0,0,0,0,0,0,0,0,0,0,0,0,0,0
15.968,0,0,0,0,0,0,0,0,0,0,0,0,0,0
14.833,0,0,0,0,0,0,0,0,0,0,0,0,0,0
13.434,0,0,0,0,0,0,0,0,0,0,0,0,0,0
14.966,0,0,0,0,0,0,0,0,0,0,0,0,0,0
13.085,0,0,0,0,0,0,0,0,0,0,0,0,0,0
13.42,0,0,0,0,0,0,0,0,0,0,0,0,0,0
13.695,0,0,0,0,0,0,0,0,0,0,0,0,0,0
15.472,0,0,0,0,0,0,0,0,0,0,0,0,0,0
15.651,0,0,0,0,0,0,0,0,0,0,0,0,0,0
13.53,0,0,0,0,0,0,0,0,0,0,0,0,0,0
13.321,0,0,0,0,0,0,0,0,0,0,0,0,0,0
14.701,0,0,0,0,0,0,0,0,0,0,0,0,0,0
13.152,0,0,0,0,0,0,0,0,0,0,0,0,0,0
13.313,0,0,0,0,0,0,0,0,0,0,0,0,0,0
13.418,0,0,0,0,0,0,0,0,0,0,0,0,0,0
14.793,0,0,0,0,0,0,0,0,0,0,0,0,0,0
13.55,0,0,0,0,0,0,0,0,0,0,0,0,0,0
13.287,0,0,0,0,0,0,0,0,0,0,0,0,0,0
13.215,0,0,0,0,0,0,0,0,0,0,0,0,0,0
16.512,0,0,0,0,0,0,0,0,0,0,0,0,0,0
13.609,0,0,0,0,0,0,0,0,0,0,0,0,0,0
15.147,0,0,0,0,0,0,0,0,0,0,0,0,0,0
14.016,0,0,0,0,0,0,0,0,0,0,0,0,0,0
13.738,0,0,0,0,0,0,0,0,0,0,0,0,0,0
14.183,0,0,0,0,0,0,0,0,0,0,0,0,0,0
14.669,0,0,0,0,0,0,0,0,0,0,0,0,0,0
13.413,0,0,0,0,0,0,0,0,0,0,0,0,0,0
13.75,0,0,0,0,0,0,0,0,0,0,0,0,0,0
14.044,0,0,0,0,0,0,0,0,0,0,0,0,0,0
16.629,0,0,0,0,0,0,0,0,0,0,0,0,0,0
15.66,0,0,0,0,0,0,0,0,0,0,0,0,0,0
14.305,0,0,0,0,0,0,0,0,0,0,0,0,0,0
14.183,0,0,0,0,0,0,0,0,0,0,0,0,0,0
14.13,0,0,0,0,0,0,0,0,0,0,0,0,0,0
15.279,0,0,0,0,0,0,0,0,0,0,0,0,0,0
13.411,0,0,0,0,0,0,0,0,0,0,0,0,0,0
14.542,0,0,0,0,0,0,0,0,0,0,0,0,0,0
15.899,0,0,0,0,0,0,0,0,0,0,0,0,0,0
14.565,0,0,0,0,0,0,0,0,0,0,0,0,0,0
14.169,0,0,0,0,0,0,0,0,0,0,0,0,0,0
15.706,0,0,0,0,0,0,0,0,0,0,0,0,0,0
14.269,0,0,0,0,0,0,0,0,0,0,0,0,0,0
13.287,0,0,0,0,0,0,0,0,0,0,0,0,0,0
13.489,0,0,0,0,0,0,0,0,0,0,0,0,0,0
15.233,0,0,0,0,0,0,0,0,0,0,0,0,0,0
14.079,0,0,0,0,0,0,0,0,0,0,0,0,0,0
15.117,0,0,0,0,0,0,0,0,0,0,0,0,0,0
14.518,0,0,0,0,0,0,0,0,0,0,0,0,0,0
13.191,0,0,0,0,0,0,0,0,0,0,0,0,0,0
13.277,0,0,0,0,0,0,0,0,0,0,0,0,0,0
13.613,0,0,0,0,0,0,0,0,0,0,0,0,0,0
15.47,0,0,0,0,0,0,0,0,0,0,0,0,0,0
13.667,0,0,0,0,0,0,0,0,0,0,0,0,0,0
13.092,0,0,0,0,0,0,0,0,0,0,0,0,0,0
13.595,0,0,0,0,0,0,0,0,0,0,0,0,0,0
15.526,0,0,0,0,0,0,0,0,0,0,0,0,0,0
16.504,0,0,0,0,0,0,0,0,0,0,0,0,0,0
13.744,0,0,0,0,0,0,0,0,0,0,0,0,0,0
13.646,0,0,0,0,0,0,0,0,0,0,0,0,0,0
16.431,0,0,0,0,0,0,0,0,0,0,0,0,0,0
14.242,0,0,0,0,0,0,0,0,0,0,0,0,0,0
13.361,0,0,0,0,0,0,0,0,0,0,0,0,0,0
14.085,0,0,0,0,0,0,0,0,0,0,0,0,0,0
16.438,0,0,0,0,0,0,0,0,0,0,0,0,0,0
16.646,0,0,0,0,0,0,0,0,0,0,0,0,0,0
15.902,0,0,0,0,0,0,0,0,0,0,0,0,0,0
15.594,0,0,0,0,0,0,0,0,0,0,0,0,0,0
15.752,0,0,0,0,0,0,0,0,0,0,0,0,0,0
14.384,0,0,0,0,0,0,0,0,0,0,0,0,0,0
13.445,0,0,0,0,0,0,0,0,0,0,0,0,0,0
14.946,0,0,0,0,0,0,0,0,0,0,0,0,0,0
16.302,0,0,0,0,0,0,0,0,0,0,0,0,0,0
15.868,0,0,0,0,0,0,0,0,0,0,0,0,0,0
14.837,0,0,0,0,0,0,0,0,0,0,0,0,0,0
15.262,0,0,0,0,0,0,0,0,0,0,0,0,0,0
17.203,0,0,0,0,0,0,0,0,0,0,0,0,0,0
17.91,0,0,0,0,0,0,0,0,0,0,0,0,0,0
15.841,0,0,0,0,0,0,0,0,0,0,0,0,0,0
14.515,0,0,0,0,0,0,0,0,0,0,0,0,0,0
15.85,0,0,0,0,0,0,0,0,0,0,0,0,0,0
14.375,0,0,0,0,0,0,0,0,0,0,0,0,0,0
14.023,0,0,0,0,0,0,0,0,0,0,0,0,0,0
13.624,0,0,0,0,0,0,0,0,0,0,0,0,0,0
16.51,0,0,0,0,0,0,0,0,0,0,0,0,0,0
16.199,0,0,0,0,0,0,0,0,0,0,0,0,0,0
15.033,0,0,0,0,0,0,0,0,0,0,0,0,0,0
14.903,0,0,0,0,0,0,0,0,0,0,0,0,0,0
13.406,0,0,0,0,0,0,0,0,0,0,0,0,0,0
13.485,0,0,0,0,0,0,0,0,0,0,0,0,0,0
13.516,0,0,0,0,0,0,0,0,0,0,0,0,0,0
16.283,0,0,0,0,0,0,0,0,0,0,0,0,0,0
14.095,0,0,0,0,0,0,0,0,0,0,0,0,0,0
14.587,0,0,0,0,0,0,0,0,0,0,0,0,0,0
17.822,0,0,0,0,0,0,0,0,0,0,0,0,0,0
14.602,0,0,0,0,0,0,0,0,0,0,0,0,0,0
13.9,0,0,0,0,0,0,0,0,0,0,0,0,0,0
14.066,0,0,0,0,0,0,0,0,0,0,0,0,0,0
14.771,0,0,0,0,0,0,0,0,0,0,0,0,0,0
14.079,0,0,0,0,0,0,0,0,0,0,0,0,0,0
13.5,0,0,0,0,0,0,0,0,0,0,0,0,0,0
15.071,0,0,0,0,0,0,0,0,0,0,0,0,0,0
16.134,0,0,0,0,0,0,0,0,0,0,0,0,0,0
13.907,0,0,0,0,0,0,0,0,0,0,0,0,0,0
13.572,0,0,0,0,0,0,0,0,0,0,0,0,0,0
14.842,0,0,0,0,0,0,0,0,0,0,0,0,0,0
15.562,0,0,0,0,0,0,0,0,0,0,0,0,0,0
14.79,0,0,0,0,0,0,0,0,0,0,0,0,0,0
14.572,0,0,0,0,0,0,0,0,0,0,0,0,0,0
13.685,0,0,0,0,0,0,0,0,0,0,0,0,0,0
13.287,0,0,0,0,0,0,0,0,0,0,0,0,0,0
15.397,0,0,0,0,0,0,0,0,0,0,0,0,0,0
14.243,0,0,0,0,0,0,0,0,0,0,0,0,0,0
13.524,0,0,0,0,0,0,0,0,0,0,0,0,0,0
13.7,0,0,0,0,0,0,0,0,0,0,0,0,0,0
14.851,0,0,0,0,0,0,0,0,0,0,0,0,0,0
14.632,0,0,0,0,0,0,0,0,0,0,0,0,0,0
14.217,0,0,0,0,0,0,0,0,0,0,0,0,0,0
15.422,0,0,0,0,0,0,0,0,0,0,0,0,0,0
13.559,0,0,0,0,0,0,0,0,0,0,0,0,0,0
13.339,0,0,0,0,0,0,0,0,0,0,0,0,0,0
15.085,0,0,0,0,0,0,0,0,0,0,0,0,0,0
14.251,0,0,0,0,0,0,0,0,0,0,0,0,0,0
15.846,0,0,0,0,0,0,0,0,0,0,0,0,0,0
15.435,0,0,0,0,0,0,0,0,0,0,0,0,0,0
14.037,0,0,0,0,0,0,0,0,0,0,0,0,0,0
13.489,0,0,0,0,0,0,0,0,0,0,0,0,0,0
13.906,0,0,0,0,0,0,0,0,0,0,0,0,0,0
14.234,0,0,0,0,0,0,0,0,0,0,0,0,0,0
14.177,0,0,0,0,0,0,0,0,0,0,0,0,0,0
14.554,0,0,0,0,0,0,0,0,0,0,0,0,0,0
15.776,0,0,0,0,0,0,0,0,0,0,0,0,0,0
13.542,0,0,0,0,0,0,0,0,0,0,0,0,0,0
13.572,0,0,0,0,0,0,0,0,0,0,0,0,0,0
14.188,0,0,0,0,0,0,0,0,0,0,0,0,0,0
13.737,0,0,0,0,0,0,0,0,0,0,0,0,0,0
13.766,0,0,0,0,0,0,0,0,0,0,0,0,0,0
14.516,0,0,0,0,0,0,0,0,0,0,0,0,0,0
13.842,0,0,0,0,0,0,0,0,0,0,0,0,0,0
13.471,0,0,0,0,0,0,0,0,0,0,0,0,0,0
13.741,0,0,0,0,0,0,0,0,0,0,0,0,0,0
14.707,0,0,0,0,0,0,0,0,0,0,0,0,0,0
13.834,0,0,0,0,0,0,0,0,0,0,0,0,0,0
14.972,0,0,0,0,0,0,0,0,0,0,0,0,0,0
14.616,0,0,0,0,0,0,0,0,0,0,0,0,0,0
15.047,0,0,0,0,0,0,0,0,0,0,0,0,0,0
15.141,0,0,0,0,0,0,0,0,0,0,0,0,0,0
14.556,0,0,0,0,0,0,0,0,0,0,0,0,0,0
15.043,0,0,0,0,0,0,0,0,0,0,0,0,0,0
14.044,0,0,0,0,0,0,0,0,0,0,0,0,0,0
14.923,0,0,0,0,0,0,0,0,0,0,0,0,0,0
14.366,0,0,0,0,0,0,0,0,0,0,0,0,0,0
14.737,0,0,0,0,0,0,0,0,0,0,0,0,0,0
14.59,0,0,0,0,0,0,0,0,0,0,0,0,0,0
14.162,0,0,0,0,0,0,0,0,0,0,0,0,0,0
15.161,0,0,0,0,0,0,0,0,0,0,0,0,0,0
13.655,0,0,0,0,0,0,0,0,0,0,0,0,0,0
14.443,0,0,0,0,0,0,0,0,0,0,0,0,0,0
15.108,0,0,0,0,0,0,0,0,0,0,0,0,0,0
13.228,0,0,0,0,0,0,0,0,0,0,0,0,0,0
15.223,0,0,0,0,0,0,0,0,0,0,0,0,0,0
13.003,0,0,0,0,0,0,0,0,0,0,0,0,0,0
13.053,0,0,0,0,0,0,0,0,0,0,0,0,0,0
12.882,0,0,0,0,0,0,0,0,0,0,0,0,0,0
14.876,0,0,0,0,0,0,0,0,0,0,0,0,0,0
13.21,0,0,0,0,0,0,0,0,0,0,0,0,0,0
12.955,0,0,0,0,0,0,0,0,0,0,0,0,0,0
13.167,0,0,0,0,0,0,0,0,0,0,0,0,0,0
13.616,0,0,0,0,0,0,0,0,0,0,0,0,0,0
14.751,0,0,0,0,0,0,0,0,0,0,0,0,0,0
14.959,0,0,0,0,0,0,0,0,0,0,0,0,0,0
14.887,0,0,0,0,0,0,0,0,0,0,0,0,0,0
14.797,0,0,0,0,0,0,0,0,0,0,0,0,0,0
12.905,0,0,0,0,0,0,0,0,0,0,0,0,0,0
12.845,0,0,0,0,0,0,0,0,0,0,0,0,0,0
13.518,0,0,0,0,0,0,0,0,0,0,0,0,0,0
15.213,0,0,0,0,0,0,0,0,0,0,0,0,0,0
13.758,0,0,0,0,0,0,0,0,0,0,0,0,0,0
13.449,0,0,0,0,0,0,0,0,0,0,0,0,0,0
14.759,0,0,0,0,0,0,0,0,0,0,0,0,0,0
17.704,0,0,0,0,0,0,0,0,0,0,0,0,0,0
14.333,0,0,0,0,0,0,0,0,0,0,0,0,0,0
14.491,0,0,0,0,0,0,0,0,0,0,0,0,0,0
15.337,0,0,0,0,0,0,0,0,0,0,0,0,0,0
16.205,0,0,0,0,0,0,0,0,0,0,0,0,0,0
15.067,0,0,0,0,0,0,0,0,0,0,0,0,0,0
14.399,0,0,0,0,0,0,0,0,0,0,0,0,0,0
16.353,0,0,0,0,0,0,0,0,0,0,0,0,0,0
14.397,0,0,0,0,0,0,0,0,0,0,0,0,0,0
14.16,0,0,0,0,0,0,0,0,0,0,0,0,0,0
15.502,0,0,0,0,0,0,0,0,0,0,0,0,0,0
14.51,0,0,0,0,0,0,0,0,0,0,0,0,0,0
14.518,0,0,0,0,0,0,0,0,0,0,0,0,0,0
15.974,0,0,0,0,0,0,0,0,0,0,0,0,0,0
14.282,0,0,0,0,0,0,0,0,0,0,0,0,0,0
16.044,0,0,0,0,0,0,0,0,0,0,0,0,0,0
14.78,0,0,0,0,0,0,0,0,0,0,0,0,0,0
14.57,0,0,0,0,0,0,0,0,0,0,0,0,0,0
15.419,0,0,0,0,0,0,0,0,0,0,0,0,0,0
14.013,0,0,0,0,0,0,0,0,0,0,0,0,0,0
14.03,0,0,0,0,0,0,0,0,0,0,0,0,0,0
15.013,0,0,0,0,0,0,0,0,0,0,0,0,0,0
14.632,0,0,0,0,0,0,0,0,0,0,0,0,0,0
13.585,0,0,0,0,0,0,0,0,0,0,0,0,0,0
13.279,0,0,0,0,0,0,0,0,0,0,0,0,0,0
13.032,0,0,0,0,0,0,0,0,0,0,0,0,0,0
13.928,0,0,0,0,0,0,0,0,0,0,0,0,0,0
14.567,0,0,0,0,0,0,0,0,0,0,0,0,0,0
13.674,0,0,0,0,0,0,0,0,0,0,0,0,0,0
15.226,0,0,0,0,0,0,0,0,0,0,0,0,0,0
13.268,0,0,0,0,0,0,0,0,0,0,0,0,0,0
13.313,0,0,0,0,0,0,0,0,0,0,0,0,0,0
13.488,0,0,0,0,0,0,0,0,0,0,0,0,0,0
14.393,0,0,0,0,0,0,0,0,0,0,0,0,0,0
13.961,0,0,0,0,0,0,0,0,0,0,0,0,0,0
13.923,0,0,0,0,0,0,0,0,0,0,0,0,0,0
13.522,0,0,0,0,0,0,0,0,0,0,0,0,0,0
13.764,0,0,0,0,0,0,0,0,0,0,0,0,0,0
13.138,0,0,0,0,0,0,0,0,0,0,0,0,0,0
13.086,0,0,0,0,0,0,0,0,0,0,0,0,0,0
13.407,0,0,0,0,0,0,0,0,0,0,0,0,0,0
15.037,0,0,0,0,0,0,0,0,0,0,0,0,0,0
13.099,0,0,0,0,0,0,0,0,0,0,0,0,0,0
13.288,0,0,0,0,0,0,0,0,0,0,0,0,0,0
13.653,0,0,0,0,0,0,0,0,0,0,0,0,0,0
13.577,0,0,0,0,0,0,0,0,0,0,0,0,0,0
13.255,0,0,0,0,0,0,0,0,0,0,0,0,0,0
13.362,0,0,0,0,0,0,0,0,0,0,0,0,0,0
13.883,0,0,0,0,0,0,0,0,0,0,0,0,0,0
14.841,0,0,0,0,0,0,0,0,0,0,0,0,0,0
16.463,0,0,0,0,0,0,0,0,0,0,0,0,0,0
13.982,0,0,0,0,0,0,0,0,0,0,0,0,0,0
13.441,0,0,0,0,0,0,0,0,0,0,0,0,0,0
13.358,0,0,0,0,0,0,0,0,0,0,0,0,0,0
13.778,0,0,0,0,0,0,0,0,0,0,0,0,0,0
15.901,0,0,0,0,0,0,0,0,0,0,0,0,0,0
16.183,0,0,0,0,0,0,0,0,0,0,0,0,0,0
13.86,0,0,0,0,0,0,0,0,0,0,0,0,0,0
13.889,0,0,0,0,0,0,0,0,0,0,0,0,0,0
13.746,0,0,0,0,0,0,0,0,0,0,0,0,0,0
13.532,0,0,0,0,0,0,0,0,0,0,0,0,0,0
15.779,0,0,0,0,0,0,0,0,0,0,0,0,0,0
15.089,0,0,0,0,0,0,0,0,0,0,0,0,0,0
13.977,0,0,0,0,0,0,0,0,0,0,0,0,0,0
12.96,0,0,0,0,0,0,0,0,0,0,0,0,0,0
13.051,0,0,0,0,0,0,0,0,0,0,0,0,0,0
14.713,0,0,0,0,0,0,0,0,0,0,0,0,0,0
16.116,0,0,0,0,0,0,0,0,0,0,0,0,0,0
14.448,0,0,0,0,0,0,0,0,0,0,0,0,0,0
13.363,0,0,0,0,0,0,0,0,0,0,0,0,0,0
13.631,0,0,0,0,0,0,0,0,0,0,0,0,0,0
13.681,0,0,0,0,0,0,0,0,0,0,0,0,0,0
13.528,0,0,0,0,0,0,0,0,0,0,0,0,0,0
16.553,0,0,0,0,0,0,0,0,0,0,0,0,0,0
16.3,0,0,0,0,0,0,0,0,0,0,0,0,0,0
16.012,0,0,0,0,0,0,0,0,0,0,0,0,0,0
16.264,0,0,0,0,0,0,0,0,0,0,0,0,0,0
13.481,0,0,0,0,0,0,0,0,0,0,0,0,0,0
12.812,0,0,0,0,0,0,0,0,0,0,0,0,0,0
12.87,0,0,0,0,0,0,0,0,0,0,0,0,0,0
13.092,0,0,0,0,0,0,0,0,0,0,0,0,0,0
14.315,0,0,0,0,0,0,0,0,0,0,0,0,0,0
16.853,0,0,0,0,0,0,0,0,0,0,0,0,0,0
17.294,0,0,0,0,0,0,0,0,0,0,0,0,0,0
15.977,0,0,0,0,0,0,0,0,0,0,0,0,0,0
13.958,0,0,0,0,0,0,0,0,0,0,0,0,0,0
13.322,0,0,0,0,0,0,0,0,0,0,0,0,0,0
13.562,0,0,0,0,0,0,0,0,0,0,0,0,0,0
15.312,0,0,0,0,0,0,0,0,0,0,0,0,0,0
16.384,0,0,0,0,0,0,0,0,0,0,0,0,0,0
16.447,0,0,0,0,0,0,0,0,0,0,0,0,0,0
15.279,0,0,0,0,0,0,0,0,0,0,0,0,0,0
14.987,0,0,0,0,0,0,0,0,0,0,0,0,0,0
15.588,0,0,0,0,0,0,0,0,0,0,0,0,0,0
15.587,0,0,0,0,0,0,0,0,0,0,0,0,0,0
14.839,0,0,0,0,0,0,0,0,0,0,0,0,0,0
18.644,0,0,0,0,0,0,0,0,0,0,0,0,0,0
16.292,0,0,0,0,0,0,0,0,0,0,0,0,0,0
13.908,0,0,0,0,0,0,0,0,0,0,0,0,0,0
13.756,0,0,0,0,0,0,0,0,0,0,0,0,0,0
16.247,0,0,0,0,0,0,0,0,0,0,0,0,0,0
13.84,0,0,0,0,0,0,0,0,0,0,0,0,0,0
13.784,0,0,0,0,0,0,0,0,0,0,0,0,0,0
13.452,0,0,0,0,0,0,0,0,0,0,0,0,0,0
12.792,0,0,0,0,0,0,0,0,0,0,0,0,0,0
13.011,0,0,0,0,0,0,0,0,0,0,0,0,0,0
12.755,0,0,0,0,0,0,0,0,0,0,0,0,0,0
14.313,0,0,0,0,0,0,0,0,0,0,0,0,0,0
12.724,0,0,0,0,0,0,0,0,0,0,0,0,0,0
12.845,0,0,0,0,0,0,0,0,0,0,0,0,0,0
12.967,0,0,0,0,0,0,0,0,0,0,0,0,0,0
12.714,0,0,0,0,0,0,0,0,0,0,0,0,0,0
13.19,0,0,0,0,0,0,0,0,0,0,0,0,0,0
14.694,0,0,0,0,0,0,0,0,0,0,0,0,0,0
13.557,0,0,0,0,0,0,0,0,0,0,0,0,0,0
13.902,0,0,0,0,0,0,0,0,0,0,0,0,0,0
12.893,0,0,0,0,0,0,0,0,0,0,0,0,0,0
13.694,0,0,0,0,0,0,0,0,0,0,0,0,0,0
14.02,0,0,0,0,0,0,0,0,0,0,0,0,0,0
13.252,0,0,0,0,0,0,0,0,0,0,0,0,0,0
12.98,0,0,0,0,0,0,0,0,0,0,0,0,0,0
13.658,0,0,0,0,0,0,0,0,0,0,0,0,0,0
13.11,0,0,0,0,0,0,0,0,0,0,0,0,0,0
15.752,0,0,0,0,0,0,0,0,0,0,0,0,0,0
13.122,0,0,0,0,0,0,0,0,0,0,0,0,0,0
13.228,0,0,0,0,0,0,0,0,0,0,0,0,0,0
12.887,0,0,0,0,0,0,0,0,0,0,0,0,0,0
13.726,0,0,0,0,0,0,0,0,0,0,0,0,0,0
15.961,0,0,0,0,0,0,0,0,0,0,0,0,0,0
13.095,0,0,0,0,0,0,0,0,0,0,0,0,0,0
13.386,0,0,0,0,0,0,0,0,0,0,0,0,0,0
15.231,0,0,0,0,0,0,0,0,0,0,0,0,0,0
13.98,0,0,0,0,0,0,0,0,0,0,0,0,0,0
13.34,0,0,0,0,0,0,0,0,0,0,0,0,0,0
13.504,0,0,0,0,0,0,0,0,0,0,0,0,0,0
13.587,0,0,0,0,0,0,0,0,0,0,0,0,0,0
13.852,0,0,0,0,0,0,0,0,0,0,0,0,0,0
14.254,0,0,0,0,0,0,0,0,0,0,0,0,0,0
13.057,0,0,0,0,0,0,0,0,0,0,0,0,0,0
12.953,0,0,0,0,0,0,0,0,0,0,0,0,0,0
13.715,0,0,0,0,0,0,0,0,0,0,0,0,0,0
15.546,0,0,0,0,0,0,0,0,0,0,0,0,0,0
13.271,0,0,0,0,0,0,0,0,0,0,0,0,0,0
13.398,0,0,0,0,0,0,0,0,0,0,0,0,0,0
17.012,0,0,0,0,0,0,0,0,0,0,0,0,0,0
17.525,0,0,0,0,0,0,0,0,0,0,0,0,0,0
15.306,0,0,0,0,0,0,0,0,0,0,0,0,0,0
14.984,0,0,0,0,0,0,0,0,0,0,0,0,0,0
17.255,0,0,0,0,0,0,0,0,0,0,0,0,0,0
15.384,0,0,0,0,0,0,0,0,0,0,0,0,0,0
15.918,0,0,0,0,0,0,0,0,0,0,0,0,0,0
16.657,0,0,0,0,0,0,0,0,0,0,0,0,0,0
14.319,0,0,0,0,0,0,0,0,0,0,0,0,0,0
15.12,0,0,0,0,0,0,0,0,0,0,0,0,0,0
13.473,0,0,0,0,0,0,0,0,0,0,0,0,0,0
14.347,0,0,0,0,0,0,0,0,0,0,0,0,0,0
14.821,0,0,0,0,0,0,0,0,0,0,0,0,0,0
11.506,0,0,0,0,0,0,0,0,0,0,0,0,0,0
13.3,0,0,0,0,0,0,0,0,0,0,0,0,0,0
13.148,0,0,0,0,0,0,0,0,0,0,0,0,0,0
13.939,0,0,0,0,0,0,0,0,0,0,0,0,0,0
13.783,0,0,0,0,0,0,0,0,0,0,0,0,0,0
14.697,0,0,0,0,0,0,0,0,0,0,0,0,0,0
15.259,0,0,0,0,0,0,0,0,0,0,0,0,0,0
13.071,0,0,0,0,0,0,0,0,0,0,0,0,0,0
14.348,0,0,0,0,0,0,0,0,0,0,0,0,0,0
13.37,0,0,0,0,0,0,0,0,0,0,0,0,0,0
13.131,0,0,0,0,0,0,0,0,0,0,0,0,0,0
12.866,0,0,0,0,0,0,0,0,0,0,0,0,0,0
13.067,0,0,0,0,0,0,0,0,0,0,0,0,0,0
12.829,0,0,0,0,0,0,0,0,0,0,0,0,0,0
13.011,0,0,0,0,0,0,0,0,0,0,0,0,0,0
13.617,0,0,0,0,0,0,0,0,0,0,0,0,0,0
13.05,0,0,0,0,0,0,0,0,0,0,0,0,0,0
13.276,0,0,0,0,0,0,0,0,0,0,0,0,0,0
13.249,0,0,0,0,0,0,0,0,0,0,0,0,0,0
13.137,0,0,0,0,0,0,0,0,0,0,0,0,0,0
13.8,0,0,0,0,0,0,0,0,0,0,0,0,0,0
13.343,0,0,0,0,0,0,0,0,0,0,0,0,0,0
12.9,0,0,0,0,0,0,0,0,0,0,0,0,0,0
14.36,0,0,0,0,0,0,0,0,0,0,0,0,0,0
14.527,0,0,0,0,0,0,0,0,0,0,0,0,0,0
13.897,0,0,0,0,0,0,0,0,0,0,0,0,0,0
15.178,0,0,0,0,0,0,0,0,0,0,0,0,0,0
14.002,0,0,0,0,0,0,0,0,0,0,0,0,0,0
13.039,0,0,0,0,0,0,0,0,0,0,0,0,0,0
14.232,0,0,0,0,0,0,0,0,0,0,0,0,0,0
13.436,0,0,0,0,0,0,0,0,0,0,0,0,0,0
13.509,0,0,0,0,0,0,0,0,0,0,0,0,0,0
15.1,0,0,0,0,0,0,0,0,0,0,0,0,0,0
13.584,0,0,0,0,0,0,0,0,0,0,0,0,0,0
13.871,0,0,0,0,0,0,0,0,0,0,0,0,0,0
14.202,0,0,0,0,0,0,0,0,0,0,0,0,0,0
15.3,0,0,0,0,0,0,0,0,0,0,0,0,0,0
14.603,0,0,0,0,0,0,0,0,0,0,0,0,0,0
13.713,0,0,0,0,0,0,0,0,0,0,0,0,0,0
14.356,0,0,0,0,0,0,0,0,0,0,0,0,0,0
13.508,0,0,0,0,0,0,0,0,0,0,0,0,0,0
13.545,0,0,0,0,0,0,0,0,0,0,0,0,0,0
13.741,0,0,0,0,0,0,0,0,0,0,0,0,0,0
14.049,0,0,0,0,0,0,0,0,0,0,0,0,0,0
15.083,0,0,0,0,0,0,0,0,0,0,0,0,0,0
13.556,0,0,0,0,0,0,0,0,0,0,0,0,0,0
13.62,0,0,0,0,0,0,0,0,0,0,0,0,0,0
14.221,0,0,0,0,0,0,0,0,0,0,0,0,0,0
13.126,0,0,0,0,0,0,0,0,0,0,0,0,0,0
12.97,0,0,0,0,0,0,0,0,0,0,0,0,0,0
14.644,0,0,0,0,0,0,0,0,0,0,0,0,0,0
13.807,0,0,0,0,0,0,0,0,0,0,0,0,0,0
13.456,0,0,0,0,0,0,0,0,0,0,0,0,0,0
14.763,0,0,0,0,0,0,0,0,0,0,0,0,0,0
13.55,0,0,0,0,0,0,0,0,0,0,0,0,0,0
13.952,0,0,0,0,0,0,0,0,0,0,0,0,0,0
14.022,0,0,0,0,0,0,0,0,0,0,0,0,0,0
13.477,0,0,0,0,0,0,0,0,0,0,0,0,0,0
13.48,0,0,0,0,0,0,0,0,0,0,0,0,0,0
14.478,0,0,0,0,0,0,0,0,0,0,0,0,0,0
12.919,0,0,0,0,0,0,0,0,0,0,0,0,0,0
13.395,0,0,0,0,0,0,0,0,0,0,0,0,0,0
15.764,0,0,0,0,0,0,0,0,0,0,0,0,0,0
13.668,0,0,0,0,0,0,0,0,0,0,0,0,0,0
13.173,0,0,0,0,0,0,0,0,0,0,0,0,0,0
14.047,0,0,0,0,0,0,0,0,0,0,0,0,0,0
13.922,0,0,0,0,0,0,0,0,0,0,0,0,0,0
13.4,0,0,0,0,0,0,0,0,0,0,0,0,0,0
14.733,0,0,0,0,0,0,0,0,0,0,0,0,0,0
13.258,0,0,0,0,0,0,0,0,0,0,0,0,0,0
13.215,0,0,0,0,0,0,0,0,0,0,0,0,0,0
14.704,0,0,0,0,0,0,0,0,0,0,0,0,0,0
14.096,0,0,0,0,0,0,0,0,0,0,0,0,0,0
15.422,0,0,0,0,0,0,0,0,0,0,0,0,0,0
14.398,0,0,0,0,0,0,0,0,0,0,0,0,0,0
15.71,0,0,0,0,0,0,0,0,0,0,0,0,0,0
15.362,0,0,0,0,0,0,0,0,0,0,0,0,0,0
14.636,0,0,0,0,0,0,0,0,0,0,0,0,0,0
13.688,0,0,0,0,0,0,0,0,0,0,0,0,0,0
13.853,0,0,0,0,0,0,0,0,0,0,0,0,0,0
14.321,0,0,0,0,0,0,0,0,0,0,0,0,0,0
13.787,0,0,0,0,0,0,0,0,0,0,0,0,0,0
13.545,0,0,0,0,0,0,0,0,0,0,0,0,0,0
14.234,0,0,0,0,0,0,0,0,0,0,0,0,0,0
13.157,0,0,0,0,0,0,0,0,0,0,0,0,0,0
13.431,0,0,0,0,0,0,0,0,0,0,0,0,0,0
14.374,0,0,0,0,0,0,0,0,0,0,0,0,0,0
13.756,0,0,0,0,0,0,0,0,0,0,0,0,0,0
14.246,0,0,0,0,0,0,0,0,0,0,0,0,0,0
11.589,0,0,0,0,0,0,0,0,0,0,0,0,0,0
15.448,0,0,0,0,0,0,0,0,0,0,0,0,0,0
15.39,0,0,0,0,0,0,0,0,0,0,0,0,0,0
15.559,0,0,0,0,0,0,0,0,0,0,0,0,0,0
14.949,0,0,0,0,0,0,0,0,0,0,0,0,0,0
14.344,0,0,0,0,0,0,0,0,0,0,0,0,0,0
14.418,0,0,0,0,0,0,0,0,0,0,0,0,0,0
15.652,0,0,0,0,0,0,0,0,0,0,0,0,0,0
13.599,0,0,0,0,0,0,0,0,0,0,0,0,0,0
13.543,0,0,0,0,0,0,0,0,0,0,0,0,0,0
13.462,0,0,0,0,0,0,0,0,0,0,0,0,0,0
14.042,0,0,0,0,0,0,0,0,0,0,0,0,0,0
13.589,0,0,0,0,0,0,0,0,0,0,0,0,0,0
14.929,0,0,0,0,0,0,0,0,0,0,0,0,0,0
13.525,0,0,0,0,0,0,0,0,0,0,0,0,0,0
13.421,0,0,0,0,0,0,0,0,0,0,0,0,0,0
13.824,0,0,0,0,0,0,0,0,0,0,0,0,0,0
13.698,0,0,0,0,0,0,0,0,0,0,0,0,0,0
13.156,0,0,0,0,0,0,0,0,0,0,0,0,0,0
13.413,0,0,0,0,0,0,0,0,0,0,0,0,0,0
13.421,0,0,0,0,0,0,0,0,0,0,0,0,0,0
13.456,0,0,0,0,0,0,0,0,0,0,0,0,0,0
13.404,0,0,0,0,0,0,0,0,0,0,0,0,0,0
13.65,0,0,0,0,0,0,0,0,0,0,0,0,0,0
13.382,0,0,0,0,0,0,0,0,0,0,0,0,0,0
14.353,0,0,0,0,0,0,0,0,0,0,0,0,0,0
13.596,0,0,0,0,0,0,0,0,0,0,0,0,0,0
13.771,0,0,0,0,0,0,0,0,0,0,0,0,0,0
13.871,0,0,0,0,0,0,0,0,0,0,0,0,0,0
14.105,0,0,0,0,0,0,0,0,0,0,0,0,0,0
13.412,0,0,0,0,0,0,0,0,0,0,0,0,0,0
13.054,0,0,0,0,0,0,0,0,0,0,0,0,0,0
13.606,0,0,0,0,0,0,0,0,0,0,0,0,0,0
14.888,0,0,0,0,0,0,0,0,0,0,0,0,0,0
13.93,0,0,0,0,0,0,0,0,0,0,0,0,0,0
13.677,0,0,0,0,0,0,0,0,0,0,0,0,0,0
15.178,0,0,0,0,0,0,0,0,0,0,0,0,0,0
14.717,0,0,0,0,0,0,0,0,0,0,0,0,0,0
13.661,0,0,0,0,0,0,0,0,0,0,0,0,0,0
13.49,0,0,0,0,0,0,0,0,0,0,0,0,0,0
13.49,0,0,0,0,0,0,0,0,0,0,0,0,0,0
13.988,0,0,0,0,0,0,0,0,0,0,0,0,0,0
13.517,0,0,0,0,0,0,0,0,0,0,0,0,0,0
13.476,0,0,0,0,0,0,0,0,0,0,0,0,0,0
13.496,0,0,0,0,0,0,0,0,0,0,0,0,0,0
13.903,0,0,0,0,0,0,0,0,0,0,0,0,0,0
14.313,0,0,0,0,0,0,0,0,0,0,0,0,0,0
14.1,0,0,0,0,0,0,0,0,0,0,0,0,0,0
14.256,0,0,0,0,0,0,0,0,0,0,0,0,0,0
14.108,0,0,0,0,0,0,0,0,0,0,0,0,0,0
14.065,0,0,0,0,0,0,0,0,0,0,0,0,0,0
13.951,0,0,0,0,0,0,0,0,0,0,0,0,0,0
14.009,0,0,0,0,0,0,0,0,0,0,0,0,0,0
13.961,0,0,0,0,0,0,0,0,0,0,0,0,0,0
13.814,0,0,0,0,0,0,0,0,0,0,0,0,0,0
13.344,0,0,0,0,0,0,0,0,0,0,0,0,0,0
13.512,0,0,0,0,0,0,0,0,0,0,0,0,0,0
13.835,0,0,0,0,0,0,0,0,0,0,0,0,0,0
14.523,0,0,0,0,0,0,0,0,0,0,0,0,0,0
15.226,0,0,0,0,0,0,0,0,0,0,0,0,0,0
14.354,0,0,0,0,0,0,0,0,0,0,0,0,0,0
13.738,0,0,0,0,0,0,0,0,0,0,0,0,0,0
13.993,0,0,0,0,0,0,0,0,0,0,0,0,0,0
13.81,0,0,0,0,0,0,0,0,0,0,0,0,0,0
14.261,0,0,0,0,0,0,0,0,0,0,0,0,0,0
14.402,0,0,0,0,0,0,0,0,0,0,0,0,0,0
13.802,0,0,0,0,0,0,0,0,0,0,0,0,0,0
13.298,0,0,0,0,0,0,0,0,0,0,0,0,0,0
13.812,0,0,0,0,0,0,0,0,0,0,0,0,0,0
15.25,0,0,0,0,0,0,0,0,0,0,0,0,0,0
14.372,0,0,0,0,0,0,0,0,0,0,0,0,0,0
14.01,0,0,0,0,0,0,0,0,0,0,0,0,0,0
13.982,0,0,0,0,0,0,0,0,0,0,0,0,0,0
15.049,0,0,0,0,0,0,0,0,0,0,0,0,0,0
14.175,0,0,0,0,0,0,0,0,0,0,0,0,0,0
14.724,0,0,0,0,0,0,0,0,0,0,0,0,0,0
14.476,0,0,0,0,0,0,0,0,0,0,0,0,0,0
14.667,0,0,0,0,0,0,0,0,0,0,0,0,0,0
