1
150,123,150,68,193,68,193,123
150,123,150,66,192,66,192,123
150,123,150,66,192,66,192,123
150,123,150,66,192,66,192,123
149,122,149,66,192,66,192,122
148,122,148,66,192,66,192,122
148,123,148,64,193,64,193,123
192.171,124.782,144.529,121.118,149.065,62.1588,196.706,65.8235
197.136,121.779,148.542,120.211,150.543,58.1788,199.137,59.7464
151,122,151,58,202,58,202,122
153,122,153,56,202,56,202,122
167.271,127.087,143.937,65.8337,190.802,47.9802,214.137,109.234
182.876,124.142,143.301,89.5133,183.814,43.2124,223.389,77.8407
189.2,122.6,147.6,101.8,178.2,40.6,219.8,61.4
188.692,120.462,147.846,93.2308,184.308,38.5385,225.154,65.7692
188,123,148.22,95.46,187.568,38.624,227.348,66.164
186.185,135.993,150.096,119.589,186.329,39.8767,222.418,56.2808
187.954,136.015,151.54,117.107,191.777,39.6149,228.191,58.522
184.146,129.807,173.695,54.042,219.31,47.7503,229.761,123.516
193,136,157.155,107.019,208.012,44.1163,243.857,73.0975
200.018,126.506,174.469,76.91,230.77,47.9064,256.319,97.5022
195,138,195,60,241,60,241,138
214.046,142.015,179.547,108.561,230.129,56.398,264.629,89.8519
209.08,154.56,177.24,130.68,225.6,66.2,257.44,90.08
212.412,143.497,184.375,113.761,236.784,64.3466,264.821,94.083
207.912,135.853,186.824,100.706,244.324,66.2059,265.412,101.353
231.591,145.411,198.207,119.615,238.783,67.1048,272.167,92.9017
221.212,147.062,195.721,116.715,250.903,70.3612,276.395,100.708
232.342,150.656,201.332,124.543,245.909,71.6078,276.919,97.7212
238.723,151.205,203.682,124.711,241.3,74.9584,276.341,101.453
218.786,153.542,199.364,122.697,262.966,82.6513,282.387,113.497
219.366,156.564,199.913,123.801,263.336,86.1444,282.789,118.907
215.293,157.017,199.259,119.604,261.655,92.8621,277.69,130.276
202.352,142.304,201.288,105.077,269.746,103.121,270.81,140.348
203.378,145.27,197.514,110.081,266.108,98.6487,271.973,133.838
257.786,140.635,190.431,136.672,192.617,99.5069,259.972,103.469
190.355,153.571,173.596,119.171,239.018,87.2991,255.776,121.699
194.659,154.839,168.634,121.716,222.867,79.1041,248.893,112.227
190.154,147.231,167.846,113.769,222.308,77.4615,244.615,110.923
166.8,135.4,155.1,100.3,222.9,77.7,234.6,112.8
205.201,142.413,156.463,120.403,176.719,75.5506,225.456,97.5609
163.114,130.797,140.139,102.277,194.35,58.6069,217.325,87.1273
199.54,124.757,142.622,115.27,150.135,70.1892,207.054,79.6757
149.965,128.531,120.602,94.9734,167.398,54.0266,196.761,87.5841
133.973,115.671,112.429,73.7792,167.788,45.3092,189.332,87.2008
138.301,115.46,106.002,80.9334,148.511,41.167,180.81,75.6937
161.133,107.369,111.758,101.56,118.522,44.0614,167.898,49.8703
153.186,104.428,104.433,97.1149,112.978,40.1467,161.731,47.4597
120.719,106.551,83.5056,83.809,118.483,26.573,155.697,49.3146
95,99,95,40,143,40,143,99
87,97,87,39,135,39,135,97
82,102,82,38,129,38,129,102
121.102,101.657,74.5811,99.634,77.3811,35.234,123.902,37.2566
74.0288,104.777,71.563,38.2014,116.575,36.5342,119.041,103.11
110.465,101.637,62.7231,98.9846,66.2769,35.0154,114.019,37.6677
59,104,59,37,108,37,108,104
56,102,56,33,104,33,104,102
76.6312,112.171,32.1541,64.9138,71.3633,28.011,115.84,75.2679
60.4932,116.181,34.7919,44.2172,80.9728,27.724,106.674,99.6878
61.9268,126.659,31.2122,43.2902,77.9707,26.0634,108.685,109.432
73.4,133.8,31.2,49.4,75.6,27.2,117.8,111.6
78.5862,138.383,36.1409,55.5132,82.7248,31.6532,125.17,114.523
105.949,139.999,41.7083,72.3771,77.7398,38.1472,141.98,105.769
112.385,147.077,58.8462,66.7692,100.154,39.2308,153.692,119.538
125.131,156.771,76.4639,71.2744,117.562,47.8799,166.23,133.377
132.282,150.242,93.3788,65.1411,134.311,46.4294,173.214,131.531
132.51,151.579,122.426,67.5489,173.53,61.4164,183.614,145.446
165.762,155.46,112.831,104.354,152.841,62.9151,205.772,114.021
161.589,152.698,153.652,75.9671,204.965,70.6588,212.902,147.389
207.832,156.683,160.703,151.97,169.357,65.4357,216.485,70.1485
211.098,159.193,169.863,150.661,187.952,63.2315,229.187,71.7628
206.497,161.29,166.891,138.186,209.181,65.6891,248.788,88.7928
212.252,160.075,175.329,138.195,218.927,64.6233,255.85,86.5035
221.953,162.543,183.819,139.195,228.042,66.9646,266.176,90.312
219.706,159.565,185.473,133.293,234.726,69.1151,268.959,95.387
220.886,165.02,183.705,138.993,233.597,67.7181,270.779,93.745
222.824,167.294,177.971,140.382,217.324,74.7941,262.177,101.706
208.383,163.829,166.699,125.271,215.937,72.0414,257.621,110.599
187,156,187,97,249,97,249,156
227.138,162.655,178.517,143.207,205.621,75.4483,254.241,94.8966
196.277,161.911,163.153,123.076,222.368,72.5689,255.492,111.404
173.557,143.691,160.327,83.2097,229.904,67.9898,243.134,128.471
158.13,137.328,155.562,71.8211,226.844,69.0257,229.413,134.533
151.8,135.4,141.336,77.848,217.104,64.072,227.568,121.624
154.234,135.311,132.844,82.5496,208.307,51.9567,229.696,104.718
205.733,122.503,133.443,118.764,136.93,51.3584,209.219,55.0975
160.796,135.947,113.717,94.7522,169.407,31.1062,216.487,72.3009
180.337,123.427,118.525,120.258,122.906,34.8413,184.717,38.0112
112,116,112,35,174,35,174,116
150.556,122.599,94.6991,107.083,118.281,22.1891,174.137,37.7049
121.123,119.582,79.829,81.0404,138.223,18.4751,179.518,57.0166
114.27,114.151,77.3989,67.3524,139.547,18.387,176.419,65.1853
101.319,111.779,95.8717,30.0752,153.084,26.2611,158.531,107.965
138.501,120.412,88.3908,102.726,117.043,21.5446,167.154,39.2308
113.365,118.677,102.515,39.1116,156.6,31.7363,167.45,111.302
144.569,124.97,98.1019,94.7662,142.425,26.5764,188.893,56.7803
126,135,126,42,175,42,175,135
172.66,136.454,128.025,116.732,163.395,36.686,208.029,56.4081
170.646,146.854,134.185,122.088,187.076,44.2214,223.537,68.9873
161.631,163.558,131.067,137.546,202.844,53.2079,233.408,79.22
172.315,157.915,142.167,124.09,213.209,60.7706,243.357,94.5952
199.5,147.5,159.5,107.5,213.5,53.5,253.5,93.5
217.8,159.4,171.4,136.2,209.4,60.2,255.8,83.4
210.635,157.259,175.059,126.765,230.259,62.3647,265.835,92.8588
232.277,163.331,193.184,148.811,222.337,70.3249,261.429,84.845
235.035,167.625,200.531,154.206,232.34,72.4102,266.845,85.8284
224.324,168.89,195.321,144.348,245.39,85.1758,274.393,109.717
227.84,172.348,197.819,152.98,239.935,87.7002,269.956,107.068
228.127,174.567,199.326,154.531,244.574,89.4866,273.376,109.522
234.006,177.18,205.286,159.441,245.84,93.7833,274.56,111.522
232.238,176.24,205.761,153.999,252.666,98.1595,279.144,120.401
245.928,181.273,215.459,165.513,248.794,101.066,279.263,116.826
224,173,224,116,264,116,264,173
229.284,185.048,204.266,149.728,249.325,117.812,274.343,153.132
221.644,181.192,203.51,147.643,256.385,119.062,274.52,152.611
214.176,173.174,207.487,128.577,258.489,120.927,265.178,165.523
240.8,180.4,200.4,160.2,222,117,262.4,137.2
230.236,178.497,196.723,152.315,231.699,107.546,265.212,133.728
246.138,165.478,196.141,152.243,207.528,109.228,257.525,122.462
255.757,156.46,192.838,145.973,199.568,105.595,262.487,116.081
189,148,189,107,258,107,258,148
185,142,185,100,249,100,249,142
161.171,126.091,160.565,93.9516,236.727,92.5146,237.333,124.654
159.828,128.174,155.26,88.5854,226.314,80.3869,230.882,119.975
155.979,133.679,139.839,106.01,208.855,65.7513,224.995,93.4197
175.989,115.257,156.645,87.1194,202.523,55.5783,221.867,83.7162
184.502,116.172,148.092,98.4109,174.205,44.8803,210.614,62.641
148.786,123.992,122.715,95.9898,178.35,44.1911,204.422,72.1936
151.348,126.843,118.809,106.506,159.82,40.8876,192.36,61.2247
146.4,123.393,111.464,92.2002,156.62,41.6253,191.556,72.8176
131.538,119.692,107.633,62.3195,156.343,42.0237,180.249,99.3965
119.739,121.986,106.265,52.3681,153.837,43.1605,167.312,112.778
118.749,125.399,89.2298,62.4235,137.371,39.8575,166.89,102.833
138.301,120.156,87.9069,114.109,96.4669,42.7761,146.861,48.8234
135.28,124.96,88.3139,122.351,92.6554,44.2031,139.622,46.8123
132.731,127.938,87.5247,123.261,95.7094,44.1423,140.915,48.8188
102.363,136.357,92.0899,50.7492,133.257,45.8091,143.53,131.416
111.094,138.83,88.4906,59.717,129.038,48.1321,151.641,127.245
128.651,150.594,98.4848,68.3222,134.156,55.2429,164.322,137.515
138.534,152.425,108.041,71.1096,143.329,57.8767,173.822,139.192
161.72,154.96,115.94,148.42,126.24,76.32,172.02,82.86
163.931,156.888,126.609,96.2403,164.996,72.618,202.318,133.266
169.223,160.485,151.385,95.0769,198.262,82.2923,216.1,147.7
215.867,162.583,174.898,160.482,178.65,87.3154,219.62,89.4164
237.102,170.35,194.396,168.708,197.17,96.5835,239.876,98.226
218.701,171.729,186.448,142.407,234.367,89.6969,266.62,119.018
225.39,175.512,191.732,148.585,235.244,94.1951,268.902,121.122
214.441,173.735,190.706,134.176,247.029,100.382,270.765,139.941
213.91,170.581,193.232,131.81,251.104,100.945,271.782,139.716
221.089,177.673,193.274,145.885,242.195,103.08,270.009,134.867
225.354,178.686,193.506,148.712,238.365,101.049,270.213,131.024
215.6,174.2,193.8,130.6,253,101,274.8,144.6
250.537,182.754,205.206,158.672,235.153,102.3,280.484,126.382
229.28,177.04,198.56,136.08,251.68,96.24,282.4,137.2
256.551,179.292,203.392,151.149,229.224,102.354,282.384,130.497
228.099,168.412,217.907,108.959,272.586,99.5853,282.778,159.038
241.443,183.842,201.697,145.751,242.577,103.094,282.323,141.185
245.78,177.688,200.374,140.179,234.339,99.0629,279.745,136.572
222.272,175.439,194.887,136.524,244.577,101.557,271.961,140.472
209.56,166.553,189.278,132.072,249.018,96.9306,269.301,131.411
200.199,154.044,180.674,123.255,235.26,88.6402,254.785,119.429
182,141,182,101,243,101,243,141
186.868,141.038,167.856,108.083,219.077,78.5327,238.089,111.487
157.059,134.765,141.353,108.588,208.265,68.4412,223.971,94.6176
170.397,124.48,148.991,92.9345,201.568,57.2576,222.974,88.8035
184.147,122.088,151.353,102.412,185.5,45.5,218.294,65.1765
170.99,114.344,146.02,92.3113,192.479,39.6576,217.449,61.6907
176.013,106.471,149.143,82.5061,193.689,32.5606,220.559,56.5252
181.72,106.04,150.04,82.28,191.08,27.56,222.76,51.32
183.923,101.385,156.249,76.2262,200.729,27.2987,228.403,52.457
187.724,104.677,161.89,81.9432,208.31,29.193,234.144,51.927
196,105,169.4,82.2,213.306,30.9765,239.906,53.7765
202.47,108.858,177.583,88.3629,221.72,34.7691,246.606,55.2639
215.654,113.731,190.315,94.0231,233.715,38.2231,259.054,57.9308
226.155,113.362,202.307,93.1828,244.221,43.6483,268.069,63.8276
229.5,119.5,204.5,94.5,249.5,49.5,274.5,74.5
229.059,133.765,205.094,113.224,252.6,57.8,276.565,78.3412
236.131,128.389,211.975,99.971,259.9,59.2351,284.055,87.6531
234.522,128.066,213.219,94.7798,265.887,61.0726,287.19,94.3587
232.797,129.348,212.466,93.4693,267.117,62.5004,287.448,98.3793
238.5,132.5,211,105,255.5,60.5,283,88
234.293,136.634,207.342,115.073,250.854,60.6829,277.805,82.2439
232.231,136.154,205.462,118.308,247,56,273.769,73.8461
226,135,198.12,115.174,242.736,52.4342,270.615,72.2598
233.794,123.676,204.382,106.029,239.5,47.5,268.912,65.1471
219.087,117.074,194.268,95.9782,239.396,42.8868,264.215,63.9826
209.447,114.818,187.824,91.393,239.118,44.0447,260.741,67.4697
204.47,111.499,182.686,88.3541,231.815,42.1156,253.598,65.2606
196.424,113.065,173.501,91.5312,222.148,39.7454,245.071,61.279
200.838,107.027,170.757,85.5405,205.757,36.5405,235.838,58.027
183.354,107.831,155.731,86.3462,196.923,33.3846,224.546,54.8692
160.947,119.46,136.595,100.789,187.89,33.8824,212.243,52.5528
154.735,120.447,127.522,103.177,171.902,33.2455,199.115,50.5154
149.2,121.6,118.4,106.2,155.4,32.2,186.2,47.6
145.811,118.804,111.766,105.603,140.424,31.6951,174.469,44.8961
134.987,103.643,102.963,81.3656,140.161,27.8943,172.185,50.172
126.067,105.13,93.8128,85.2079,128.646,28.8109,160.9,48.7326
130.241,103.236,95.0416,96.5318,106.901,34.267,142.101,40.9716
121.6,112.2,88.3692,108.046,97.4462,35.4308,130.677,39.5846
83,108,83,38,121,38,121,108
76.6854,105.82,74.0679,37.7666,112.78,36.2777,115.397,104.331
69,105,69,37,107,37,107,105
65,105,65,39,103,39,103,105
65.5563,107.229,58.3345,45.843,95.8737,41.4266,103.096,102.812
73,106,44,77,82.5,38.5,111.5,67.5
70.563,111.675,43.9596,83.171,84.1853,45.6271,110.789,74.1306
68.4479,120.171,56.5422,67.7859,97.387,58.5029,109.293,110.888
83.2308,130.154,51.1538,108.769,84.6923,58.4615,116.769,79.8461
92.2729,140.148,56.0612,125.395,79.8729,66.9482,116.085,81.7012
98.8,151.4,68.8,136.4,97.8,78.4,127.8,93.4
108.726,163.397,75.411,150.904,98.1781,90.1918,131.493,102.685
109.31,182.724,79.8276,170.931,107.207,102.483,136.69,114.276
111.199,183.913,81.3791,164.744,116.892,109.502,146.711,128.671
126.846,187.769,90.5,180.5,102.462,120.692,138.808,127.962
96,188,96,134,137,134,137,188
97.7124,188.686,94.3363,138.044,138.009,135.133,141.385,185.774
96,187,96,133,137,133,137,187
133.833,191.302,92.1512,183.584,101.7,132.019,143.382,139.737
112.977,190.18,80.3503,161.904,113.675,123.452,146.302,151.728
118.128,190.704,81.936,165.648,108.684,127.012,144.876,152.068
122.755,190.167,85.0676,163.08,111,127,148.687,154.088
143.798,188.815,103.22,182.572,111.509,128.694,152.087,134.936
126.062,191.639,94.901,165.977,125.759,128.507,156.92,154.169
129.502,191.028,100.358,164.952,137.445,123.503,166.588,149.579
147.6,196.2,109.8,183.6,126.9,132.3,164.7,144.9
124,188,124,119,158,119,158,188
133.882,192.529,104.018,165.38,144.652,120.683,174.516,147.833
134.373,192.848,104.256,166.345,144.467,120.651,174.584,147.154
157.026,188.314,119.701,183.166,128.98,115.894,166.305,121.042
157.846,187.231,120.554,182.569,128.877,115.985,166.169,120.646
126,177,126,109,165,109,165,177
159.46,178.715,121.789,171.739,135.045,100.157,172.716,107.133
161.674,174.597,124.403,170.674,132.173,96.8603,169.444,100.784
162.449,173.023,127.686,171.284,131.287,99.2643,166.05,101.003
152.317,174.135,120.539,167.56,136.542,90.2155,168.319,96.7902
162.363,167.469,131.838,165.027,137.161,98.4928,167.685,100.935
160.354,163.169,126.508,158.939,134.631,93.9538,168.477,98.1846
139.024,159.781,133.415,95.2683,172.597,91.8612,178.206,156.373
151.898,161.085,123.003,126.17,160.517,95.1242,189.411,130.039
149.253,156.423,129.379,105.634,170.175,89.6705,190.049,140.459
157.014,156.162,130.281,119.245,167.153,92.5444,193.886,129.462
158.697,151.654,138.367,103.372,173.193,88.7082,193.522,136.991
162.714,152.015,148.81,93.3082,185.24,84.68,199.144,143.387
165.598,148.845,144.65,101.711,177.68,87.0309,198.629,134.165
167.483,150.207,149,104,182.793,90.4827,201.276,136.69
167.444,150.205,150.046,102.983,183.505,90.6561,200.902,137.878
158,143,158,86,192,86,192,143
182.048,142.963,150.071,138.792,158.039,77.7007,190.017,81.8717
145,152,145,81,180,81,180,152
146.64,150.52,135.872,91.296,173.888,84.384,184.656,143.608
147.386,145.434,112.297,105.959,149.786,72.6345,184.876,112.11
143.965,140.617,104.862,115.591,136.408,66.3008,175.511,91.3269
132.759,142.734,113.719,74.1891,150.029,64.1031,169.069,132.648
128.628,138.039,94.5964,81.7556,131.943,59.1743,165.974,115.457
121.87,134.888,96.7515,74.6035,135.876,58.3018,160.994,118.586
130.082,133.492,83.2915,84.9689,110.255,58.9683,157.046,107.492
119,134,89.2,74.4,126,56,155.8,115.6
119.169,134.046,86,76,122.4,55.2,155.569,113.246
118.143,130.273,88.4012,73.2689,125.823,53.7444,155.565,110.749
123.489,132.691,89.0099,78.099,124,56,158.479,110.592
122.523,134.185,94.7862,76.1892,133.214,57.8108,160.951,115.806
121.055,131.48,98.9452,72.5205,138.068,57.8493,160.178,116.808
126.941,135.052,89.9077,93.6616,125.394,61.9108,162.428,103.302
127.828,134.196,93.448,84.536,126.884,61.388,161.264,111.048
126.277,134.378,108.547,73.5904,145.45,62.8272,163.179,123.614
131,135,94,98,127,65,164,102
