1.0235,0,0,0,0,0,0,0,0,0,0,0,0,0,0
47.552,0,0,0,0,0,0,0,0,0,0,0,0,0,0
16.87,0,0,0,0,0,0,0,0,0,0,0,0,0,0
15.609,0,0,0,0,0,0,0,0,0,0,0,0,0,0
16.386,0,0,0,0,0,0,0,0,0,0,0,0,0,0
16.249,0,0,0,0,0,0,0,0,0,0,0,0,0,0
15.759,0,0,0,0,0,0,0,0,0,0,0,0,0,0
16.061,0,0,0,0,0,0,0,0,0,0,0,0,0,0
15.954,0,0,0,0,0,0,0,0,0,0,0,0,0,0
20.155,0,0,0,0,0,0,0,0,0,0,0,0,0,0
15.416,0,0,0,0,0,0,0,0,0,0,0,0,0,0
14.795,0,0,0,0,0,0,0,0,0,0,0,0,0,0
14.949,0,0,0,0,0,0,0,0,0,0,0,0,0,0
14.975,0,0,0,0,0,0,0,0,0,0,0,0,0,0
14.866,0,0,0,0,0,0,0,0,0,0,0,0,0,0
15.259,0,0,0,0,0,0,0,0,0,0,0,0,0,0
15.677,0,0,0,0,0,0,0,0,0,0,0,0,0,0
14.826,0,0,0,0,0,0,0,0,0,0,0,0,0,0
14.598,0,0,0,0,0,0,0,0,0,0,0,0,0,0
14.741,0,0,0,0,0,0,0,0,0,0,0,0,0,0
15.051,0,0,0,0,0,0,0,0,0,0,0,0,0,0
14.586,0,0,0,0,0,0,0,0,0,0,0,0,0,0
19.002,0,0,0,0,0,0,0,0,0,0,0,0,0,0
20.04,0,0,0,0,0,0,0,0,0,0,0,0,0,0
16.134,0,0,0,0,0,0,0,0,0,0,0,0,0,0
20.636,0,0,0,0,0,0,0,0,0,0,0,0,0,0
15.995,0,0,0,0,0,0,0,0,0,0,0,0,0,0
19.655,0,0,0,0,0,0,0,0,0,0,0,0,0,0
15.564,0,0,0,0,0,0,0,0,0,0,0,0,0,0
18.531,0,0,0,0,0,0,0,0,0,0,0,0,0,0
15.67,0,0,0,0,0,0,0,0,0,0,0,0,0,0
18.425,0,0,0,0,0,0,0,0,0,0,0,0,0,0
19.009,0,0,0,0,0,0,0,0,0,0,0,0,0,0
20.078,0,0,0,0,0,0,0,0,0,0,0,0,0,0
19.081,0,0,0,0,0,0,0,0,0,0,0,0,0,0
19.931,0,0,0,0,0,0,0,0,0,0,0,0,0,0
15.13,0,0,0,0,0,0,0,0,0,0,0,0,0,0
15.882,0,0,0,0,0,0,0,0,0,0,0,0,0,0
18.947,0,0,0,0,0,0,0,0,0,0,0,0,0,0
14.653,0,0,0,0,0,0,0,0,0,0,0,0,0,0
18.574,0,0,0,0,0,0,0,0,0,0,0,0,0,0
18.86,0,0,0,0,0,0,0,0,0,0,0,0,0,0
14.066,0,0,0,0,0,0,0,0,0,0,0,0,0,0
14.409,0,0,0,0,0,0,0,0,0,0,0,0,0,0
14.913,0,0,0,0,0,0,0,0,0,0,0,0,0,0
18.031,0,0,0,0,0,0,0,0,0,0,0,0,0,0
14.952,0,0,0,0,0,0,0,0,0,0,0,0,0,0
14.669,0,0,0,0,0,0,0,0,0,0,0,0,0,0
15.294,0,0,0,0,0,0,0,0,0,0,0,0,0,0
19.985,0,0,0,0,0,0,0,0,0,0,0,0,0,0
16.339,0,0,0,0,0,0,0,0,0,0,0,0,0,0
18.602,0,0,0,0,0,0,0,0,0,0,0,0,0,0
15.25,0,0,0,0,0,0,0,0,0,0,0,0,0,0
15.114,0,0,0,0,0,0,0,0,0,0,0,0,0,0
15.271,0,0,0,0,0,0,0,0,0,0,0,0,0,0
19.307,0,0,0,0,0,0,0,0,0,0,0,0,0,0
15.7,0,0,0,0,0,0,0,0,0,0,0,0,0,0
18.653,0,0,0,0,0,0,0,0,0,0,0,0,0,0
15.382,0,0,0,0,0,0,0,0,0,0,0,0,0,0
16.065,0,0,0,0,0,0,0,0,0,0,0,0,0,0
18.903,0,0,0,0,0,0,0,0,0,0,0,0,0,0
14.394,0,0,0,0,0,0,0,0,0,0,0,0,0,0
18.215,0,0,0,0,0,0,0,0,0,0,0,0,0,0
15.602,0,0,0,0,0,0,0,0,0,0,0,0,0,0
18.359,0,0,0,0,0,0,0,0,0,0,0,0,0,0
15.786,0,0,0,0,0,0,0,0,0,0,0,0,0,0
15.491,0,0,0,0,0,0,0,0,0,0,0,0,0,0
14.942,0,0,0,0,0,0,0,0,0,0,0,0,0,0
19.167,0,0,0,0,0,0,0,0,0,0,0,0,0,0
15.613,0,0,0,0,0,0,0,0,0,0,0,0,0,0
18.899,0,0,0,0,0,0,0,0,0,0,0,0,0,0
15.153,0,0,0,0,0,0,0,0,0,0,0,0,0,0
15.466,0,0,0,0,0,0,0,0,0,0,0,0,0,0
14.859,0,0,0,0,0,0,0,0,0,0,0,0,0,0
15.105,0,0,0,0,0,0,0,0,0,0,0,0,0,0
14.687,0,0,0,0,0,0,0,0,0,0,0,0,0,0
14.687,0,0,0,0,0,0,0,0,0,0,0,0,0,0
18.486,0,0,0,0,0,0,0,0,0,0,0,0,0,0
19.16,0,0,0,0,0,0,0,0,0,0,0,0,0,0
18.49,0,0,0,0,0,0,0,0,0,0,0,0,0,0
18.94,0,0,0,0,0,0,0,0,0,0,0,0,0,0
14.725,0,0,0,0,0,0,0,0,0,0,0,0,0,0
18.535,0,0,0,0,0,0,0,0,0,0,0,0,0,0
18.45,0,0,0,0,0,0,0,0,0,0,0,0,0,0
19.091,0,0,0,0,0,0,0,0,0,0,0,0,0,0
14.953,0,0,0,0,0,0,0,0,0,0,0,0,0,0
19.791,0,0,0,0,0,0,0,0,0,0,0,0,0,0
19.614,0,0,0,0,0,0,0,0,0,0,0,0,0,0
19.721,0,0,0,0,0,0,0,0,0,0,0,0,0,0
19.755,0,0,0,0,0,0,0,0,0,0,0,0,0,0
16.144,0,0,0,0,0,0,0,0,0,0,0,0,0,0
18.902,0,0,0,0,0,0,0,0,0,0,0,0,0,0
14.831,0,0,0,0,0,0,0,0,0,0,0,0,0,0
18.441,0,0,0,0,0,0,0,0,0,0,0,0,0,0
18.185,0,0,0,0,0,0,0,0,0,0,0,0,0,0
18.048,0,0,0,0,0,0,0,0,0,0,0,0,0,0
18.101,0,0,0,0,0,0,0,0,0,0,0,0,0,0
17.852,0,0,0,0,0,0,0,0,0,0,0,0,0,0
18.127,0,0,0,0,0,0,0,0,0,0,0,0,0,0
18.696,0,0,0,0,0,0,0,0,0,0,0,0,0,0
18.498,0,0,0,0,0,0,0,0,0,0,0,0,0,0
18.821,0,0,0,0,0,0,0,0,0,0,0,0,0,0
18.186,0,0,0,0,0,0,0,0,0,0,0,0,0,0
17.934,0,0,0,0,0,0,0,0,0,0,0,0,0,0
18.125,0,0,0,0,0,0,0,0,0,0,0,0,0,0
18.377,0,0,0,0,0,0,0,0,0,0,0,0,0,0
18.16,0,0,0,0,0,0,0,0,0,0,0,0,0,0
18.193,0,0,0,0,0,0,0,0,0,0,0,0,0,0
18.733,0,0,0,0,0,0,0,0,0,0,0,0,0,0
15.167,0,0,0,0,0,0,0,0,0,0,0,0,0,0
18.421,0,0,0,0,0,0,0,0,0,0,0,0,0,0
18.217,0,0,0,0,0,0,0,0,0,0,0,0,0,0
17.872,0,0,0,0,0,0,0,0,0,0,0,0,0,0
18.668,0,0,0,0,0,0,0,0,0,0,0,0,0,0
18.474,0,0,0,0,0,0,0,0,0,0,0,0,0,0
18.088,0,0,0,0,0,0,0,0,0,0,0,0,0,0
18.548,0,0,0,0,0,0,0,0,0,0,0,0,0,0
19.224,0,0,0,0,0,0,0,0,0,0,0,0,0,0
18.382,0,0,0,0,0,0,0,0,0,0,0,0,0,0
18.349,0,0,0,0,0,0,0,0,0,0,0,0,0,0
18.622,0,0,0,0,0,0,0,0,0,0,0,0,0,0
15.256,0,0,0,0,0,0,0,0,0,0,0,0,0,0
18.735,0,0,0,0,0,0,0,0,0,0,0,0,0,0
19.142,0,0,0,0,0,0,0,0,0,0,0,0,0,0
18.786,0,0,0,0,0,0,0,0,0,0,0,0,0,0
14.978,0,0,0,0,0,0,0,0,0,0,0,0,0,0
14.841,0,0,0,0,0,0,0,0,0,0,0,0,0,0
18.935,0,0,0,0,0,0,0,0,0,0,0,0,0,0
19.437,0,0,0,0,0,0,0,0,0,0,0,0,0,0
19.125,0,0,0,0,0,0,0,0,0,0,0,0,0,0
18.352,0,0,0,0,0,0,0,0,0,0,0,0,0,0
18.659,0,0,0,0,0,0,0,0,0,0,0,0,0,0
19.307,0,0,0,0,0,0,0,0,0,0,0,0,0,0
19.378,0,0,0,0,0,0,0,0,0,0,0,0,0,0
18.212,0,0,0,0,0,0,0,0,0,0,0,0,0,0
14.403,0,0,0,0,0,0,0,0,0,0,0,0,0,0
14.94,0,0,0,0,0,0,0,0,0,0,0,0,0,0
18.189,0,0,0,0,0,0,0,0,0,0,0,0,0,0
18.377,0,0,0,0,0,0,0,0,0,0,0,0,0,0
18.521,0,0,0,0,0,0,0,0,0,0,0,0,0,0
18.602,0,0,0,0,0,0,0,0,0,0,0,0,0,0
17.971,0,0,0,0,0,0,0,0,0,0,0,0,0,0
18.319,0,0,0,0,0,0,0,0,0,0,0,0,0,0
18.624,0,0,0,0,0,0,0,0,0,0,0,0,0,0
17.063,0,0,0,0,0,0,0,0,0,0,0,0,0,0
17.372,0,0,0,0,0,0,0,0,0,0,0,0,0,0
16.682,0,0,0,0,0,0,0,0,0,0,0,0,0,0
17.145,0,0,0,0,0,0,0,0,0,0,0,0,0,0
16.853,0,0,0,0,0,0,0,0,0,0,0,0,0,0
17.244,0,0,0,0,0,0,0,0,0,0,0,0,0,0
18.13,0,0,0,0,0,0,0,0,0,0,0,0,0,0
16.742,0,0,0,0,0,0,0,0,0,0,0,0,0,0
13.961,0,0,0,0,0,0,0,0,0,0,0,0,0,0
13.565,0,0,0,0,0,0,0,0,0,0,0,0,0,0
16.5,0,0,0,0,0,0,0,0,0,0,0,0,0,0
13.099,0,0,0,0,0,0,0,0,0,0,0,0,0,0
13.108,0,0,0,0,0,0,0,0,0,0,0,0,0,0
16.741,0,0,0,0,0,0,0,0,0,0,0,0,0,0
13.081,0,0,0,0,0,0,0,0,0,0,0,0,0,0
13.034,0,0,0,0,0,0,0,0,0,0,0,0,0,0
16.609,0,0,0,0,0,0,0,0,0,0,0,0,0,0
16.861,0,0,0,0,0,0,0,0,0,0,0,0,0,0
18.067,0,0,0,0,0,0,0,0,0,0,0,0,0,0
18.378,0,0,0,0,0,0,0,0,0,0,0,0,0,0
17.888,0,0,0,0,0,0,0,0,0,0,0,0,0,0
17.983,0,0,0,0,0,0,0,0,0,0,0,0,0,0
17.902,0,0,0,0,0,0,0,0,0,0,0,0,0,0
18.14,0,0,0,0,0,0,0,0,0,0,0,0,0,0
17.851,0,0,0,0,0,0,0,0,0,0,0,0,0,0
18.185,0,0,0,0,0,0,0,0,0,0,0,0,0,0
18.616,0,0,0,0,0,0,0,0,0,0,0,0,0,0
18.811,0,0,0,0,0,0,0,0,0,0,0,0,0,0
18.254,0,0,0,0,0,0,0,0,0,0,0,0,0,0
18.551,0,0,0,0,0,0,0,0,0,0,0,0,0,0
18.615,0,0,0,0,0,0,0,0,0,0,0,0,0,0
13.893,0,0,0,0,0,0,0,0,0,0,0,0,0,0
18.331,0,0,0,0,0,0,0,0,0,0,0,0,0,0
18.415,0,0,0,0,0,0,0,0,0,0,0,0,0,0
20.656,0,0,0,0,0,0,0,0,0,0,0,0,0,0
22.034,0,0,0,0,0,0,0,0,0,0,0,0,0,0
21.856,0,0,0,0,0,0,0,0,0,0,0,0,0,0
21.826,0,0,0,0,0,0,0,0,0,0,0,0,0,0
22.284,0,0,0,0,0,0,0,0,0,0,0,0,0,0
20.809,0,0,0,0,0,0,0,0,0,0,0,0,0,0
21.166,0,0,0,0,0,0,0,0,0,0,0,0,0,0
21.978,0,0,0,0,0,0,0,0,0,0,0,0,0,0
19.996,0,0,0,0,0,0,0,0,0,0,0,0,0,0
20.174,0,0,0,0,0,0,0,0,0,0,0,0,0,0
20.02,0,0,0,0,0,0,0,0,0,0,0,0,0,0
20.443,0,0,0,0,0,0,0,0,0,0,0,0,0,0
20.981,0,0,0,0,0,0,0,0,0,0,0,0,0,0
19.409,0,0,0,0,0,0,0,0,0,0,0,0,0,0
20.107,0,0,0,0,0,0,0,0,0,0,0,0,0,0
19.664,0,0,0,0,0,0,0,0,0,0,0,0,0,0
19.731,0,0,0,0,0,0,0,0,0,0,0,0,0,0
19.578,0,0,0,0,0,0,0,0,0,0,0,0,0,0
18.96,0,0,0,0,0,0,0,0,0,0,0,0,0,0
18.85,0,0,0,0,0,0,0,0,0,0,0,0,0,0
15.941,0,0,0,0,0,0,0,0,0,0,0,0,0,0
19.314,0,0,0,0,0,0,0,0,0,0,0,0,0,0
19.442,0,0,0,0,0,0,0,0,0,0,0,0,0,0
19.011,0,0,0,0,0,0,0,0,0,0,0,0,0,0
19.399,0,0,0,0,0,0,0,0,0,0,0,0,0,0
18.951,0,0,0,0,0,0,0,0,0,0,0,0,0,0
19.88,0,0,0,0,0,0,0,0,0,0,0,0,0,0
19.249,0,0,0,0,0,0,0,0,0,0,0,0,0,0
19.743,0,0,0,0,0,0,0,0,0,0,0,0,0,0
19.449,0,0,0,0,0,0,0,0,0,0,0,0,0,0
19.949,0,0,0,0,0,0,0,0,0,0,0,0,0,0
18.832,0,0,0,0,0,0,0,0,0,0,0,0,0,0
17.784,0,0,0,0,0,0,0,0,0,0,0,0,0,0
18.227,0,0,0,0,0,0,0,0,0,0,0,0,0,0
18.389,0,0,0,0,0,0,0,0,0,0,0,0,0,0
17.945,0,0,0,0,0,0,0,0,0,0,0,0,0,0
18.635,0,0,0,0,0,0,0,0,0,0,0,0,0,0
18.096,0,0,0,0,0,0,0,0,0,0,0,0,0,0
14.429,0,0,0,0,0,0,0,0,0,0,0,0,0,0
18.638,0,0,0,0,0,0,0,0,0,0,0,0,0,0
18.561,0,0,0,0,0,0,0,0,0,0,0,0,0,0
17.852,0,0,0,0,0,0,0,0,0,0,0,0,0,0
17.425,0,0,0,0,0,0,0,0,0,0,0,0,0,0
17.838,0,0,0,0,0,0,0,0,0,0,0,0,0,0
17.579,0,0,0,0,0,0,0,0,0,0,0,0,0,0
13.476,0,0,0,0,0,0,0,0,0,0,0,0,0,0
17.513,0,0,0,0,0,0,0,0,0,0,0,0,0,0
17.031,0,0,0,0,0,0,0,0,0,0,0,0,0,0
17.24,0,0,0,0,0,0,0,0,0,0,0,0,0,0
13.72,0,0,0,0,0,0,0,0,0,0,0,0,0,0
18.001,0,0,0,0,0,0,0,0,0,0,0,0,0,0
13.459,0,0,0,0,0,0,0,0,0,0,0,0,0,0
17.64,0,0,0,0,0,0,0,0,0,0,0,0,0,0
13.206,0,0,0,0,0,0,0,0,0,0,0,0,0,0
16.911,0,0,0,0,0,0,0,0,0,0,0,0,0,0
13.904,0,0,0,0,0,0,0,0,0,0,0,0,0,0
17.665,0,0,0,0,0,0,0,0,0,0,0,0,0,0
12.835,0,0,0,0,0,0,0,0,0,0,0,0,0,0
16.875,0,0,0,0,0,0,0,0,0,0,0,0,0,0
17.262,0,0,0,0,0,0,0,0,0,0,0,0,0,0
16.912,0,0,0,0,0,0,0,0,0,0,0,0,0,0
17.032,0,0,0,0,0,0,0,0,0,0,0,0,0,0
17.147,0,0,0,0,0,0,0,0,0,0,0,0,0,0
13.389,0,0,0,0,0,0,0,0,0,0,0,0,0,0
13.307,0,0,0,0,0,0,0,0,0,0,0,0,0,0
16.8,0,0,0,0,0,0,0,0,0,0,0,0,0,0
12.832,0,0,0,0,0,0,0,0,0,0,0,0,0,0
16.87,0,0,0,0,0,0,0,0,0,0,0,0,0,0
16.595,0,0,0,0,0,0,0,0,0,0,0,0,0,0
16.848,0,0,0,0,0,0,0,0,0,0,0,0,0,0
12.924,0,0,0,0,0,0,0,0,0,0,0,0,0,0
12.784,0,0,0,0,0,0,0,0,0,0,0,0,0,0
16.859,0,0,0,0,0,0,0,0,0,0,0,0,0,0
16.197,0,0,0,0,0,0,0,0,0,0,0,0,0,0
12.302,0,0,0,0,0,0,0,0,0,0,0,0,0,0
16.542,0,0,0,0,0,0,0,0,0,0,0,0,0,0
16.256,0,0,0,0,0,0,0,0,0,0,0,0,0,0
16.125,0,0,0,0,0,0,0,0,0,0,0,0,0,0
16.297,0,0,0,0,0,0,0,0,0,0,0,0,0,0
16.474,0,0,0,0,0,0,0,0,0,0,0,0,0,0
16.447,0,0,0,0,0,0,0,0,0,0,0,0,0,0
16.483,0,0,0,0,0,0,0,0,0,0,0,0,0,0
16.333,0,0,0,0,0,0,0,0,0,0,0,0,0,0
16.244,0,0,0,0,0,0,0,0,0,0,0,0,0,0
16.001,0,0,0,0,0,0,0,0,0,0,0,0,0,0
16.333,0,0,0,0,0,0,0,0,0,0,0,0,0,0
15.871,0,0,0,0,0,0,0,0,0,0,0,0,0,0
16.7,0,0,0,0,0,0,0,0,0,0,0,0,0,0
13.347,0,0,0,0,0,0,0,0,0,0,0,0,0,0
17.096,0,0,0,0,0,0,0,0,0,0,0,0,0,0
17.865,0,0,0,0,0,0,0,0,0,0,0,0,0,0
17.921,0,0,0,0,0,0,0,0,0,0,0,0,0,0
18.035,0,0,0,0,0,0,0,0,0,0,0,0,0,0
17.789,0,0,0,0,0,0,0,0,0,0,0,0,0,0
12.967,0,0,0,0,0,0,0,0,0,0,0,0,0,0
16.858,0,0,0,0,0,0,0,0,0,0,0,0,0,0
16.685,0,0,0,0,0,0,0,0,0,0,0,0,0,0
16.295,0,0,0,0,0,0,0,0,0,0,0,0,0,0
12.503,0,0,0,0,0,0,0,0,0,0,0,0,0,0
12.56,0,0,0,0,0,0,0,0,0,0,0,0,0,0
12.432,0,0,0,0,0,0,0,0,0,0,0,0,0,0
16.606,0,0,0,0,0,0,0,0,0,0,0,0,0,0
17.024,0,0,0,0,0,0,0,0,0,0,0,0,0,0
16.478,0,0,0,0,0,0,0,0,0,0,0,0,0,0
16.575,0,0,0,0,0,0,0,0,0,0,0,0,0,0
16.534,0,0,0,0,0,0,0,0,0,0,0,0,0,0
15.568,0,0,0,0,0,0,0,0,0,0,0,0,0,0
12.546,0,0,0,0,0,0,0,0,0,0,0,0,0,0
15.513,0,0,0,0,0,0,0,0,0,0,0,0,0,0
15.885,0,0,0,0,0,0,0,0,0,0,0,0,0,0
15.493,0,0,0,0,0,0,0,0,0,0,0,0,0,0
11.81,0,0,0,0,0,0,0,0,0,0,0,0,0,0
15.647,0,0,0,0,0,0,0,0,0,0,0,0,0,0
16.103,0,0,0,0,0,0,0,0,0,0,0,0,0,0
15.344,0,0,0,0,0,0,0,0,0,0,0,0,0,0
15.483,0,0,0,0,0,0,0,0,0,0,0,0,0,0
15.147,0,0,0,0,0,0,0,0,0,0,0,0,0,0
11.47,0,0,0,0,0,0,0,0,0,0,0,0,0,0
15.149,0,0,0,0,0,0,0,0,0,0,0,0,0,0
15.131,0,0,0,0,0,0,0,0,0,0,0,0,0,0
15.148,0,0,0,0,0,0,0,0,0,0,0,0,0,0
15.428,0,0,0,0,0,0,0,0,0,0,0,0,0,0
15.186,0,0,0,0,0,0,0,0,0,0,0,0,0,0
15.103,0,0,0,0,0,0,0,0,0,0,0,0,0,0
15.794,0,0,0,0,0,0,0,0,0,0,0,0,0,0
15.388,0,0,0,0,0,0,0,0,0,0,0,0,0,0
15.39,0,0,0,0,0,0,0,0,0,0,0,0,0,0
15.413,0,0,0,0,0,0,0,0,0,0,0,0,0,0
14.825,0,0,0,0,0,0,0,0,0,0,0,0,0,0
11.472,0,0,0,0,0,0,0,0,0,0,0,0,0,0
15.015,0,0,0,0,0,0,0,0,0,0,0,0,0,0
11.555,0,0,0,0,0,0,0,0,0,0,0,0,0,0
14.238,0,0,0,0,0,0,0,0,0,0,0,0,0,0
14.376,0,0,0,0,0,0,0,0,0,0,0,0,0,0
10.674,0,0,0,0,0,0,0,0,0,0,0,0,0,0
11.085,0,0,0,0,0,0,0,0,0,0,0,0,0,0
14.211,0,0,0,0,0,0,0,0,0,0,0,0,0,0
10.523,0,0,0,0,0,0,0,0,0,0,0,0,0,0
10.538,0,0,0,0,0,0,0,0,0,0,0,0,0,0
10.525,0,0,0,0,0,0,0,0,0,0,0,0,0,0
13.655,0,0,0,0,0,0,0,0,0,0,0,0,0,0
13.845,0,0,0,0,0,0,0,0,0,0,0,0,0,0
13.79,0,0,0,0,0,0,0,0,0,0,0,0,0,0
13.777,0,0,0,0,0,0,0,0,0,0,0,0,0,0
14.074,0,0,0,0,0,0,0,0,0,0,0,0,0,0
13.931,0,0,0,0,0,0,0,0,0,0,0,0,0,0
14.858,0,0,0,0,0,0,0,0,0,0,0,0,0,0
14.449,0,0,0,0,0,0,0,0,0,0,0,0,0,0
11.069,0,0,0,0,0,0,0,0,0,0,0,0,0,0
14.004,0,0,0,0,0,0,0,0,0,0,0,0,0,0
14.775,0,0,0,0,0,0,0,0,0,0,0,0,0,0
11.077,0,0,0,0,0,0,0,0,0,0,0,0,0,0
13.949,0,0,0,0,0,0,0,0,0,0,0,0,0,0
10.609,0,0,0,0,0,0,0,0,0,0,0,0,0,0
13.769,0,0,0,0,0,0,0,0,0,0,0,0,0,0
13.869,0,0,0,0,0,0,0,0,0,0,0,0,0,0
13.875,0,0,0,0,0,0,0,0,0,0,0,0,0,0
10.626,0,0,0,0,0,0,0,0,0,0,0,0,0,0
13.961,0,0,0,0,0,0,0,0,0,0,0,0,0,0
10.481,0,0,0,0,0,0,0,0,0,0,0,0,0,0
13.808,0,0,0,0,0,0,0,0,0,0,0,0,0,0
13.799,0,0,0,0,0,0,0,0,0,0,0,0,0,0
13.754,0,0,0,0,0,0,0,0,0,0,0,0,0,0
10.425,0,0,0,0,0,0,0,0,0,0,0,0,0,0
13.762,0,0,0,0,0,0,0,0,0,0,0,0,0,0
13.703,0,0,0,0,0,0,0,0,0,0,0,0,0,0
13.572,0,0,0,0,0,0,0,0,0,0,0,0,0,0
13.581,0,0,0,0,0,0,0,0,0,0,0,0,0,0
10.122,0,0,0,0,0,0,0,0,0,0,0,0,0,0
10.188,0,0,0,0,0,0,0,0,0,0,0,0,0,0
13.529,0,0,0,0,0,0,0,0,0,0,0,0,0,0
13.536,0,0,0,0,0,0,0,0,0,0,0,0,0,0
13.816,0,0,0,0,0,0,0,0,0,0,0,0,0,0
13.323,0,0,0,0,0,0,0,0,0,0,0,0,0,0
13.575,0,0,0,0,0,0,0,0,0,0,0,0,0,0
10.126,0,0,0,0,0,0,0,0,0,0,0,0,0,0
13.386,0,0,0,0,0,0,0,0,0,0,0,0,0,0
10.739,0,0,0,0,0,0,0,0,0,0,0,0,0,0
14.477,0,0,0,0,0,0,0,0,0,0,0,0,0,0
10.937,0,0,0,0,0,0,0,0,0,0,0,0,0,0
14.648,0,0,0,0,0,0,0,0,0,0,0,0,0,0
14.439,0,0,0,0,0,0,0,0,0,0,0,0,0,0
14.57,0,0,0,0,0,0,0,0,0,0,0,0,0,0
14.458,0,0,0,0,0,0,0,0,0,0,0,0,0,0
11.052,0,0,0,0,0,0,0,0,0,0,0,0,0,0
14.143,0,0,0,0,0,0,0,0,0,0,0,0,0,0
10.882,0,0,0,0,0,0,0,0,0,0,0,0,0,0
14.382,0,0,0,0,0,0,0,0,0,0,0,0,0,0
14.181,0,0,0,0,0,0,0,0,0,0,0,0,0,0
14.63,0,0,0,0,0,0,0,0,0,0,0,0,0,0
11.201,0,0,0,0,0,0,0,0,0,0,0,0,0,0
11.181,0,0,0,0,0,0,0,0,0,0,0,0,0,0
11.292,0,0,0,0,0,0,0,0,0,0,0,0,0,0
14.654,0,0,0,0,0,0,0,0,0,0,0,0,0,0
14.711,0,0,0,0,0,0,0,0,0,0,0,0,0,0
11.029,0,0,0,0,0,0,0,0,0,0,0,0,0,0
14.464,0,0,0,0,0,0,0,0,0,0,0,0,0,0
11.232,0,0,0,0,0,0,0,0,0,0,0,0,0,0
13.285,0,0,0,0,0,0,0,0,0,0,0,0,0,0
10.788,0,0,0,0,0,0,0,0,0,0,0,0,0,0
10.805,0,0,0,0,0,0,0,0,0,0,0,0,0,0
10.539,0,0,0,0,0,0,0,0,0,0,0,0,0,0
14.066,0,0,0,0,0,0,0,0,0,0,0,0,0,0
13.203,0,0,0,0,0,0,0,0,0,0,0,0,0,0
10.973,0,0,0,0,0,0,0,0,0,0,0,0,0,0
13.352,0,0,0,0,0,0,0,0,0,0,0,0,0,0
13.997,0,0,0,0,0,0,0,0,0,0,0,0,0,0
13.712,0,0,0,0,0,0,0,0,0,0,0,0,0,0
10.116,0,0,0,0,0,0,0,0,0,0,0,0,0,0
13.553,0,0,0,0,0,0,0,0,0,0,0,0,0,0
13.591,0,0,0,0,0,0,0,0,0,0,0,0,0,0
13.675,0,0,0,0,0,0,0,0,0,0,0,0,0,0
13.096,0,0,0,0,0,0,0,0,0,0,0,0,0,0
13.643,0,0,0,0,0,0,0,0,0,0,0,0,0,0
13.191,0,0,0,0,0,0,0,0,0,0,0,0,0,0
13.469,0,0,0,0,0,0,0,0,0,0,0,0,0,0
13.55,0,0,0,0,0,0,0,0,0,0,0,0,0,0
13.687,0,0,0,0,0,0,0,0,0,0,0,0,0,0
13.741,0,0,0,0,0,0,0,0,0,0,0,0,0,0
13.591,0,0,0,0,0,0,0,0,0,0,0,0,0,0
13.857,0,0,0,0,0,0,0,0,0,0,0,0,0,0
14.049,0,0,0,0,0,0,0,0,0,0,0,0,0,0
10.294,0,0,0,0,0,0,0,0,0,0,0,0,0,0
13.793,0,0,0,0,0,0,0,0,0,0,0,0,0,0
13.715,0,0,0,0,0,0,0,0,0,0,0,0,0,0
10.266,0,0,0,0,0,0,0,0,0,0,0,0,0,0
13.744,0,0,0,0,0,0,0,0,0,0,0,0,0,0
14.146,0,0,0,0,0,0,0,0,0,0,0,0,0,0
13.83,0,0,0,0,0,0,0,0,0,0,0,0,0,0
13.822,0,0,0,0,0,0,0,0,0,0,0,0,0,0
13.837,0,0,0,0,0,0,0,0,0,0,0,0,0,0
10.34,0,0,0,0,0,0,0,0,0,0,0,0,0,0
13.938,0,0,0,0,0,0,0,0,0,0,0,0,0,0
13.969,0,0,0,0,0,0,0,0,0,0,0,0,0,0
13.691,0,0,0,0,0,0,0,0,0,0,0,0,0,0
10.203,0,0,0,0,0,0,0,0,0,0,0,0,0,0
13.747,0,0,0,0,0,0,0,0,0,0,0,0,0,0
10.614,0,0,0,0,0,0,0,0,0,0,0,0,0,0
13.481,0,0,0,0,0,0,0,0,0,0,0,0,0,0
13.958,0,0,0,0,0,0,0,0,0,0,0,0,0,0
13.706,0,0,0,0,0,0,0,0,0,0,0,0,0,0
13.822,0,0,0,0,0,0,0,0,0,0,0,0,0,0
14.221,0,0,0,0,0,0,0,0,0,0,0,0,0,0
13.881,0,0,0,0,0,0,0,0,0,0,0,0,0,0
14.033,0,0,0,0,0,0,0,0,0,0,0,0,0,0
14.093,0,0,0,0,0,0,0,0,0,0,0,0,0,0
14.046,0,0,0,0,0,0,0,0,0,0,0,0,0,0
13.842,0,0,0,0,0,0,0,0,0,0,0,0,0,0
14.318,0,0,0,0,0,0,0,0,0,0,0,0,0,0
13.921,0,0,0,0,0,0,0,0,0,0,0,0,0,0
13.947,0,0,0,0,0,0,0,0,0,0,0,0,0,0
14.007,0,0,0,0,0,0,0,0,0,0,0,0,0,0
13.902,0,0,0,0,0,0,0,0,0,0,0,0,0,0
13.88,0,0,0,0,0,0,0,0,0,0,0,0,0,0
14.009,0,0,0,0,0,0,0,0,0,0,0,0,0,0
14.065,0,0,0,0,0,0,0,0,0,0,0,0,0,0
14.171,0,0,0,0,0,0,0,0,0,0,0,0,0,0
14.512,0,0,0,0,0,0,0,0,0,0,0,0,0,0
14.521,0,0,0,0,0,0,0,0,0,0,0,0,0,0
14.608,0,0,0,0,0,0,0,0,0,0,0,0,0,0
14.855,0,0,0,0,0,0,0,0,0,0,0,0,0,0
14.493,0,0,0,0,0,0,0,0,0,0,0,0,0,0
14.158,0,0,0,0,0,0,0,0,0,0,0,0,0,0
14.205,0,0,0,0,0,0,0,0,0,0,0,0,0,0
14.442,0,0,0,0,0,0,0,0,0,0,0,0,0,0
13.884,0,0,0,0,0,0,0,0,0,0,0,0,0,0
14.348,0,0,0,0,0,0,0,0,0,0,0,0,0,0
13.959,0,0,0,0,0,0,0,0,0,0,0,0,0,0
14.325,0,0,0,0,0,0,0,0,0,0,0,0,0,0
14.661,0,0,0,0,0,0,0,0,0,0,0,0,0,0
14.711,0,0,0,0,0,0,0,0,0,0,0,0,0,0
14.494,0,0,0,0,0,0,0,0,0,0,0,0,0,0
15.154,0,0,0,0,0,0,0,0,0,0,0,0,0,0
14.823,0,0,0,0,0,0,0,0,0,0,0,0,0,0
15.111,0,0,0,0,0,0,0,0,0,0,0,0,0,0
14.738,0,0,0,0,0,0,0,0,0,0,0,0,0,0
14.942,0,0,0,0,0,0,0,0,0,0,0,0,0,0
14.897,0,0,0,0,0,0,0,0,0,0,0,0,0,0
14.882,0,0,0,0,0,0,0,0,0,0,0,0,0,0
14.664,0,0,0,0,0,0,0,0,0,0,0,0,0,0
15.136,0,0,0,0,0,0,0,0,0,0,0,0,0,0
14.779,0,0,0,0,0,0,0,0,0,0,0,0,0,0
14.757,0,0,0,0,0,0,0,0,0,0,0,0,0,0
14.287,0,0,0,0,0,0,0,0,0,0,0,0,0,0
14.437,0,0,0,0,0,0,0,0,0,0,0,0,0,0
13.984,0,0,0,0,0,0,0,0,0,0,0,0,0,0
14.198,0,0,0,0,0,0,0,0,0,0,0,0,0,0
13.855,0,0,0,0,0,0,0,0,0,0,0,0,0,0
14.44,0,0,0,0,0,0,0,0,0,0,0,0,0,0
13.897,0,0,0,0,0,0,0,0,0,0,0,0,0,0
14.339,0,0,0,0,0,0,0,0,0,0,0,0,0,0
14.434,0,0,0,0,0,0,0,0,0,0,0,0,0,0
14.167,0,0,0,0,0,0,0,0,0,0,0,0,0,0
14.682,0,0,0,0,0,0,0,0,0,0,0,0,0,0
14.425,0,0,0,0,0,0,0,0,0,0,0,0,0,0
13.86,0,0,0,0,0,0,0,0,0,0,0,0,0,0
13.532,0,0,0,0,0,0,0,0,0,0,0,0,0,0
10.087,0,0,0,0,0,0,0,0,0,0,0,0,0,0
10.024,0,0,0,0,0,0,0,0,0,0,0,0,0,0
13.945,0,0,0,0,0,0,0,0,0,0,0,0,0,0
13.646,0,0,0,0,0,0,0,0,0,0,0,0,0,0
10.541,0,0,0,0,0,0,0,0,0,0,0,0,0,0
10.206,0,0,0,0,0,0,0,0,0,0,0,0,0,0
13.913,0,0,0,0,0,0,0,0,0,0,0,0,0,0
13.703,0,0,0,0,0,0,0,0,0,0,0,0,0,0
13.841,0,0,0,0,0,0,0,0,0,0,0,0,0,0
10.25,0,0,0,0,0,0,0,0,0,0,0,0,0,0
13.525,0,0,0,0,0,0,0,0,0,0,0,0,0,0
13.534,0,0,0,0,0,0,0,0,0,0,0,0,0,0
13.146,0,0,0,0,0,0,0,0,0,0,0,0,0,0
13.318,0,0,0,0,0,0,0,0,0,0,0,0,0,0
13.287,0,0,0,0,0,0,0,0,0,0,0,0,0,0
13.282,0,0,0,0,0,0,0,0,0,0,0,0,0,0
13.297,0,0,0,0,0,0,0,0,0,0,0,0,0,0
13.579,0,0,0,0,0,0,0,0,0,0,0,0,0,0
12.816,0,0,0,0,0,0,0,0,0,0,0,0,0,0
12.902,0,0,0,0,0,0,0,0,0,0,0,0,0,0
12.394,0,0,0,0,0,0,0,0,0,0,0,0,0,0
12.768,0,0,0,0,0,0,0,0,0,0,0,0,0,0
12.39,0,0,0,0,0,0,0,0,0,0,0,0,0,0
12.843,0,0,0,0,0,0,0,0,0,0,0,0,0,0
12.464,0,0,0,0,0,0,0,0,0,0,0,0,0,0
12.908,0,0,0,0,0,0,0,0,0,0,0,0,0,0
12.342,0,0,0,0,0,0,0,0,0,0,0,0,0,0
9.621,0,0,0,0,0,0,0,0,0,0,0,0,0,0
12.367,0,0,0,0,0,0,0,0,0,0,0,0,0,0
12.829,0,0,0,0,0,0,0,0,0,0,0,0,0,0
12.301,0,0,0,0,0,0,0,0,0,0,0,0,0,0
12.803,0,0,0,0,0,0,0,0,0,0,0,0,0,0
12.292,0,0,0,0,0,0,0,0,0,0,0,0,0,0
9.5047,0,0,0,0,0,0,0,0,0,0,0,0,0,0
12.284,0,0,0,0,0,0,0,0,0,0,0,0,0,0
9.3055,0,0,0,0,0,0,0,0,0,0,0,0,0,0
12.588,0,0,0,0,0,0,0,0,0,0,0,0,0,0
9.2753,0,0,0,0,0,0,0,0,0,0,0,0,0,0
12.667,0,0,0,0,0,0,0,0,0,0,0,0,0,0
12.415,0,0,0,0,0,0,0,0,0,0,0,0,0,0
9.2752,0,0,0,0,0,0,0,0,0,0,0,0,0,0
12.177,0,0,0,0,0,0,0,0,0,0,0,0,0,0
12.646,0,0,0,0,0,0,0,0,0,0,0,0,0,0
12.352,0,0,0,0,0,0,0,0,0,0,0,0,0,0
12.75,0,0,0,0,0,0,0,0,0,0,0,0,0,0
12.251,0,0,0,0,0,0,0,0,0,0,0,0,0,0
12.801,0,0,0,0,0,0,0,0,0,0,0,0,0,0
12.439,0,0,0,0,0,0,0,0,0,0,0,0,0,0
12.791,0,0,0,0,0,0,0,0,0,0,0,0,0,0
12.769,0,0,0,0,0,0,0,0,0,0,0,0,0,0
12.493,0,0,0,0,0,0,0,0,0,0,0,0,0,0
12.571,0,0,0,0,0,0,0,0,0,0,0,0,0,0
12.466,0,0,0,0,0,0,0,0,0,0,0,0,0,0
12.679,0,0,0,0,0,0,0,0,0,0,0,0,0,0
12.972,0,0,0,0,0,0,0,0,0,0,0,0,0,0
12.117,0,0,0,0,0,0,0,0,0,0,0,0,0,0
12.918,0,0,0,0,0,0,0,0,0,0,0,0,0,0
12.4,0,0,0,0,0,0,0,0,0,0,0,0,0,0
13.005,0,0,0,0,0,0,0,0,0,0,0,0,0,0
12.456,0,0,0,0,0,0,0,0,0,0,0,0,0,0
13.054,0,0,0,0,0,0,0,0,0,0,0,0,0,0
12.108,0,0,0,0,0,0,0,0,0,0,0,0,0,0
12.765,0,0,0,0,0,0,0,0,0,0,0,0,0,0
12.226,0,0,0,0,0,0,0,0,0,0,0,0,0,0
12.737,0,0,0,0,0,0,0,0,0,0,0,0,0,0
12.498,0,0,0,0,0,0,0,0,0,0,0,0,0,0
12.946,0,0,0,0,0,0,0,0,0,0,0,0,0,0
12.552,0,0,0,0,0,0,0,0,0,0,0,0,0,0
12.583,0,0,0,0,0,0,0,0,0,0,0,0,0,0
12.49,0,0,0,0,0,0,0,0,0,0,0,0,0,0
12.554,0,0,0,0,0,0,0,0,0,0,0,0,0,0
12.578,0,0,0,0,0,0,0,0,0,0,0,0,0,0
12.442,0,0,0,0,0,0,0,0,0,0,0,0,0,0
12.59,0,0,0,0,0,0,0,0,0,0,0,0,0,0
12.219,0,0,0,0,0,0,0,0,0,0,0,0,0,0
12.56,0,0,0,0,0,0,0,0,0,0,0,0,0,0
9.0581,0,0,0,0,0,0,0,0,0,0,0,0,0,0
12.447,0,0,0,0,0,0,0,0,0,0,0,0,0,0
9.2886,0,0,0,0,0,0,0,0,0,0,0,0,0,0
12.406,0,0,0,0,0,0,0,0,0,0,0,0,0,0
12.719,0,0,0,0,0,0,0,0,0,0,0,0,0,0
8.6763,0,0,0,0,0,0,0,0,0,0,0,0,0,0
12.741,0,0,0,0,0,0,0,0,0,0,0,0,0,0
12.267,0,0,0,0,0,0,0,0,0,0,0,0,0,0
12.732,0,0,0,0,0,0,0,0,0,0,0,0,0,0
12.356,0,0,0,0,0,0,0,0,0,0,0,0,0,0
12.662,0,0,0,0,0,0,0,0,0,0,0,0,0,0
12.307,0,0,0,0,0,0,0,0,0,0,0,0,0,0
12.482,0,0,0,0,0,0,0,0,0,0,0,0,0,0
12.335,0,0,0,0,0,0,0,0,0,0,0,0,0,0
12.748,0,0,0,0,0,0,0,0,0,0,0,0,0,0
12.297,0,0,0,0,0,0,0,0,0,0,0,0,0,0
12.524,0,0,0,0,0,0,0,0,0,0,0,0,0,0
12.371,0,0,0,0,0,0,0,0,0,0,0,0,0,0
12.554,0,0,0,0,0,0,0,0,0,0,0,0,0,0
12.456,0,0,0,0,0,0,0,0,0,0,0,0,0,0
12.306,0,0,0,0,0,0,0,0,0,0,0,0,0,0
12.443,0,0,0,0,0,0,0,0,0,0,0,0,0,0
12.549,0,0,0,0,0,0,0,0,0,0,0,0,0,0
12.352,0,0,0,0,0,0,0,0,0,0,0,0,0,0
12.414,0,0,0,0,0,0,0,0,0,0,0,0,0,0
12.953,0,0,0,0,0,0,0,0,0,0,0,0,0,0
12.241,0,0,0,0,0,0,0,0,0,0,0,0,0,0
12.952,0,0,0,0,0,0,0,0,0,0,0,0,0,0
12.084,0,0,0,0,0,0,0,0,0,0,0,0,0,0
12.86,0,0,0,0,0,0,0,0,0,0,0,0,0,0
13.184,0,0,0,0,0,0,0,0,0,0,0,0,0,0
12.996,0,0,0,0,0,0,0,0,0,0,0,0,0,0
12.901,0,0,0,0,0,0,0,0,0,0,0,0,0,0
12.911,0,0,0,0,0,0,0,0,0,0,0,0,0,0
12.985,0,0,0,0,0,0,0,0,0,0,0,0,0,0
12.801,0,0,0,0,0,0,0,0,0,0,0,0,0,0
12.937,0,0,0,0,0,0,0,0,0,0,0,0,0,0
12.93,0,0,0,0,0,0,0,0,0,0,0,0,0,0
12.797,0,0,0,0,0,0,0,0,0,0,0,0,0,0
13.142,0,0,0,0,0,0,0,0,0,0,0,0,0,0
12.782,0,0,0,0,0,0,0,0,0,0,0,0,0,0
13.019,0,0,0,0,0,0,0,0,0,0,0,0,0,0
12.787,0,0,0,0,0,0,0,0,0,0,0,0,0,0
13.027,0,0,0,0,0,0,0,0,0,0,0,0,0,0
12.685,0,0,0,0,0,0,0,0,0,0,0,0,0,0
12.667,0,0,0,0,0,0,0,0,0,0,0,0,0,0
12.889,0,0,0,0,0,0,0,0,0,0,0,0,0,0
12.861,0,0,0,0,0,0,0,0,0,0,0,0,0,0
13.031,0,0,0,0,0,0,0,0,0,0,0,0,0,0
12.881,0,0,0,0,0,0,0,0,0,0,0,0,0,0
12.956,0,0,0,0,0,0,0,0,0,0,0,0,0,0
12.967,0,0,0,0,0,0,0,0,0,0,0,0,0,0
13.098,0,0,0,0,0,0,0,0,0,0,0,0,0,0
12.549,0,0,0,0,0,0,0,0,0,0,0,0,0,0
12.578,0,0,0,0,0,0,0,0,0,0,0,0,0,0
12.826,0,0,0,0,0,0,0,0,0,0,0,0,0,0
12.802,0,0,0,0,0,0,0,0,0,0,0,0,0,0
12.873,0,0,0,0,0,0,0,0,0,0,0,0,0,0
12.712,0,0,0,0,0,0,0,0,0,0,0,0,0,0
12.774,0,0,0,0,0,0,0,0,0,0,0,0,0,0
12.85,0,0,0,0,0,0,0,0,0,0,0,0,0,0
12.739,0,0,0,0,0,0,0,0,0,0,0,0,0,0
12.812,0,0,0,0,0,0,0,0,0,0,0,0,0,0
12.681,0,0,0,0,0,0,0,0,0,0,0,0,0,0
12.769,0,0,0,0,0,0,0,0,0,0,0,0,0,0
12.758,0,0,0,0,0,0,0,0,0,0,0,0,0,0
12.81,0,0,0,0,0,0,0,0,0,0,0,0,0,0
12.787,0,0,0,0,0,0,0,0,0,0,0,0,0,0
12.686,0,0,0,0,0,0,0,0,0,0,0,0,0,0
12.902,0,0,0,0,0,0,0,0,0,0,0,0,0,0
12.97,0,0,0,0,0,0,0,0,0,0,0,0,0,0
12.673,0,0,0,0,0,0,0,0,0,0,0,0,0,0
12.901,0,0,0,0,0,0,0,0,0,0,0,0,0,0
12.837,0,0,0,0,0,0,0,0,0,0,0,0,0,0
12.911,0,0,0,0,0,0,0,0,0,0,0,0,0,0
12.897,0,0,0,0,0,0,0,0,0,0,0,0,0,0
12.106,0,0,0,0,0,0,0,0,0,0,0,0,0,0
12.681,0,0,0,0,0,0,0,0,0,0,0,0,0,0
12.15,0,0,0,0,0,0,0,0,0,0,0,0,0,0
13.08,0,0,0,0,0,0,0,0,0,0,0,0,0,0
12.196,0,0,0,0,0,0,0,0,0,0,0,0,0,0
12.832,0,0,0,0,0,0,0,0,0,0,0,0,0,0
11.799,0,0,0,0,0,0,0,0,0,0,0,0,0,0
NaN,0,0,0,0,0,0,0,0,0,0,0,0,0,0
NaN,0,0,0,0,0,0,0,0,0,0,0,0,0,0
NaN,0,0,0,0,0,0,0,0,0,0,0,0,0,0
NaN,0,0,0,0,0,0,0,0,0,0,0,0,0,0
1.0231,0,0,0,0,0,0,0,0,0,0,0,0,0,0
43.679,0,0,0,0,0,0,0,0,0,0,0,0,0,0
14.645,0,0,0,0,0,0,0,0,0,0,0,0,0,0
13.62,0,0,0,0,0,0,0,0,0,0,0,0,0,0
12.976,0,0,0,0,0,0,0,0,0,0,0,0,0,0
12.824,0,0,0,0,0,0,0,0,0,0,0,0,0,0
8.7028,0,0,0,0,0,0,0,0,0,0,0,0,0,0
12.309,0,0,0,0,0,0,0,0,0,0,0,0,0,0
12.346,0,0,0,0,0,0,0,0,0,0,0,0,0,0
12.387,0,0,0,0,0,0,0,0,0,0,0,0,0,0
12.448,0,0,0,0,0,0,0,0,0,0,0,0,0,0
12.679,0,0,0,0,0,0,0,0,0,0,0,0,0,0
12.309,0,0,0,0,0,0,0,0,0,0,0,0,0,0
12.491,0,0,0,0,0,0,0,0,0,0,0,0,0,0
12.254,0,0,0,0,0,0,0,0,0,0,0,0,0,0
12.681,0,0,0,0,0,0,0,0,0,0,0,0,0,0
12.185,0,0,0,0,0,0,0,0,0,0,0,0,0,0
12.457,0,0,0,0,0,0,0,0,0,0,0,0,0,0
12.231,0,0,0,0,0,0,0,0,0,0,0,0,0,0
9.1098,0,0,0,0,0,0,0,0,0,0,0,0,0,0
12.229,0,0,0,0,0,0,0,0,0,0,0,0,0,0
8.6325,0,0,0,0,0,0,0,0,0,0,0,0,0,0
12.523,0,0,0,0,0,0,0,0,0,0,0,0,0,0
12.195,0,0,0,0,0,0,0,0,0,0,0,0,0,0
13.08,0,0,0,0,0,0,0,0,0,0,0,0,0,0
12.991,0,0,0,0,0,0,0,0,0,0,0,0,0,0
12.953,0,0,0,0,0,0,0,0,0,0,0,0,0,0
13.104,0,0,0,0,0,0,0,0,0,0,0,0,0,0
13.078,0,0,0,0,0,0,0,0,0,0,0,0,0,0
13.12,0,0,0,0,0,0,0,0,0,0,0,0,0,0
13.065,0,0,0,0,0,0,0,0,0,0,0,0,0,0
13.02,0,0,0,0,0,0,0,0,0,0,0,0,0,0
13.04,0,0,0,0,0,0,0,0,0,0,0,0,0,0
12.806,0,0,0,0,0,0,0,0,0,0,0,0,0,0
12.996,0,0,0,0,0,0,0,0,0,0,0,0,0,0
9.228,0,0,0,0,0,0,0,0,0,0,0,0,0,0
12.833,0,0,0,0,0,0,0,0,0,0,0,0,0,0
13.082,0,0,0,0,0,0,0,0,0,0,0,0,0,0
12.902,0,0,0,0,0,0,0,0,0,0,0,0,0,0
9.1152,0,0,0,0,0,0,0,0,0,0,0,0,0,0
12.913,0,0,0,0,0,0,0,0,0,0,0,0,0,0
12.867,0,0,0,0,0,0,0,0,0,0,0,0,0,0
9.2039,0,0,0,0,0,0,0,0,0,0,0,0,0,0
12.995,0,0,0,0,0,0,0,0,0,0,0,0,0,0
12.629,0,0,0,0,0,0,0,0,0,0,0,0,0,0
8.9939,0,0,0,0,0,0,0,0,0,0,0,0,0,0
12.608,0,0,0,0,0,0,0,0,0,0,0,0,0,0
12.3,0,0,0,0,0,0,0,0,0,0,0,0,0,0
9.2194,0,0,0,0,0,0,0,0,0,0,0,0,0,0
12.432,0,0,0,0,0,0,0,0,0,0,0,0,0,0
9.396,0,0,0,0,0,0,0,0,0,0,0,0,0,0
12.151,0,0,0,0,0,0,0,0,0,0,0,0,0,0
12.751,0,0,0,0,0,0,0,0,0,0,0,0,0,0
12.186,0,0,0,0,0,0,0,0,0,0,0,0,0,0
12.867,0,0,0,0,0,0,0,0,0,0,0,0,0,0
12.857,0,0,0,0,0,0,0,0,0,0,0,0,0,0
12.297,0,0,0,0,0,0,0,0,0,0,0,0,0,0
12.62,0,0,0,0,0,0,0,0,0,0,0,0,0,0
12.167,0,0,0,0,0,0,0,0,0,0,0,0,0,0
12.539,0,0,0,0,0,0,0,0,0,0,0,0,0,0
12.24,0,0,0,0,0,0,0,0,0,0,0,0,0,0
12.835,0,0,0,0,0,0,0,0,0,0,0,0,0,0
12.229,0,0,0,0,0,0,0,0,0,0,0,0,0,0
12.704,0,0,0,0,0,0,0,0,0,0,0,0,0,0
12.439,0,0,0,0,0,0,0,0,0,0,0,0,0,0
12.589,0,0,0,0,0,0,0,0,0,0,0,0,0,0
12.485,0,0,0,0,0,0,0,0,0,0,0,0,0,0
12.679,0,0,0,0,0,0,0,0,0,0,0,0,0,0
12.799,0,0,0,0,0,0,0,0,0,0,0,0,0,0
13.07,0,0,0,0,0,0,0,0,0,0,0,0,0,0
