1
573.891,373.254,339.02,367.231,342.928,214.819,577.799,220.841
573.891,373.254,339.02,367.231,342.928,214.819,577.799,220.841
573.891,373.254,339.02,367.231,342.928,214.819,577.799,220.841
573.891,373.254,339.02,367.231,342.928,214.819,577.799,220.841
573.891,373.254,339.02,367.231,342.928,214.819,577.799,220.841
573.891,373.254,339.02,367.231,342.928,214.819,577.799,220.841
573.891,373.254,339.02,367.231,342.928,214.819,577.799,220.841
573.891,373.254,339.02,367.231,342.928,214.819,577.799,220.841
568.561,364.376,334.331,351.6,342.957,193.452,577.188,206.228
568.561,364.376,334.331,351.6,342.957,193.452,577.188,206.228
568.561,364.376,334.331,351.6,342.957,193.452,577.188,206.228
568.561,364.376,334.331,351.6,342.957,193.452,577.188,206.228
568.561,364.376,334.331,351.6,342.957,193.452,577.188,206.228
568.561,364.376,334.331,351.6,342.957,193.452,577.188,206.228
568.561,364.376,334.331,351.6,342.957,193.452,577.188,206.228
568.561,364.376,334.331,351.6,342.957,193.452,577.188,206.228
568.561,364.376,334.331,351.6,342.957,193.452,577.188,206.228
568.561,364.376,334.331,351.6,342.957,193.452,577.188,206.228
568.561,364.376,334.331,351.6,342.957,193.452,577.188,206.228
568.561,364.376,334.331,351.6,342.957,193.452,577.188,206.228
568.561,364.376,334.331,351.6,342.957,193.452,577.188,206.228
342,349,342,187,582,187,582,349
336,349,336,187,576,187,576,349
336,349,336,187,576,187,576,349
336,362,336,197,582,197,582,362
336,362,336,197,582,197,582,362
336,372,336,207,582,207,582,372
336,372,336,207,582,207,582,372
336,372,336,207,582,207,582,372
336,372,336,207,582,207,582,372
336,379,336,213,582,213,582,379
336,379,336,213,582,213,582,379
342,379,342,213,588,213,588,379
336,379,336,210,582,210,582,379
312,379,312,207,558,207,558,379
312,379,312,207,558,207,558,379
312,379,312,207,558,207,558,379
336,372,336,203,593,203,593,372
336,372,336,203,593,203,593,372
555.93,395.824,308.568,363.759,331.303,188.373,578.666,220.438
324,376,324,203,576,203,576,376
324,376,324,203,576,203,576,376
324,376,324,203,576,203,576,376
324,376,324,203,576,203,576,376
318,372,318,200,564,200,564,372
318,372,318,200,564,200,564,372
318,372,318,200,564,200,564,372
318,372,318,200,564,200,564,372
306,369,306,203,564,203,564,369
306,369,306,203,564,203,564,369
300,369,300,207,553,207,553,369
300,369,300,207,553,207,553,369
300,369,300,207,553,207,553,369
300,369,300,207,553,207,553,369
289,369,289,197,535,197,535,369
289,369,289,197,535,197,535,369
281.398,375.431,270.567,209.354,524.746,192.777,535.577,358.854
281.398,375.431,270.567,209.354,524.746,192.777,535.577,358.854
281.398,375.431,270.567,209.354,524.746,192.777,535.577,358.854
265,366,265,193,517,193,517,366
265,366,265,193,517,193,517,366
259,359,259,190,517,190,517,359
259,359,259,190,517,190,517,359
259,356,259,187,517,187,517,356
259,356,259,187,517,187,517,356
259,356,259,187,517,187,517,356
259,356,259,187,517,187,517,356
271,356,271,187,523,187,523,356
271,356,271,187,523,187,523,356
271,352,271,183,517,183,517,352
271,352,271,183,517,183,517,352
271,352,271,183,517,183,517,352
271,352,271,183,517,183,517,352
271,352,271,183,517,183,517,352
271,352,271,183,517,183,517,352
271,352,271,183,517,183,517,352
259,349,259,183,511,183,511,349
259,349,259,183,517,183,517,349
258.91,354.615,247.977,186.98,503.001,170.348,513.934,337.983
259,342,259,173,505,173,505,342
259,342,259,173,505,173,505,342
263.891,346.911,247.436,182.356,502.584,156.842,519.04,321.396
253,332,253,163,500,163,500,332
266.788,347.96,243.446,178.732,488.948,144.869,512.289,314.098
266.788,347.96,243.446,178.732,488.948,144.869,512.289,314.098
265.425,343.852,243.464,174.44,488.932,142.62,510.893,312.032
265.655,342.505,242.59,175.727,492.982,141.098,516.047,307.876
265,326,265,157,517,157,517,326
277,326,277,157,517,157,517,326
277,326,277,157,517,157,517,326
265,322,265,153,517,153,517,322
265,322,265,153,517,153,517,322
271,322,271,153,529,153,529,322
277.99,337.901,260.98,167.802,514.446,142.455,531.455,312.554
282.837,345.126,258.056,177.378,508.144,140.433,532.925,308.182
277,332,277,160,523,160,523,332
281.624,349.178,261.079,178.653,512.205,148.397,532.75,318.922
285.817,353.5,267.672,183.714,512.69,157.529,530.835,327.315
277,352,277,180,528,180,528,352
285.532,375.151,268.87,204.957,512.659,181.089,529.321,351.283
280.94,381.118,272.453,208.535,528.751,195.93,537.238,368.513
287.871,391.851,277.271,215.899,528.384,200.772,538.983,376.724
283.746,399.556,271.291,230.516,528.117,211.591,540.573,380.632
288.454,405.447,276.273,232.474,523.161,215.087,535.342,388.06
293.944,410.808,282.935,242.004,534.777,225.58,545.786,394.384
297.094,417.011,289.045,245.295,539.152,233.571,547.201,405.288
297.756,423.752,288.355,249.173,535.876,235.845,545.277,410.424
299.761,434.534,287.55,257.479,528.302,240.876,540.513,417.93
299.761,434.534,287.55,257.479,528.302,240.876,540.513,417.93
305.372,438.647,293.405,265.676,546.527,248.165,558.494,421.136
300.929,437.835,286.578,270.408,569.329,246.172,583.68,413.599
300,439,300,260,558,260,558,439
311.7,453.999,290.076,287.66,561.961,252.315,583.585,418.654
314.038,461.671,290.469,294.328,573.806,254.422,597.375,421.764
317.196,461.536,305.559,281.158,562.939,264.552,574.576,444.931
318,449,318,277,576,277,576,449
324.945,459.436,309.306,298.581,593.509,270.951,609.148,431.805
570.145,455.865,314.986,446.912,321.077,273.301,576.237,282.254
318,450,318,279,582,279,582,450
318,450,318,280,582,280,582,450
318,451,318,281,582,281,582,451
319.96,454.927,313.859,290.19,575.944,280.484,582.045,445.221
332.642,464.687,305.214,311.669,572.029,263.844,599.456,416.862
332.592,465.256,304.448,310.464,571.792,261.856,599.936,416.648
332.714,465.849,304.892,311.087,571.881,263.089,599.704,417.851
332.714,465.849,304.892,311.087,571.881,263.089,599.704,417.851
318,441,318,279,588,279,588,441
571.986,451.585,310.385,445.205,314.569,273.648,576.17,280.029
318,444,318,272,593,272,593,444
577.981,446.837,310.172,440.609,314.214,266.796,582.023,273.024
312,440,312,271,582,271,582,440
312,444,312,268,570,268,570,444
312,446,312,272,576,272,576,446
312,450,312,278,576,278,576,450
312,450,312,279,576,279,576,450
312,450,312,280,576,280,576,450
318.534,462.889,298.839,297.448,580.208,263.951,599.904,429.392
306,453,306,278,570,278,570,453
312,453,312,274,582,274,582,453
312,459,312,276,570,276,570,459
565.485,461.089,311.626,454.58,316.243,274.519,570.102,281.028
313.262,457.679,309.184,280.95,575.903,274.795,579.981,451.523
312,462,312,275,576,275,576,462
312,462,312,273,570,273,570,462
330.981,478.862,287.226,315.511,559.695,242.528,603.45,405.879
332.195,473.62,294.009,313.236,571.064,247.27,609.251,407.655
336.958,477.912,291.584,317.768,567.917,239.473,613.292,399.617
337.727,475.811,289.171,323.669,565.61,235.444,614.166,387.585
355.869,472.86,301.035,323.175,561.286,227.836,616.121,377.52
353.53,481.381,304.97,325.202,577.284,240.534,625.843,396.713
338.412,472.353,324.918,296.929,599.6,275.8,613.094,451.224
338.412,472.353,324.918,296.929,599.6,275.8,613.094,451.224
338.412,472.353,324.918,296.929,599.6,275.8,613.094,451.224
361.084,505.704,311.583,346.44,585.685,261.247,635.185,420.51
361.084,505.704,311.583,346.44,585.685,261.247,635.185,420.51
361.084,505.704,311.583,346.44,585.685,261.247,635.185,420.51
342,479,342,280,594,280,594,479
342,479,342,280,594,280,594,479
342,479,342,280,594,280,594,479
359,479,359,277,611,277,611,479
365,479,365,273,605,273,605,479
345,479,345,277,595,277,595,479
353,479,353,273,600,273,600,479
355.041,506.172,313.615,330.909,593.247,264.814,634.673,440.077
351.703,510.674,303.831,340.945,586.118,261.326,633.99,431.054
367.103,516.268,304.938,354.639,585.778,246.624,647.943,408.253
363.379,501.093,325.953,320.469,593.39,265.054,630.816,445.678
359,479,359,267,594,267,594,479
347.072,463.937,338.041,263.735,589.431,252.394,598.463,452.596
352.597,494.071,301.619,321.849,572.362,241.709,623.34,413.931
350.899,483.823,299.651,302.124,569.444,226.029,620.692,407.728
336,439,336,220,570,220,570,439
336.658,459.181,292.808,281.875,560.925,215.567,604.775,392.873
320.796,444.336,307.476,237.872,552.809,222.045,566.13,428.508
320.796,444.336,307.476,237.872,552.809,222.045,566.13,428.508
335.94,470.211,280.672,297.041,553.52,209.962,608.787,383.132
335.793,456.664,285.991,281.274,555.382,204.78,605.184,380.17
335.799,412.947,317.879,212.243,569.888,189.742,587.808,390.446
343.497,388.959,327.048,191.579,563.821,171.848,580.269,369.228
351.173,368.127,322.445,181.393,560.428,144.78,589.156,331.514
371,368,316.5,204.5,566.7,121.1,621.2,284.6
358.987,327.683,340.05,133.146,572.563,110.512,591.5,305.049
381.057,326.524,324.669,165.193,584.709,74.3057,641.096,235.636
374.814,323.666,319.15,159.096,580.514,70.6938,636.177,235.264
395.69,352.063,313.249,209.164,569.786,61.162,652.227,204.061
382.136,334.021,327.668,165.171,597.844,78.0179,652.312,246.867
398.703,322.12,346.491,149.821,610.602,69.7872,662.814,242.087
399.9,308.7,343.1,138.3,611,49,667.8,219.4
389.455,294.165,328.601,126.354,586.975,32.6575,647.829,200.469
375.992,280.467,313.014,116.432,590.435,9.9225,653.412,173.958
380.349,268.915,317.6,104.2,580.37,4.097,643.119,168.812
419.784,271.32,321.123,143.059,567.494,-46.4573,666.156,81.803
359,209,359,0,600,0,600,209
408.531,264.721,315.957,126.935,570.417,-44.0303,662.992,93.7554
388.995,271.658,303.97,134.674,573.682,-32.7339,658.707,104.251
376.313,276.847,302.837,126.835,570.091,-4.0648,643.566,145.947
390.208,283.557,307.102,137.132,574.994,-14.9155,658.101,131.51
390.208,283.557,307.102,137.132,574.994,-14.9155,658.101,131.51
394.591,275.998,306.251,135.693,573.493,-32.5697,661.833,107.735
370.422,263.304,308.148,105.631,596.365,-8.2031,658.64,149.47
390.42,276.589,310.371,134.964,587.689,-21.7808,667.738,119.844
384.526,275.26,315.423,120.245,595.219,-4.4829,664.321,150.531
392.018,287.586,319.675,136.074,597.755,3.2974,670.098,154.809
403.441,316.012,321.865,171.685,589.924,20.1733,671.5,164.5
427.791,345.841,327.679,215.507,573.345,26.8075,673.457,157.142
417.825,359.763,330.166,219.882,592.149,55.7064,679.808,195.587
408.947,370.597,335.894,220.194,587.691,97.893,660.744,248.296
411.334,389.568,331.411,253.699,578.807,108.172,658.73,244.041
428.26,409.2,342.043,281.471,578.196,122.068,664.413,249.796
431.586,402.607,358.491,260.717,608.792,131.774,681.888,273.664
453.31,416.337,356.229,299.107,579.214,114.448,676.295,231.677
419.229,402.525,336.988,269.674,572.911,123.626,655.153,256.477
400.449,405.799,318.871,271.435,563.017,123.204,644.595,257.568
406.784,415.297,316.378,288.73,555.703,117.784,646.108,244.351
408.727,409.616,325.551,268.856,564.384,127.727,647.56,268.487
408.396,409.473,325.44,268.447,564.052,128.087,647.008,269.113
411.2,418.6,317.84,294.12,552.88,117.84,646.24,242.32
419.471,436.118,313.362,319.398,524.353,127.588,630.461,244.308
425,442,312.5,329.5,515,127,627.5,239.5
416.931,444.753,309.776,334.446,520.482,129.761,627.637,240.067
455.435,455.015,322.822,371.518,490.818,104.7,623.431,188.197
412.161,466.981,294.622,356.158,504.987,133.045,622.526,243.867
421.361,466.457,299.475,362.853,498.071,129.21,619.958,232.814
422.029,475.163,308.125,372.427,532.332,123.849,646.237,226.586
447.084,477.064,324.901,383.39,526.444,120.507,648.628,214.181
448.089,475.792,329.288,385.666,522.937,130.401,641.739,220.526
450.844,476.475,329.198,386.162,520.535,128.443,642.181,218.756
461.185,469.698,335.429,382.147,507.344,135.214,633.1,222.766
455.401,470.558,332.531,379.941,511.919,136.703,634.789,227.32
481.137,464.627,346.605,390.403,480.498,147.723,615.029,221.947
483.412,464.36,347.197,391.501,478.05,146.864,614.265,219.723
487.358,476.67,352.783,407.383,480.444,159.427,615.019,228.713
484.059,476.765,351.862,406.259,483.017,160.343,615.214,230.848
476.822,479.102,353.527,404.551,510.783,144.474,634.078,219.024
477.741,478.438,353.322,404.917,507.629,143.781,632.049,217.302
449.44,488.08,334.56,401.92,525.6,147.2,640.48,233.36
458.924,494.976,334.304,418.505,489.182,166.111,613.802,242.583
449.872,501.572,330.752,413.335,501.098,183.368,620.218,271.606
491.082,504.815,352,443,471.918,173.186,611,235
478.891,506.432,353.352,442.093,500.087,155.782,625.626,220.121
477.021,505.436,354.316,441.016,503.518,156.822,626.223,221.242
477.417,504.737,355.345,441.259,502.979,157.349,625.05,220.826
470.191,526.586,340.461,453.261,491.097,186.751,620.827,260.076
472.693,526.177,340.383,455.8,484.332,185.176,616.641,255.554
468.659,526.782,344.596,447.381,506.176,194.913,630.24,274.313
484.794,524.37,354.738,460.089,490.253,185.907,620.31,250.188
483.881,523.406,355.171,457.621,494.81,184.414,623.52,250.199
484.4,522.2,356.4,458.2,493.2,184.6,621.2,248.6
483.296,522.596,356.172,457.621,495.396,185.225,622.52,250.199
489.008,519.592,360.775,461.761,484.46,187.502,612.693,245.332
492.967,522.231,367.971,462.168,505.213,176.557,630.209,236.62
492.207,521.819,367.597,462.007,504.528,176.733,629.138,236.546
487.103,520.016,365.092,456.751,511.055,175.251,633.066,238.516
477.758,518.452,354.581,452.566,492.242,195.199,615.42,261.085
476.919,514.513,351.597,458.118,473.536,187.141,598.859,243.536
479.197,500.853,350.818,448.335,459.216,183.361,587.595,235.88
478.349,490.557,350.698,433.114,471.534,164.59,599.185,222.033
486.83,475.159,360.08,417.997,479.937,152.227,606.688,209.389
532.368,439.738,372.709,434.78,381.075,165.375,540.735,170.333
474.67,461.172,346.983,402.117,469.718,136.745,597.405,195.8
456.749,459.984,333.816,393.6,466.759,147.41,589.692,213.794
371,406,371,157,525,157,525,406
453.625,434.473,340.31,361.628,485.643,135.556,598.957,208.401
457.975,429.478,342.105,357.248,477.36,140.276,593.23,212.507
373,379,373,160,522,160,522,379
374,379,374,160,522,160,522,379
374,366,374,147,525,147,525,366
458.331,397.772,345.628,327.598,473.488,122.247,586.191,192.421
464.97,390.592,347.861,324.4,458.678,128.339,575.787,194.532
376.041,351.475,359.569,162.038,515.347,148.492,531.82,337.929
378,342,378,147,525,147,525,342
378,342,378,147,524,147,524,342
382,339,382,150,531,150,531,339
386,332,386,150,530,150,530,332
382,332,382,153,529,153,529,332
382,332,382,153,528,153,528,332
382,332,382,153,527,153,527,332
382,332,382,153,526,153,526,332
383.611,337.455,353.379,178.737,505.709,149.722,535.941,308.44
383.302,339.021,354.845,180.132,506.444,152.98,534.902,311.868
376,325,376,163,519,163,519,325
372.376,329.942,348.977,177.85,497.913,154.936,521.312,307.029
363.575,327.849,342.393,176.927,490.511,156.139,511.693,307.061
360.24,325.544,340.716,172.611,485.903,154.076,505.427,307.009
360.253,325.398,341.455,171.883,485.379,154.26,504.177,307.774
352.869,326.017,333.105,177.786,479.175,158.31,498.939,306.542
351.709,326.722,323.902,180.733,468.696,153.153,496.503,299.142
350.937,326.923,318.737,185.242,461.024,152.904,493.224,294.585
351.937,326.923,319.688,185.025,460.073,153.12,492.322,295.018
333,322,333,167,467,167,467,322
338.59,324.59,307.831,184.777,447.53,154.044,478.289,293.857
329.942,321.792,314.67,179.25,452.728,164.458,468,307
335.665,325.296,306.431,184.439,442.766,156.143,472,297
331.467,323.794,303.299,191.404,444.34,161.396,472.508,293.786
331.078,323.775,303.474,191.276,443.601,162.083,471.205,294.582
316,319,316,173,444,173,444,319
314.181,324.814,293.376,193.046,427.608,171.851,448.414,303.619
315.831,324.534,289.043,193.028,420.727,166.204,447.515,297.71
317,326,317,177,437,177,437,326
326.584,328.529,303.105,194.701,431.453,172.184,454.932,306.012
336.611,334.523,302.596,205.264,432.199,171.158,466.215,300.417
342.921,333.46,312.151,201.151,438.879,171.679,469.649,303.989
348.539,331.692,321.577,196.885,445.615,172.077,472.577,306.885
343.609,329.059,323.005,191.699,446.281,173.208,466.885,310.567
342.126,332.97,311.22,200.515,438.586,170.797,469.492,303.252
334.413,332.327,308.413,194.895,434.338,171.071,460.339,308.504
332.973,331.838,309.757,192.54,434.135,171.811,457.351,311.108
329.377,333.819,297.827,198.156,421.289,169.444,452.839,305.107
328.965,333.341,298.635,196.859,421.353,169.588,451.682,306.071
317.736,328.048,292.264,187.952,413.88,165.84,439.352,305.936
319.763,329.228,286.714,193.728,407.711,164.217,440.76,299.717
318.955,328.472,287.472,192.045,407.612,164.32,439.095,300.747
313.931,323.088,296.801,180.344,414.349,166.238,431.478,308.983
402.104,345.109,304.167,310.131,359.959,153.914,457.896,188.891
400.475,345.223,304.302,309.438,362.001,154.372,458.174,190.158
399.405,344.706,304.075,309.398,361.409,154.596,456.739,189.904
316,319,316,167,428,167,428,319
330.105,312.964,317.822,161.474,428.822,152.474,441.105,303.964
414.121,333.422,322.11,304.056,374.856,138.784,466.867,168.149
420.734,333.22,327.89,305.367,378.67,136.101,471.514,163.954
426.936,334.001,334.075,304.364,387.561,136.775,480.422,166.411
429.551,330.165,337.44,302.532,390.312,126.294,482.422,153.927
355,312,355,137,458,137,458,312
439.375,333.704,347.965,300.187,411.853,125.946,503.263,159.463
446.005,331.387,356.479,296.954,421.866,126.948,511.392,161.381
447.642,330.282,357.263,297.838,418.881,126.188,509.26,158.632
452.432,328.805,365.393,295.96,432.747,117.471,519.786,150.316
454.2,331.4,363.9,301.3,423.1,123.7,513.4,153.8
452.672,331.137,363.603,300.52,424.444,123.527,513.513,154.145
457.881,325.946,365.66,304.104,407.827,126.064,500.048,147.906
458.297,325.312,366.845,304.781,406.885,126.423,498.337,146.953
448.27,322.335,360.242,294.826,415.064,119.395,503.092,146.904
438.851,323.458,355.087,289.332,426.289,114.562,510.053,148.688
442,325,355.9,296.3,413.9,122.3,500,151
441.833,324.152,357.193,296.768,413.476,122.801,498.117,150.185
438.686,320.043,356.624,288.993,420.192,120.992,502.254,152.042
440.383,320.555,356.465,290.251,417.64,120.842,501.558,151.146
437.774,319.372,356.839,289.942,421.248,112.817,502.182,142.248
437.204,318.438,355.387,288.686,416.584,120.394,498.401,150.146
435.735,319.293,354.396,290.431,415.587,117.982,496.926,146.845
435.016,319.339,354.317,290.198,416.451,118.135,497.15,147.276
433.3,318.1,354.1,291.7,415,109,494.2,135.4
435.135,317.315,352.974,294.493,403.533,112.481,485.693,135.304
425.131,322.456,346.19,288.906,420.724,113.533,499.665,147.083
449.867,305.537,360.999,301.223,369.657,122.857,458.526,127.171
450.862,305.634,360.996,301.272,369.66,122.809,459.526,127.171
449.734,305.673,360.97,301.19,369.992,122.555,458.756,127.038
417.331,325.978,340.273,292.751,416.373,116.262,493.431,149.489
427.087,323.423,347.17,302.112,397.178,114.581,477.095,135.892
426.663,321.767,343.576,301.625,387.246,121.484,470.333,141.626
426.022,324.236,345.393,305.629,386.719,126.55,467.348,145.157
419.277,325.985,342.277,304.985,391.385,124.923,468.385,145.923
413.151,329.093,338.144,301.312,402.631,127.197,477.638,154.977
413.633,330.113,338.183,307.758,393.517,121.005,468.967,143.361
415.784,328.589,340.143,309.069,388.542,121.527,464.181,141.047
409.806,330.06,335.904,308.325,390.252,123.545,464.153,145.28
411.163,328.967,337.251,309.068,387.052,124.091,460.964,143.99
412.439,327.703,335.153,315.993,361.8,140.121,439.086,151.831
407.253,333.713,330.738,317.434,367,147,443.515,163.28
396.653,343.521,321.608,310.362,388.4,159.2,463.446,192.36
393.639,336.873,328.894,311.289,400.516,130.042,465.26,155.627
392.924,337.033,328.334,311.43,399.934,130.803,464.524,156.406
395.359,339.303,327.304,322.75,372.677,136.219,440.731,152.773
394.847,339.59,326.237,321.802,374.418,135.96,443.028,153.748
397.544,341.008,325.824,327.968,357.52,153.64,429.24,166.68
394.236,344.466,324.513,329.94,362.682,146.725,432.406,161.251
385.312,350.109,319.788,327.176,383.069,146.374,448.592,169.307
387.4,349.8,320.8,327.6,381,147,447.6,169.2
393.459,345.243,324.703,333.784,356.081,145.514,424.838,156.973
393.665,345.075,325.063,334.01,355.286,146.627,423.888,157.692
392.313,349.285,319.852,339.493,342.872,169.145,415.333,178.937
378.554,357.482,314.119,331.607,387.874,147.941,452.31,173.817
379.198,357.633,314.147,332.335,385.217,149.585,450.268,174.882
387.477,357.185,314.738,348.092,338.092,161.262,410.831,170.354
376.479,364.954,309.067,339.026,378.32,158.969,445.732,184.897
372.414,373.966,304.31,346.724,373.552,173.621,441.655,200.862
374.624,373.218,304.913,348.82,366.666,172.383,436.376,196.782
375.589,372.335,305.811,350.865,360.795,172.167,430.573,193.638
380.135,370.153,307.695,355.062,345.765,172.326,418.205,187.418
378.307,378.729,312.845,362.928,353.154,195.934,418.616,211.735
377.706,378.177,313,362,355.294,192.824,420,209
376.627,378.519,312.943,361.661,357.564,193.09,421.249,209.948
376.438,382.702,314.311,370.869,346.389,202.455,408.516,214.289
371.165,389.069,309.603,363.253,373.016,212.039,434.577,237.855
383.608,384.322,320.049,378.976,333.582,218.086,397.141,223.432
383.41,384.492,319.664,378.697,334.295,217.754,398.041,223.549
369.594,388.399,309.593,381.409,327.662,226.32,387.663,233.31
361.219,388.26,303.698,383.302,316.87,230.506,374.391,235.465
347.514,394.954,292.193,378.358,335.844,232.853,391.165,249.45
343.912,395.135,289.964,380.938,329.174,231.94,383.122,246.137
342.532,396.162,287.045,385.759,313.445,244.958,368.932,255.362
332.308,395.461,279.808,384.961,309.461,236.692,361.961,247.192
334.488,398.399,277.294,393.823,288.502,253.72,345.696,258.296
325.845,399.249,274.878,387.114,309.245,242.773,360.212,254.908
332.466,397.382,277.497,396.735,279.125,258.39,334.094,259.036
327.981,401.978,275.321,398.754,283.94,257.976,336.6,261.2
276,398,276,264,330,264,330,398
275,403,275,266,326,266,326,403
322.633,403.204,272.597,402.683,274.016,266.49,324.052,267.011
321.498,404.333,271.288,403.377,273.922,265.084,324.133,266.041
321.591,404.18,271.566,401.678,278.307,266.865,328.332,269.367
323.34,407.463,274.004,405.871,278.206,275.62,327.542,277.211
323.411,407.437,274.062,405.941,277.98,276.666,327.328,278.161
276,408,276,277,325,277,325,408
320.892,410.649,274.351,402.892,296.351,270.892,342.892,278.649
284,411,284,273,330,273,330,411
285,410,285,282,332,282,332,410
285,411,285,282,330,282,330,411
285,411,285,281,329,281,329,411
286,413,286,283,329,283,329,413
329.403,414.516,286.813,412.877,291.815,282.801,334.406,284.439
292.707,415.684,285.066,287.318,327.559,284.788,335.2,413.155
292.604,415.593,285.201,288.256,327.708,285.784,335.112,413.121
290.755,416.838,283.217,288.693,326.89,286.124,334.428,414.269
289,415,289,288,333,288,333,415
293,415,293,289,337,289,337,415
293.727,420.938,276.003,308.684,320.576,301.646,338.3,413.9
290,417,290,298,334,298,334,417
290,416,290,297,333,297,333,416
293.658,415.852,286.982,295.668,329.24,293.32,335.917,413.505
295.594,417.315,287.482,303.751,329.695,300.736,337.807,414.299
294,416,294,304,336,304,336,416
295,414,295,306,337,306,337,414
300,414,300,303,340,303,340,414
306,415,306,308,346,308,346,415
315.096,417.912,293.365,311.675,331.41,303.893,353.14,410.13
317.424,418.832,297.728,310.504,335.392,303.656,355.088,411.984
312,413,312,309,352,309,352,413
316,415,316,310,355,310,355,415
322,415,322,311,360,311,360,415
319,414,319,311,358,311,358,414
316,414,316,314,355,314,355,414
313,413,313,313,353,313,353,413
315,415,315,311,353,311,353,415
313,409,313,311,352,311,352,409
318.94,410.58,305.18,314.26,342.56,308.92,356.32,405.24
350.935,403.841,311.706,400.823,318.835,308.141,358.065,311.159
312,399,312,305,350,305,350,399
313,396,313,302,350,302,350,396
347.386,394.435,309.165,392.186,314.862,295.345,353.083,297.593
320.057,392.698,293.906,301.17,329.83,290.906,355.981,382.434
318.18,389.112,296.152,293.657,330.697,285.685,352.725,381.14
310.857,384.902,292.494,286.97,327.332,280.438,345.694,378.37
303.835,380.014,295.717,282.607,330.972,279.669,339.09,377.076
304.654,376.535,295.109,281.089,331.148,277.485,340.693,372.931
311.903,377.242,286.798,284.352,320.675,275.196,345.78,368.086
305,369,305,277,340,277,340,369
304.428,372.131,296.352,275.221,329.455,272.462,337.531,369.372
308.311,372.574,286.305,279.046,319.246,271.295,341.252,364.823
304.548,366.144,300.851,277.423,335.25,275.99,338.946,364.711
308.92,363.44,295.68,270.76,327.6,266.2,340.84,358.88
308.6,363.2,296.22,276.54,328.42,271.94,340.8,358.6
302.465,358.654,293.663,270.634,327.723,267.228,336.525,355.248
298.676,355.11,291.345,267.138,324.614,264.366,331.945,352.338
297,352,297,267,329,267,329,352
302.462,355.308,285.808,272.039,317.346,265.731,334,349
307.802,353.265,275.91,277.001,307,264,338.892,340.263
304.269,351.346,288.269,271.346,318.846,265.231,334.846,345.231
328.462,347.188,297.5,346.5,299.247,267.894,330.209,268.582
299.962,346.636,291.299,264.337,322.323,261.071,330.986,343.37
305.308,345.539,289.692,267.461,319.885,261.423,335.5,339.5
305.691,342.301,295.046,260.69,325.87,256.669,336.515,338.281
304,342,304,268,335,268,335,342
303,341,303,263,334,263,334,341
301,342,301,270,334,270,334,342
303,337,303,268,337,268,337,337
304.38,337.492,302.892,269.024,336.007,268.304,337.495,336.772
305,334,305,267,336,267,336,334
305.407,333.673,303.781,267.005,336.907,266.197,338.533,332.865
300.858,333.007,297.634,265.303,331.652,263.683,334.876,331.387
298.761,331.122,295.564,259.197,331.626,257.594,334.823,329.519
293.271,333.242,289.232,262.558,324.745,260.529,328.784,331.212
291.665,328.641,286.488,261.347,318.224,258.906,323.4,326.2
287,324,287,265,321,265,321,324
287,324,287,266,321,266,321,324
287,325,287,266,321,266,321,325
288.593,317.78,286.502,255.05,320.697,253.91,322.788,316.64
287,316,287,257,321,257,321,316
287,316,287,257,321,257,321,316
287,316,287,257,321,257,321,316
296.939,310.939,285.038,249.944,314.83,244.131,326.732,305.125
296,312,286.457,248.381,317.069,243.79,326.611,307.408
323.815,308.02,288.071,303.146,295.148,251.247,330.892,256.122
290,306,290,254,326,254,326,306
299.777,299.879,297.526,248.107,332.417,246.591,334.668,298.362
304,300,304,249,336,249,336,300
304,300,304,248,337,248,337,300
310,292,310,240,344,240,344,292
316.889,296.527,310.449,240.177,342.262,236.542,348.702,292.891
340.24,297.68,299.76,267.32,320.16,240.12,360.64,270.48
317,292,317,245,352,245,352,292
352.152,292.868,317.685,290.406,321.112,242.436,355.579,244.898
326,286,326,239,360,239,360,286
326,288,326,242,360,242,360,288
330,290,330,241,362,241,362,290
334,291,334,243,365,243,365,291
342.081,292.513,334.476,244.346,363.284,239.797,370.889,287.965
342,290,342,245,372,245,372,290
347,292,347,248,376,248,376,292
354,290,354,244,384,244,384,290
389.45,292.445,359.061,290.845,361.265,248.961,391.655,250.561
389.479,292.424,359.155,290.908,361.22,249.611,391.544,251.127
361,294,361,250,390,250,390,294
361,294,361,250,391,250,391,294
368,293,368,251,396,251,396,293
369,293,369,253,396,253,396,293
374.412,296.647,364.412,256.647,388.412,250.647,398.412,290.647
374.353,296.412,364.647,257.588,388.647,251.588,398.353,290.412
379,300,360.4,262.8,382.8,251.6,401.4,288.8
379,300,360.4,262.8,382.8,251.6,401.4,288.8
369,293,369,254,396,254,396,293
369,292,369,255,396,255,396,292
370.724,295.31,368.555,258.438,394.172,256.931,396.341,293.803
371,295,371,256,396,256,396,295
371,294,371,256,396,256,396,294
374,300,374,262,400,262,400,300
399.824,302.706,372.294,295.823,380.529,262.882,408.059,269.765
384.4,305.2,371.8,267.4,394.6,259.8,407.2,297.6
378,299,378,262,403,262,403,299
402.264,303.076,375.321,295.377,384,265,410.943,272.698
381,298,381,262,407,262,407,298
382,298,382,262,407,262,407,298
381,297,381,260,406,260,406,297
381,294,381,256,406,256,406,294
382,294,382,258,408,258,408,294
408.131,293.557,383.607,291.328,386.836,255.803,411.361,258.033
385.308,295.461,380.939,260.508,405.185,257.477,409.554,292.431
406.757,291.46,381.135,287.189,386.459,255.243,412.081,259.513
384,290,384,256,408,256,408,290
384,289,384,255,408,255,408,289
408.765,289.941,384.294,283.823,391.882,253.471,416.353,259.588
396.4,291.8,381,261,399,252,414.4,282.8
390,285,390,252,411,252,411,285
402.538,289.679,384.885,264.67,401.335,253.058,418.988,278.067
403.645,288.119,386.109,262.613,403.212,250.854,420.748,276.361
404.241,286.575,388.173,260.283,405.283,249.827,421.351,276.119
397,279,397,251,417,251,417,279
398,278,398,249,417,249,417,278
399.951,279.561,396.439,247.951,415.646,245.817,419.159,277.427
397,277,397,246,416,246,416,277
397,276,397,246,416,246,416,276
395,277,395,246,413,246,413,277
391,277,391,248,410,248,410,277
386,278,386,250,405,250,405,278
388.4,281.8,376.2,257.4,393,249,405.2,273.4
387.396,281.473,372.666,256.432,387.306,247.82,402.036,272.861
377,277,377,247,394,247,394,277
372,278,372,248,388,248,388,278
369,278,369,247,385,247,385,278
366,276,366,247,382,247,382,276
366,276,366,247,382,247,382,276
364,279,364,248,379,248,379,279
364,279,364,249,379,249,379,279
363,278,363,249,378,249,378,278
362,278,362,253,378,253,378,278
362,278,362,253,378,253,378,278
365,280,365,251,379,251,379,280
365,280,365,253,379,253,379,280
367,281,367,253,382,253,382,281
367,282,367,253,382,253,382,282
369,283,369,253,383,253,383,283
371,284,371,251,385,251,385,284
372,283,372,251,386,251,386,283
373,282,373,251,387,251,387,282
374,280,374,252,388,252,388,280
388.723,277.215,376.292,275.662,379.8,247.6,392.231,249.154
378,266,378,245,391,245,391,266
391.2,260.4,378.523,258.815,380.923,239.615,393.6,241.2
383,256,383,233,395,233,395,256
384,254,384,234,397,234,397,254
389,256,389,236,400,236,400,256
392,251,392,232,404,232,404,251
396,250,396,231,408,231,408,250
399,247,399,229,411,229,411,247
402,245,402,228,415,228,415,245
407,243,407,227,420,227,420,243
411,242,411,226,424,226,424,242
414,241,414,225,428,225,428,241
418,240,418,223,431,223,431,240
421,239,421,223,435,223,435,239
436.78,240.54,423.62,238.66,425.94,222.42,439.1,224.3
431.886,242.98,422.067,228.953,432.201,221.859,442.02,235.886
428,239,428,225,443,225,443,239
428,238,428,224,442,224,442,238
429,238,429,223,443,223,443,238
429,239,429,223,442,223,442,239
435,243,423.5,231.5,433,222,444.5,233.5
436.2,241.4,422.76,231.32,430.56,220.92,444,231
427,237,427,223,442,223,442,237
440.73,236.622,425.811,234.135,428.135,220.189,443.054,222.676
427,236,427,221,441,221,441,236
434.363,239.443,422.54,229.097,431.646,218.69,443.469,229.035
433.5,238.5,423,228,434,217,444.5,227.5
427,233,427,218,441,218,441,233
427,233,427,218,441,218,441,233
429,232,429,217,443,217,443,232
443.649,232.108,429.703,229.784,432.135,215.189,446.081,217.514
438.647,234.588,428.341,222.565,438.8,213.6,449.106,225.624
434,227,434,213,448,213,448,227
436,226,436,213,450,213,450,226
440,225,440,211,453,211,453,225
448.918,226.929,438.047,217.612,446.588,207.647,457.459,216.965
444,219,444,205,457,205,457,219
449,216,449,202,462,202,462,216
451,215,451,201,464,201,464,215
461,217,451.5,207.5,461,198,470.5,207.5
457,210,457,196,469,196,469,210
466.878,208.098,458.488,197.61,468.122,189.902,476.512,200.39
465,202,465,188,476,188,476,202
452,196,452,184,464,184,464,196
445,193,445,180,456,180,456,193
447,191,447,178,458,178,458,191
457.241,190.896,445.517,186.207,450.207,174.483,461.931,179.172
446,187,446,174,458,174,458,187
448.5,190.5,439,181,447.5,172.5,457,182
445.9,187.3,433.9,183.3,437.8,171.6,449.8,175.6
434.61,187.488,424.244,179.195,432.049,169.439,442.415,177.732
432.566,184.019,419.491,180.283,422.849,168.528,435.925,172.264
415,183,415,171,428,171,428,183
422.164,184.197,413.967,174.361,423.016,166.82,431.213,176.656
419.2,180.6,407.6,174.8,412.8,164.4,424.4,170.2
410.9,178.3,398.3,174.1,401.9,163.3,414.5,167.5
402.103,178.241,389.862,173.345,394.207,162.483,406.448,167.379
394.973,178.74,383.027,174.26,387.178,163.192,399.123,167.671
387.4,176.8,375.1,172.7,378.6,162.2,390.9,166.3
388.3,176.1,376,172,379.6,161.2,391.9,165.3
399.2,177.4,386.3,173.1,389.9,162.3,402.8,166.6
403.8,174.6,391.2,170.4,394.9,159.3,407.5,163.5
412,175,400,169,405,159,417,165
426.5,178.5,417,169,424.5,161.5,434,171
433,176,420.4,171.8,423.8,161.6,436.4,165.8
416.984,175.82,406.459,167.049,413.426,158.689,423.951,167.459
2
0
0
0
0
1
383.496,172.349,366.707,167.312,371.083,152.725,387.872,157.762
396,169,381,169,381,151,396,151
406,169,391,169,391,150,406,150
410,168,395,168,395,150,410,150
416,167,401,167,401,149,416,149
416,167,401,167,401,149,416,149
409,165,394,165,394,147,409,147
388,165,388,147,403,147,403,165
381,164,381,146,396,146,396,164
375,163,375,145,391,145,391,163
386,164,370,164,370,146,386,146
366.423,165.115,362.461,145.308,377.077,142.385,381.039,162.192
359,164,359,145,375,145,375,164
355.953,167.788,351.624,148.306,366.341,145.035,370.671,164.518
362.076,168.254,343.524,162.546,348.086,147.719,366.638,153.427
359.331,168.23,340.562,163.899,344.051,148.781,362.82,153.112
338,168,338,150,355,150,355,168
357.254,169.924,338,164,342.454,149.524,361.708,155.449
357.254,169.924,338,164,342.454,149.524,361.708,155.449
363,169,346,169,346,151,363,151
363,169,346,169,346,151,363,151
367.376,169.581,347.366,165.293,350.498,150.678,370.507,154.966
354,167,354,151,373,151,373,167
364.2,166.6,357.8,147.4,372.5,142.5,378.9,161.7
382.18,163.74,361.88,160.84,364.06,145.58,384.36,148.48
388.205,162.961,368.096,160.279,370.166,144.755,390.275,147.437
394.1,161.3,373.1,158.3,375.2,143.6,396.2,146.6
400.12,161.16,378.98,158.14,381.06,143.58,402.2,146.6
404.482,159.729,382.994,158.077,384.106,143.624,405.594,145.277
407.188,160.092,385.245,157.166,387.183,142.624,409.127,145.55
389,159,389,143,410,143,410,159
413.553,160.704,391.12,159.208,392.084,144.739,414.518,146.234
416.712,158.607,394.237,157.202,395.14,142.759,417.615,144.163
400,159,400,145,423,145,423,159
400,159,400,145,423,145,423,159
427.761,160.584,405.128,159.075,406.084,144.739,428.717,146.248
408,160,408,146,431,146,431,160
431,159,408,159,408,145,431,145
431,159,408,159,408,145,431,145
429,159,405,159,405,145,429,145
405.164,157.803,403.82,143.016,427.262,140.885,428.607,155.672
405.164,157.803,403.82,143.016,427.262,140.885,428.607,155.672
399.542,154.93,398.909,141.004,423.676,139.878,424.309,153.804
397.254,156.795,395.918,142.098,421.254,139.795,422.59,154.492
397.254,156.795,395.918,142.098,421.254,139.795,422.59,154.492
392,154,392,140,420,140,420,154
392.405,155.432,389.73,139.378,416,135,418.676,151.054
392.405,155.432,389.73,139.378,416,135,418.676,151.054
389.509,153.579,387.645,138.043,414.025,134.877,415.89,150.413
389.509,153.579,387.645,138.043,414.025,134.877,415.89,150.413
385.538,153.816,383.673,138.279,411.907,134.891,413.771,150.428
382.448,154.066,380.555,138.293,409.893,134.773,411.785,150.546
380.493,154.943,378.685,139.267,408.063,135.877,409.872,151.553
378.127,155.827,375.595,139.37,404.977,134.85,407.509,151.306
374.507,156.057,372.685,140.267,402.936,136.777,404.758,152.566
373.581,157.702,371.685,141.267,401.063,137.877,402.959,154.312
370.549,159.939,368.695,143.256,398.878,139.902,400.732,156.585
368.377,160.852,366.599,144.257,397.812,140.913,399.59,157.508
364.952,161.855,363.722,145.243,396.247,142.834,397.478,159.446
363.483,163.841,361.705,147.246,394.013,143.784,395.791,160.38
361.888,163.87,360.73,147.088,393.231,144.846,394.388,161.628
358.919,164.863,357.726,148.162,391.269,145.766,392.462,162.467
355.432,164.092,354.86,148.076,388.638,146.87,389.21,162.885
349,164,349,148,383,148,383,164
345.934,165.076,344.726,148.162,378.269,145.766,379.477,162.68
339,163,339,147,374,147,374,163
336.413,163.986,335.865,148.074,371.65,146.84,372.198,162.752
333,162,333,146,369,146,369,162
367.849,163.374,329.722,162.059,330.281,145.837,368.409,147.152
