1
296,300,296,73,354,73,354,300
296,300,296,73,355,73,355,300
293,297,293,76,356,76,356,297
288.317,301.326,282.779,77.0672,347.728,75.4635,353.265,299.722
351.9,302.206,286.312,301.406,289.068,75.4398,354.656,76.2397
283,302,283,73,351,73,351,302
346.976,303.068,280.828,301.564,285.974,75.1584,352.121,76.6618
344.409,302.417,280.359,301.829,282.461,72.6923,346.511,73.2799
341.887,302.427,278.962,300.343,286.357,77.0185,349.281,79.1021
333.575,305.636,269.059,300.998,285.608,70.8149,350.124,75.4533
335.97,306.209,270.664,304.597,276.409,71.9237,341.715,73.5362
332.949,306.328,267.928,304.317,275.035,74.5475,340.055,76.5584
267,300,267,83,338,83,338,300
265,300,265,86,338,86,338,300
266,300,266,86,337,86,337,300
260.899,304.775,247.702,97.2155,327.356,92.1508,340.554,299.71
256.99,304.75,248.359,97.6101,329.135,94.2444,337.766,301.385
255.882,295.425,252.969,95.8764,331.806,94.7255,334.719,294.274
325.437,279.687,237.218,266.983,262.518,91.2906,350.737,103.994
303.655,284.389,227.132,256.919,289.019,84.5195,365.542,111.99
310.65,280.965,231.503,264.789,268.294,84.7754,347.441,100.951
310.939,280.827,231.654,265.202,267.163,85.0248,346.448,100.65
277.796,291.666,221.033,263.56,310.274,83.3297,367.037,111.436
278.807,292.178,221.378,264.3,309.085,83.624,366.514,111.502
248.319,293.213,196.969,245.033,309.574,125.02,360.924,173.2
254.848,286.009,202.911,244.324,298.846,124.798,350.783,166.484
249.592,284.463,202.23,242.673,308.659,122.053,356.021,163.842
251.447,282.458,203.942,245.17,300.276,122.443,347.781,159.731
281.795,274.355,220.577,238.913,287.467,123.376,348.685,158.817
285.939,284.273,226.146,255.767,289.848,122.148,349.641,150.655
301.032,275.511,237.937,252.977,283.163,126.344,346.258,148.878
262,258,262,125,326,125,326,258
299.973,270.359,245.939,250.451,297.534,110.407,351.568,130.315
319.279,265.252,261.128,261.831,269.903,112.641,328.055,116.062
285.361,292.889,237.742,274.491,305.673,98.6692,353.292,117.067
282.801,244.952,243.016,179.73,353.416,112.386,393.201,177.608
291.061,231.62,252.601,155.901,355.687,103.54,394.147,179.258
304.286,249.215,254.13,185.781,359.404,102.541,409.561,165.975
303.224,256.906,244.588,206.647,328.588,108.647,387.224,158.906
312.331,287.237,235.176,219.974,299.201,146.534,376.356,213.798
274.944,275.034,264.536,157.07,340.357,150.38,350.766,268.344
279.318,279.986,273.738,157.239,340.555,154.202,346.134,276.948
318.282,284.044,269.371,203.578,341.275,159.872,390.186,240.338
321.736,297.345,274.194,192.074,349.404,158.108,396.946,263.379
320.363,299.376,272.984,190.04,351.927,155.832,399.306,265.167
309.488,292.978,277.8,167.81,360.94,146.762,392.628,271.93
317.064,286.41,255.712,236.634,338.527,134.56,399.879,184.336
330.245,294.579,252.348,260.212,312.076,124.828,389.973,159.194
325.319,289.481,255.543,261.193,311.28,123.708,381.056,151.996
319.2,293.6,247.2,257.6,316,120,388,156
335.555,292.25,258.118,270.471,301.774,115.249,379.211,137.028
349.396,287.367,271.163,277.979,291.869,105.424,370.103,114.812
310.35,293.263,247.389,266.626,321.132,92.325,384.093,118.962
303.758,291.044,241.65,260.904,315.91,107.883,378.018,138.023
312.815,257.903,236.163,183.764,328.57,88.2238,405.223,162.363
305.205,298.849,225.364,258.079,296.416,118.936,376.257,159.706
302.2,296.6,227.8,259.4,297.4,120.2,371.8,157.4
334.049,294.439,258.244,278.195,292.02,120.576,367.824,136.82
331.216,295.502,256.824,271.375,313.509,96.5975,387.9,120.724
323.455,298.186,252.238,269.117,322.977,95.8068,394.194,124.875
314.583,293.257,248.564,259.574,332.132,95.7816,398.151,129.465
366.961,253.623,275.755,247.922,284.634,105.852,375.841,111.552
365.09,255.804,274.501,244.039,293.228,99.8477,383.816,111.613
362.582,256.376,273.98,206.034,341.288,87.5728,429.889,137.915
364.954,237.831,276.862,187.492,340.492,76.1385,428.585,126.477
373.086,233.353,282.747,212.65,312.662,82.1101,403.001,102.813
364.665,243.441,288.092,207.069,346.177,84.7843,422.751,121.157
368.741,235.941,295.306,219.251,324.501,90.7957,397.935,107.485
368.038,234.868,296.321,214.377,330.585,94.4528,402.302,114.943
369.964,235.297,297.75,221.168,321.345,100.568,393.559,114.696
361.412,236.666,278.765,185.619,337.241,90.943,419.888,141.99
361.57,235.567,274.835,186.339,324.91,98.111,411.645,147.339
362.896,232.072,287.48,218.36,312.392,81.344,387.808,95.056
363.296,238.284,279.738,200.061,333.141,83.3198,416.698,121.543
363.855,241.433,276.961,201.204,332.129,82.0412,419.023,122.27
371.324,237.11,278.386,229.365,290.703,81.5586,383.641,89.3035
369.977,242.987,282.739,237.731,291.905,85.5846,379.142,90.8399
371.652,243.909,285.228,237.404,296.69,85.1165,383.115,91.6215
346.783,240.045,269.393,189.258,352.447,62.6997,429.837,113.487
344.788,253.047,264.294,201.824,347.841,70.5353,428.335,121.759
330.677,248.654,263.193,194.18,362.685,70.9269,430.169,125.402
353.258,249.676,277.745,229.977,313.076,94.5416,388.589,114.241
347.836,249.139,278.607,225.614,322.574,96.2243,391.804,119.749
347.8,248.6,279.1,225.7,322.3,96.1,391,119
356.411,248.946,286.277,231.862,318.305,100.382,388.438,117.466
362.099,241.522,294.561,233.252,310.279,104.891,377.817,113.161
351.706,245.176,285.118,228.529,316.765,101.941,383.353,118.588
363.005,255.348,296.655,248.577,311.231,105.738,377.581,112.508
305,231,305,103,374,103,374,231
307,231,307,103,379,103,379,231
375.423,234.571,307.849,232.068,312.838,97.3644,380.412,99.8671
309,243,309,98,383,98,383,243
318.649,262.668,301.751,102.132,368.537,95.1014,385.436,255.638
378.532,257.379,303.781,251.5,315.938,96.9277,390.689,102.807
373.823,256.491,290.379,239.173,319.873,97.0679,403.316,114.386
372.143,255.322,271.147,232.202,301.995,97.4445,402.991,120.564
289,251,289,112,381,112,381,251
309.042,220.755,275.383,109.419,378.003,78.3944,411.663,189.73
309.127,220.215,276.274,108.751,377.53,78.9068,410.383,190.371
328.943,216.559,271.076,107.254,365.54,57.2433,423.408,166.549
347.601,221.461,251.619,127.878,318.035,59.7591,414.017,153.342
332.685,210.44,269.771,105.979,342.394,62.2397,405.308,166.701
326.925,213.96,271.913,102.713,344.883,66.6294,399.895,177.876
305.526,217.742,269.108,94.2373,347.686,71.0668,384.104,194.572
304.468,212.56,266.844,87.1468,345.009,63.6973,382.633,189.11
305.534,217.425,259.753,95.3425,336.794,66.452,382.575,188.534
290.533,212.442,261.264,107.418,342.922,84.6611,372.191,189.684
310.5,213.5,242,145,305.5,81.5,374,150
280.797,214.113,266.901,107.578,347.401,97.0781,361.297,203.613
354.533,231.859,289.019,224.11,306.071,79.9439,371.585,87.6928
353.994,232.822,288.503,223.315,309.282,80.1699,374.773,89.6767
346.197,246.703,281.586,241.165,295.31,81.0551,359.921,86.5932
338.116,233.559,269.939,219.29,299.271,79.1497,367.447,93.4192
338.857,234.705,268.059,220.324,296.757,79.0443,367.554,93.4251
302.956,239.544,237.875,198.779,313.671,77.7716,378.752,118.537
284.178,250.009,222.191,207.053,309.659,80.8339,371.646,123.79
290.794,250.956,225.057,204.195,311.168,83.1403,376.905,129.902
294.635,249.228,223.255,205.479,303.178,75.0772,374.558,118.826
278.664,245.896,215.636,185.608,317.709,78.8954,380.737,139.184
291.438,245.495,223.289,197.074,314.987,68.0175,383.136,116.439
302.943,236.667,226.658,195.513,298.09,63.1012,374.375,104.255
291.929,248.413,247.204,115.637,330.075,87.7222,374.8,220.499
288.167,237.147,249.502,116.319,332.557,89.7417,371.222,210.569
300.188,235.447,250.306,116.977,323.847,86.0118,373.729,204.482
286.508,234.342,253.456,114.529,335.425,91.9171,368.477,211.73
273,221,273,98,353,98,353,221
317.598,202.258,283.083,87.7286,354.4,66.2357,388.915,180.765
325.119,212.843,261.069,175.857,320.184,73.4865,384.234,110.473
325.691,211.917,261.383,175.533,319.226,73.2988,383.534,109.684
329.759,202.026,251.459,150.891,306.517,66.5828,384.817,117.717
368.669,269.109,282.182,132.551,342.492,94.3553,428.978,230.914
371.846,268.769,281.385,133.077,340.923,93.3846,431.385,229.077
384.703,272.049,262.535,125.034,323.171,74.6466,445.339,221.662
389.507,242.658,251.943,219.473,269.76,113.757,407.324,136.942
266,239,266,108,383,108,383,239
343.344,262.976,258.088,139.152,335.904,85.5745,421.159,209.398
385.612,298.047,264.271,156.482,324.224,105.094,445.565,246.659
384.915,299.786,264.668,156.851,326.739,104.633,446.986,247.568
404.596,291.514,245.32,161.818,299.2,95.6488,458.476,225.345
412.54,298.774,238.421,163.71,290.349,96.7664,464.468,231.83
410.356,292.894,241.26,163.344,299.57,87.235,468.665,216.784
412.219,288.736,240.078,166.572,298.222,84.6415,470.363,206.806
255,251,255,115,416,115,416,251
406.896,243.596,252.224,237.409,257.299,110.532,411.971,116.719
256,253,256,110,394,110,394,253
370.565,262.056,225.183,154.121,291.21,65.1863,436.592,173.121
372.236,259.042,224.291,158.961,286.37,67.1917,434.316,167.272
371.408,261.019,225.391,153.787,290.423,65.2325,436.44,172.464
366.287,256.755,211.172,151.277,268.886,66.4026,424.001,171.881
366.287,256.755,211.172,151.277,268.886,66.4026,424.001,171.881
373.883,237.758,208.871,163.036,247.788,77.0927,412.801,151.815
331.933,255.018,220.574,142.301,294.355,69.4082,405.714,182.126
333.933,263.998,222.536,144.918,298.539,73.818,409.937,192.898
331.913,254.999,222.385,144.102,297.535,69.8791,407.064,180.777
340.473,252.874,220.898,183.521,278.351,84.4636,397.926,153.817
242,248,242,103,354,103,354,248
242,248,242,103,353,103,353,248
326.261,256.681,222.719,129.376,295.785,69.9484,399.327,197.254
326.523,255.705,223.198,129.049,295.042,70.4391,398.367,197.095
326.415,259.677,221.846,125.231,290.108,72.1385,394.677,206.585
318.839,249.307,220.466,117.398,294.181,62.4244,392.553,194.333
322.919,250.755,220.363,113.237,293.915,58.3856,396.47,195.904
309.654,264.646,216.79,112.084,300.542,61.1048,393.405,213.666
299.27,261.936,209.487,117.284,298.627,61.9554,388.411,206.607
305.228,262.27,209.747,124.665,297.553,63.7386,393.034,201.344
299.713,252.871,200.356,131.436,288.465,59.3465,387.822,180.782
277.004,281.76,210.469,107.107,307.194,70.2594,373.729,244.913
280.828,274.931,210.741,111.397,308.621,69.4483,378.707,232.983
261.661,287.571,221.328,93.9734,320.722,73.2662,361.055,266.864
294.708,278.176,201.872,123.975,291.027,70.2998,383.863,224.501
235,278,235,86,335,86,335,278
292.452,282.688,197.47,121.95,287.694,68.6355,382.675,229.374
337.495,254.255,220.87,247.115,231.504,73.439,348.128,80.5793
290.889,272.931,197.365,121.214,287.925,65.3889,381.449,217.107
340.238,237.024,231.32,232.422,237.968,75.0832,346.887,79.6854
341.095,237.597,232.236,227.992,245.547,77.1365,354.405,86.7416
341.215,231.817,236.048,223.404,247.485,80.4388,352.652,88.8522
343.362,237.395,239.015,229.469,250.517,78.0266,354.864,85.9518
345.85,229.226,230.802,215.165,247.566,78.0026,362.614,92.064
240,238,240,86,353,86,353,238
349.977,238.436,228.248,225.076,244.665,75.4998,366.393,88.8602
341.12,235.84,225.84,214.88,253.2,64.4,368.48,85.36
363.684,221.544,247.546,220.161,249.369,67.0044,365.507,68.387
349.106,242.05,224.652,223.665,246.683,74.5326,371.137,92.9179
311.584,264.185,214.447,123.647,303.375,62.1816,400.512,202.72
326.016,245.737,214.198,144.272,291.794,58.7576,403.613,160.223
348.465,229.517,224.129,185.634,265.409,68.6739,389.745,112.557
349.522,232.106,232.221,192.551,277.8,57.3861,395.101,96.9411
358.22,227.46,229.42,209.06,248.66,74.3801,377.46,92.7801
311.72,251.468,220.902,137.364,304.797,70.5905,395.614,184.695
329.804,245.985,225.392,151.286,299.122,69.9941,403.534,164.693
330.788,256.753,227.518,136.271,301.882,72.5294,405.153,193.012
307.642,237.97,249.443,117.817,348.132,70.0142,406.331,190.168
332.223,241.457,232.2,180.729,307.758,56.2815,407.78,117.009
332.139,241.189,232.187,182.289,306.412,56.3318,406.363,115.232
281.08,275.45,249.653,99.4549,352.965,81.0062,384.393,257.001
360.018,272.02,261.289,266.324,272.095,79.0247,370.824,84.7206
354.319,275.951,237.803,244.353,285.563,68.2374,402.079,99.8349
346.65,277.837,229.564,241.647,284.39,64.2661,401.477,100.456
258,278,258,81,376,81,376,278
267.221,279.8,263.843,79.351,374.806,77.4808,378.184,277.93
331.967,292.851,250.208,108.137,361.173,59.0216,442.932,243.735
299.24,255.957,239.496,104.002,374.959,50.7427,434.702,202.698
319.679,250.867,245.725,105.013,363.378,45.3574,437.333,191.212
327.589,226.514,246.03,113.041,352.456,36.5473,434.015,150.021
267,273,267,54,358,54,358,273
360.479,280.355,267.925,277.218,275.572,51.6126,368.127,54.7501
294.668,282.175,250.637,73.0239,356.271,50.7852,400.302,259.936
283.03,249.777,249.484,71.7205,372.27,48.5868,405.817,226.643
283.411,249.613,249.405,71.7315,371.16,48.4546,405.167,226.336
339.478,246.31,226.283,219.571,268.352,41.4769,381.547,68.216
255,234,255,66,375,66,375,234
359.971,233.635,252.194,228.736,260.243,51.6474,368.021,56.5464
330.025,241.164,225.774,199.731,286.902,45.9228,391.153,87.3558
282.07,237.07,259.661,77.0074,370.881,61.4366,393.29,221.499
319.587,240.012,225.489,198.376,291.862,48.3725,385.961,90.0091
288.367,223.784,261.232,77.2533,364.756,58.0822,391.891,204.613
295.958,221.2,263.978,75.2048,372.695,51.3906,404.675,197.385
334.569,225.273,227.546,176.168,288.468,43.3911,395.49,92.4955
325.503,257.06,237.937,239.72,276.38,45.5802,363.947,62.9201
314.051,258.259,223.46,224.446,291.426,42.3491,382.017,76.1613
285.6,222.177,267.901,69.5188,380.446,56.4701,398.145,209.128
274.169,214.629,271.543,64.9378,385.42,62.94,388.046,212.631
300.504,233.227,213.962,167.419,310.26,40.7812,396.802,106.589
300.372,234.977,213.141,172.84,311.315,35.019,398.546,97.1562
277,243,277,59,382,59,382,243
291.938,244.647,273.377,63.6792,374.392,53.3188,392.953,234.287
289.525,246.405,278.074,63.1829,374.51,57.1556,385.961,240.378
286,251,286,64,382,64,382,251
382.286,250.647,281.638,247.329,287.658,64.7031,388.307,68.0211
283,248,283,64,379,64,379,248
286,241,286,64,381,64,381,241
289,246,289,64,378,64,378,246
374.018,247.742,288.994,245.741,293.359,60.2555,378.382,62.2561
346.334,247.88,259.727,219.484,312.384,58.8799,398.991,87.2759
298,241,298,61,385,61,385,241
361.304,262.944,279.78,251.462,306.627,60.8488,388.151,72.3311
362.986,262.219,278.799,251.076,304.544,56.5573,388.731,67.6997
358.878,254.996,273.744,240.06,306.512,53.2828,391.646,68.2186
352.167,252.019,265.704,233.544,304.399,52.4528,390.862,70.9277
375.293,229.99,286.869,225.676,295.329,52.2599,383.753,56.5733
333.58,239.676,278.6,61.9072,355.963,37.9805,410.943,215.749
333.99,241.605,279.676,61.3284,356.474,38.1905,410.788,218.468
330.789,240.355,284.692,58.1623,353.888,40.6547,399.985,222.847
327.481,202.217,289.121,59.7365,375.083,36.5931,413.443,179.073
324.758,206.931,289.109,58.0443,376.627,37.0893,412.276,185.976
319.335,244.511,299.362,57.2681,380.729,48.5889,400.702,235.832
314,256,314,54,394,54,394,256
349.739,258.201,305.246,60.006,382.574,42.6467,427.067,240.842
331.638,249.233,303.086,59.7541,383.775,47.5956,412.326,237.074
357.525,246.8,295.518,75.861,375.027,47.0197,437.034,217.958
357.654,250.21,296.254,73.8846,379.596,44.8641,440.995,221.189
361.82,254.618,294.316,80.2326,389.195,43.505,456.7,217.891
304,265,304,56,404,56,404,265
359.058,270.296,294.487,75.0437,383.628,45.5641,448.199,240.816
397.656,253.787,301,245,318.623,51.1476,415.279,59.9344
368.449,236.305,271.486,192.839,342.613,34.1713,439.576,77.6376
377.797,244.456,282.404,218.693,330.358,41.1332,425.751,66.8962
377.416,255.92,282.357,231.603,330.78,42.3157,425.838,66.6329
367.638,262.477,276.585,232.589,339.929,39.6104,430.982,69.4978
367.187,261.573,275.676,229.476,341.663,41.3444,433.173,73.4415
403.959,265.36,312.579,258.24,328.746,50.7594,420.126,57.88
363.501,261.724,282.378,238.241,339.992,39.2083,421.116,62.6913
373.247,260.822,292.642,247.632,325.799,45.0035,406.405,58.1935
378.326,250.488,294.761,237.754,323.498,49.1711,407.062,61.9048
377.302,248.943,291.453,224.415,341.151,50.4717,427,75
370.668,248.896,287.358,220.91,344.428,51.0268,427.738,79.0134
378.412,221.611,287.106,184.128,343.15,47.609,434.457,85.0928
382,224,289.6,193.2,336.6,52.2,429,83
392.714,227.348,294.471,203.021,331.854,52.0497,430.097,76.3765
392.506,236.223,294.353,214.412,329.765,55.0588,427.918,76.8706
397.14,226.265,294.851,206.781,324.313,52.1072,426.602,71.5908
327,221,327,56,420,56,420,221
328,214,328,54,424,54,424,214
335.355,239.496,322.102,56.6013,411.53,50.121,424.784,233.016
413.105,212.151,309.074,204.045,321.278,47.4372,425.308,55.5435
322.052,214.953,308.83,58.4932,408.121,50.1024,421.343,206.563
397.856,216.543,300.894,193.327,336.252,45.652,433.215,68.8683
397.976,209.178,300.961,195.949,320.519,52.5254,417.534,65.7546
397.012,208.911,302.72,196.053,322.26,52.7627,416.552,65.6207
395.503,213.072,300.914,195.402,327.539,52.8809,422.128,70.5513
406.769,204.925,313.043,202.195,317.12,62.1977,410.847,64.9276
396.457,206.223,307.429,194.986,324.824,57.1623,413.853,68.3989
395.09,210.538,305.866,196.941,327.346,55.9766,416.57,69.5726
394.744,205.579,306.635,195.541,322.738,54.1854,410.848,64.2232
402.09,198.86,310.878,196.254,314.715,61.9633,405.927,64.5694
398.886,199.137,310.073,193.294,319.07,56.5309,407.883,62.3739
394.392,200.841,305.864,189.518,322.666,58.155,411.195,69.4784
391.372,207.724,305.369,197.951,321.749,53.8124,407.752,63.5854
394.546,202.589,303.839,196.334,313.522,55.9326,404.228,62.1882
390.481,199.747,298.478,186.458,317.352,55.7953,409.354,69.0846
393.58,199.697,299.695,191.064,312.013,57.1047,405.898,65.7377
392.208,197.929,298.486,187.077,313.236,59.6905,406.958,70.5426
299.605,188.38,291.763,66.8218,395.781,60.1109,403.624,181.669
299.134,186.286,292.059,65.9966,397.986,59.7655,405.062,180.055
297.493,187.685,267.867,97.0628,391.742,56.565,421.369,147.187
350.736,189.924,287.245,75.6415,371.217,28.9906,434.708,143.274
363.886,185.022,281.608,78.2362,356.506,20.5285,438.783,127.314
376.186,188.605,275.151,84.3617,344.997,16.664,446.033,120.907
276,182,276,59,401,59,401,182
396.092,196.188,269.814,181.931,284.384,52.8821,410.662,67.1392
268,197,268,61,398,61,398,197
261,190,261,59,397,59,397,190
265,190,265,59,396,59,396,190
268,192,268,59,394,59,394,192
268,192,268,64,393,64,393,192
267,192,267,61,391,61,391,192
267,197,267,66,390,66,390,197
278.752,194.262,258.266,74.2717,379.797,53.5226,400.283,173.513
281.709,199.018,257.881,77.4939,378.102,53.9211,401.93,175.445
272.945,191.035,261.435,77.579,391.761,64.3576,403.271,177.813
279.192,182.598,255.265,73.8417,378.138,46.8096,402.065,155.566
274,180,274,64,392,64,392,180
274,182,274,69,391,69,391,182
274,182,274,68,389,68,389,182
275,182,275,69,389,69,389,182
272,168,272,59,394,59,394,168
390.077,174.454,266.586,168.279,272.539,49.2269,396.03,55.4015
266,171,266,48,395,48,395,171
273,170,273,49,397,49,397,170
300.866,185.201,246.546,98.0831,371.708,20.0409,426.028,107.159
281.658,182.641,262.354,71.9616,398.006,48.3013,417.311,158.981
303.644,189.534,249.319,101.406,381.302,20.0464,435.628,108.174
277,195,277,59,404,59,404,195
277,195,277,59,402,59,402,195
274,197,274,59,405,59,405,197
275.296,206.138,261.884,83.9396,406.736,68.0411,420.148,190.24
272.927,205.653,260.818,86.0817,404.008,71.5815,416.117,191.153
271.89,209.012,258.317,86.8537,402.866,70.7927,416.439,192.951
283.91,214.302,267.574,87.7001,406.487,69.7758,422.823,196.378
282.003,211.715,265.993,86.0989,408.859,67.8906,424.868,193.507
285.224,209.398,276.135,85.1852,409.762,75.4077,418.85,199.621
342.988,230.103,250.276,151.386,336.72,49.5739,429.432,128.291
277,199,277,83,414,83,414,199
400.299,209.735,273.457,196.022,285.902,80.9083,412.744,94.6209
408.438,198.666,280.159,186.64,289.963,82.0591,418.242,94.0852
356.038,224.446,268.573,162.374,340.282,61.3294,427.747,123.401
339.24,230.81,262.823,160.657,357.485,57.5434,433.902,127.697
343.45,239.118,260.08,167.504,357.174,54.4696,440.544,126.083
339.74,239.261,258.998,162.944,359.784,56.316,440.525,132.633
354.575,232.342,266.205,162.628,351.512,54.4924,439.882,124.206
357.567,230.327,273.97,157.566,362.752,55.5618,446.349,128.322
358.721,229.934,273.541,158.951,359.443,55.8688,444.623,126.852
379.026,216.751,283.119,166.273,341.644,55.0759,437.551,105.553
375.526,225.857,283.729,169.884,351.607,58.5651,443.403,114.539
387.589,217.053,289.134,177.004,334.904,64.4863,433.358,104.536
331.764,210.139,274.015,142.529,390.106,43.3679,447.856,110.977
328.501,204.937,274.413,140.492,397.257,37.3914,451.344,101.836
331.894,210.593,273.54,143.903,392.761,39.5841,451.115,106.274
396.757,217.278,293.693,209.644,305.019,56.7422,408.083,64.3766
395.989,207.931,289.483,198.905,301.289,59.5839,407.796,68.6098
298.917,205.091,292.455,56.4585,397.691,51.883,404.153,200.515
392.703,199.857,290.717,195.831,296.342,53.3424,398.328,57.3682
293.028,199.735,260.084,72.0751,373.015,42.9317,405.959,170.591
295.259,200.604,245.19,83.7759,353.81,37.2241,403.879,154.052
286,187,286,59,388,59,388,187
293.581,189.266,280.135,74.0175,385.995,61.6673,399.44,176.915
292.271,191.292,281.731,71.1289,385.842,61.9963,396.382,182.16
282,192,282,68,388,68,388,192
283.806,194.12,265.646,74.2657,372.022,58.1481,390.182,178.003
254.128,185.197,246.94,73.0679,370.982,65.1165,378.17,177.245
286.055,221.062,246.083,72.5931,351.625,44.1779,391.597,192.647
293.011,224.456,244.79,72.0152,347.827,39.422,396.048,191.862
286.041,196.377,231.43,57.3668,333.715,17.1834,388.326,156.193
287.778,196.091,231.471,57.8824,333.467,16.3282,389.774,154.536
276.252,203.839,249.019,65.9715,356.884,44.6648,384.117,182.532
362.754,197.574,239.126,184.26,252.7,58.2139,376.328,71.5276
259.595,206.365,220.504,77.3625,342.54,40.3818,381.632,169.384
256.926,203.134,244.768,60.275,355.266,50.871,367.424,193.73
261.873,229.794,255.601,70.8973,359.19,66.8083,365.462,225.706
288.452,236.471,248.365,72.3061,340.774,49.7412,380.861,213.906
239.375,214.4,230.471,70.4451,354.758,62.7572,363.663,206.712
248.365,220.316,223.861,78.1963,347.396,56.8972,371.9,199.017
302.808,228.874,238.072,76.8208,332.761,36.5078,397.496,188.561
307.856,232.895,249.841,75.4268,347.576,39.4195,405.59,196.888
330.941,225.765,219.324,158.794,287.088,45.8529,398.706,112.824
302.068,240.143,262.498,74.3244,359.174,51.2539,398.745,217.072
309.116,231.96,255.842,78.7943,347.26,46.9966,400.535,200.162
349.28,235.947,252.087,222.694,273.811,63.3834,371.004,76.6369
307.017,238.97,261.457,73.2992,342.852,50.9158,388.411,216.587
360.223,238.01,277.225,227.993,295.905,73.2127,378.903,83.2297
287,236,287,73,368,73,368,236
370.228,237.242,294.97,235.029,299.68,74.873,374.939,77.0864
366.686,228.067,291.797,223.848,300.128,75.979,375.017,80.1982
366.643,232.137,294.999,230.029,299.415,79.8946,371.059,82.0017
357.318,235.582,284.87,223.371,309.587,76.7169,382.035,88.9272
309.459,232.955,295.019,84.9493,364.939,78.1279,379.379,226.134
304,231,304,86,373,86,373,231
318.814,234.171,303.943,87.938,368.395,81.3836,383.266,227.617
341.353,228.797,281.151,104.379,344.118,73.9106,404.32,198.329
340.012,225.252,282.56,103.821,344.695,74.4238,402.147,195.855
341.212,224.267,281.678,108.103,348.056,74.084,407.59,190.248
345.558,229.612,277.779,119.158,346.792,76.8094,414.571,187.263
336.268,233.063,276.361,107.257,349.608,72.3771,409.516,198.183
358.219,230.48,278.115,119.747,342.588,73.1067,422.692,183.84
372.284,229.546,273.939,129.615,332.528,71.9562,430.873,171.887
372,228,274,130,332.5,71.5,430.5,169.5
371.134,236.432,278.833,122.594,339.772,73.1851,432.072,187.023
374.428,235.731,276.055,125.062,333.593,73.9172,431.966,184.586
375.941,236.765,277.118,121.471,335.753,71.2118,434.577,186.506
375.018,236.624,278.142,122.496,334.507,74.6515,431.383,188.78
376.969,230.626,267.369,130.862,321.993,70.8527,431.593,170.617
373.96,231.284,267.643,128.095,323.809,70.2267,430.126,173.416
373.345,230.87,267.633,128.054,323.851,70.2521,429.564,173.069
371.444,231.097,262.333,134.823,316.992,72.8755,426.103,169.15
371.176,231.456,259.645,137.967,315.096,71.8156,426.627,165.305
372.176,232.348,247.53,142.529,298.462,71.848,423.108,161.666
369.945,232.47,237.289,143.427,286.073,70.7479,418.729,159.791
367.167,229.836,235.85,147.341,284.185,70.3986,415.503,152.893
365.856,231.119,236.04,146.306,285.681,70.325,415.497,155.138
234,219,234,110,381,110,381,219
238.359,228.139,229.675,113.509,373.832,102.588,382.517,217.218
239.865,228.527,230.615,113.821,372.418,102.386,381.669,217.091
368.565,224.874,224.508,203.047,241.312,92.1383,385.369,113.965
365.529,228.882,222.471,193.118,248.176,90.2941,391.235,126.059
244.261,220.148,235.304,97.3112,368.543,87.5958,377.5,210.432
366.985,211.798,232.431,188.251,251.372,80.0152,385.927,103.562
365.885,211.577,233.385,185.077,253.962,82.1923,386.461,108.692
364.774,211.607,234.251,184.97,255.207,82.2871,385.73,108.924
257,231,257,95,373,95,373,231
292.638,235.155,240.81,114.224,347.259,68.6035,399.086,189.535
346.16,242.411,248.007,223.715,273.538,89.674,371.691,108.37
317.696,259.14,236.611,222.791,297.26,87.496,378.346,123.844
318.862,261.658,237.429,224.279,301.372,84.9742,382.805,122.353
310.741,256.283,229.206,207.004,304.516,82.4001,386.051,131.679
308.925,251.526,232.28,194.433,319.339,77.5586,395.984,134.651
373.534,247.789,265.672,230.63,285.251,107.563,393.112,124.722
376.711,238.596,270.947,223.268,287.483,109.171,393.246,124.499
309.933,252.416,237.619,203.665,321.018,79.9561,393.332,128.707
313.778,253.661,240.67,207.207,318.452,84.7974,391.559,131.251
313.621,254.748,240.996,214.078,312.241,86.855,384.866,127.525
317.331,258.246,242.53,223.616,305.718,87.1288,380.519,121.759
319.913,258.444,244.089,228.774,299.741,86.5508,375.566,116.221
320.028,256.685,243.432,223.261,302.868,87.0517,379.465,120.476
320.86,252.514,244.355,221.092,300.672,83.9725,377.177,115.394
320.009,252.423,243.187,221.557,297.583,86.1716,374.405,117.037
317.576,252.419,235.771,214.663,297.088,81.8098,378.893,119.566
328.682,248.865,242.29,221.742,286.829,79.8767,373.221,107
327.354,252.932,243.228,227.561,286.941,82.6171,371.067,107.988
329.263,252.884,244.327,230.169,283.716,82.8891,368.652,105.605
348.018,240.217,258.7,231.461,273.106,84.5202,362.424,93.2769
324.876,236.329,235.395,202.678,283.872,73.7723,373.353,107.424
326.771,234.515,242.885,208.482,285.386,71.5336,369.272,97.5673
270,212,270,78,362,78,362,212
355.605,217.248,263.063,208.961,275.127,74.2502,367.668,82.5375
360.184,226.704,274.033,223.969,278.555,81.5255,364.706,84.2605
281,246,281,81,362,81,362,246
281,248,281,83,364,83,364,248
295.048,261.689,276.13,102.239,359.115,92.3932,378.032,251.844
278,256,278,103,364,103,364,256
278,256,278,103,363,103,363,256
334.861,260.88,254.962,245.396,284.018,95.4686,363.916,110.953
303.674,258.723,264.971,111.975,336.799,93.0309,375.502,239.78
303.758,258.617,266.135,111.399,336.61,93.3885,374.233,240.607
298.347,244.092,231.969,143.628,308.094,93.331,374.472,193.795
291.207,260.242,218.658,169.853,303.629,101.653,376.178,192.041
290.848,262.638,214.179,168.483,301.041,97.7522,377.71,191.907
286.029,259.004,212.274,161.498,302.906,92.9431,376.66,190.449
310.878,245.938,225.277,138.547,292.221,85.1862,377.822,192.577
315.615,247.028,222.645,140.387,285.479,85.6081,378.449,192.25
298.56,245.08,217.2,136.6,289.04,82.72,370.4,191.2
267.484,240.34,214.289,120.649,302.804,81.3093,356,201
263.99,239.463,210.147,115.771,300.775,76.3214,354.618,200.014
252.049,237.08,212.712,109.994,309.358,80.0797,348.694,207.166
255.44,233.676,214.143,113.916,306.598,82.0351,347.895,201.795
249.199,228.463,212.64,112.693,305.103,83.4937,341.663,199.264
228.433,217.89,213.824,106.865,321.668,92.6753,336.276,203.701
263.086,233.535,213.897,118.759,304.655,79.8621,353.845,194.638
269.018,234.806,212.733,117.906,300.197,75.794,356.482,192.694
264.505,236.793,215.424,117.159,306.373,79.847,355.454,199.481
226,217,226,103,340,103,340,217
266.063,232.862,222.68,116.062,321.629,79.3092,365.012,196.11
336.622,221.614,223.736,211.653,233.73,98.388,346.616,108.349
248,219,248,105,349,105,349,219
270.286,229.441,242.278,114.865,339.282,91.1533,367.289,205.729
270.904,231.365,249.172,113.05,344.744,95.496,366.475,213.811
339.582,233.15,253.896,222.867,268.787,98.7745,354.473,109.057
338.882,233.099,247.309,217.578,267.468,98.6386,359.041,114.159
328.851,242.834,236.25,206.455,280.639,93.4652,373.24,129.844
328.618,250.315,252.163,232.148,285.405,92.2546,361.86,110.422
343.162,239.288,263.511,228.668,280.716,99.6288,360.367,110.249
335.749,248.789,263.752,238.304,285.46,89.2418,357.457,99.7268
331.955,254.982,260.551,245.742,281.468,84.1077,352.873,93.3482
331.925,255.217,260.034,245.414,282.063,83.8722,353.953,93.6754
327.47,256.52,252.477,240.732,286.069,81.1724,361.061,96.9602
332.134,255.256,259.768,244.782,282.988,84.3536,355.354,94.8275
328.328,258.064,258.314,247.153,284.533,78.9142,354.547,89.8254
326.86,268.061,255.64,257.553,281.856,79.864,353.076,90.3719
323.675,243.501,253.65,232.998,277.188,76.0782,347.213,86.5819
332.96,238.664,268.318,234.747,277.537,82.6386,342.178,86.5563
323.118,240.477,263.527,230.262,289.002,81.6574,348.593,91.8731
335.957,239.775,269.717,236.095,277.822,90.2123,344.061,93.8923
334,229,267.5,219.5,286.94,83.42,353.44,92.92
337.792,242.827,271.47,239.016,279.741,95.1115,346.062,98.9231
278.211,242.272,274.64,94.0689,337.869,92.5453,341.44,240.748
278.628,241.468,276.848,95.5628,337.949,94.8177,339.728,240.723
296.192,245.406,270.649,108.112,328.866,97.2807,354.409,234.575
295.039,232.368,270.69,93.2292,326.457,83.47,350.806,222.609
294.684,231.997,272.897,94.0162,325.07,85.7784,346.857,223.76
296.885,226.423,271.615,100.077,325.269,89.3462,350.539,215.692
301.369,231.169,274.633,103.781,326,93,352.736,220.389
296.615,217.032,272.185,103.505,326.323,91.8545,350.753,205.382
297.296,216.926,273.592,102.851,326.154,91.929,349.858,206.004
301.337,224.365,273.625,116.157,326.877,102.519,354.589,210.727
299.676,224.574,272.868,106.621,326.204,94.499,353.012,212.452
305.913,255.177,282.335,110.341,329.616,102.644,353.194,247.48
303.811,263.865,278.676,113.054,327.811,104.865,352.946,255.676
304.24,261.55,276.191,114.705,327,105,355.049,251.845
302.885,268.43,275.124,116.558,327.45,106.993,355.212,258.865
291.039,254.169,274.668,108.313,332.309,101.843,348.681,247.699
295.772,264.628,272.876,101.491,329.755,93.508,352.652,256.645
286.775,253.654,255.447,105.966,322.955,91.6459,354.283,239.334
284.093,263.351,263.458,112.028,325.041,103.631,345.676,254.953
291.976,266.368,264.376,114.568,323.776,103.768,351.376,255.568
283.415,255.301,263.753,119.077,323.468,110.458,343.129,246.682
283.505,271.918,266.881,118.148,325.36,111.826,341.983,265.596
276.605,267.23,270.263,118.18,332.278,115.541,338.621,264.591
284.658,274.515,268.353,117.984,331.521,111.404,347.827,267.935
275,278,275,115,335,115,335,278
326.793,278.465,265.712,274.819,274.302,130.943,335.383,134.59
268,277,268,132,329,132,329,277
324.08,278.476,260.607,272.526,273.94,130.307,337.413,136.258
317.852,273.129,256.793,261.346,286.385,108.004,347.444,119.787
319.06,269.781,256.808,257.543,285.594,111.108,347.846,123.346
309.838,265.368,244.986,236.882,301.873,107.374,366.725,135.86
308.853,282.354,238.053,252.945,300.272,103.159,371.072,132.568
308.848,280.359,235.202,249.22,299.789,96.4677,373.435,127.607
305.499,273.068,229.436,230.633,305.215,94.804,381.277,137.239
307.819,269.382,228.334,224.835,295.793,104.467,375.278,149.013
304.609,277.034,227.083,235.935,296.056,105.825,373.583,146.923
305.819,280.998,224.038,238.868,292.408,106.149,374.189,148.279
305.604,287.668,228.122,258.971,284.78,105.993,362.263,134.69
308.365,290.188,230.304,263.83,284.001,104.805,362.062,131.164
308.527,286.027,228.865,260.421,279.931,101.549,359.593,127.155
325.915,284.768,237.89,274.988,256.415,108.268,344.439,118.049
307.427,293.451,218.597,268.99,266.145,96.3153,354.975,120.776
244,273,244,115,343,115,343,273
304.517,279.207,189.69,233.276,236.931,115.172,351.759,161.104
319.96,271.763,217.162,255.948,242.526,91.0809,345.324,106.896
321.714,294.901,209.997,283.887,225.682,124.8,337.399,135.814
341.681,241.804,222.111,232.804,233.329,83.7775,352.898,92.7774
227,234,227,90,354,90,354,234
235.069,238.356,194.362,139.133,344.349,77.6004,385.056,176.823
232.356,265.772,226.232,86.1285,347.284,82.0017,353.408,261.645
316.271,285.968,203.661,264.26,241.841,66.1983,354.452,87.9064
326.679,283.27,203.158,265.322,231.34,71.3656,354.861,89.313
234.926,293.826,226.262,98.8995,357.625,93.0611,366.288,287.987
233.66,289.494,225.605,88.1358,355.837,82.9265,363.891,284.284
233.05,288.181,226.096,88.2575,362.435,83.5153,369.389,283.439
363.515,297.867,222.166,281.558,244.778,85.5898,386.127,101.899
362.126,295.896,224.388,283.083,242.464,88.7641,380.202,101.577
350.815,304.872,218.667,280.287,253.503,93.047,385.65,117.632
248.978,307.182,161.884,212.404,304.199,81.6281,391.293,176.407
242.212,299.136,165.917,186.937,312.306,87.3917,388.602,199.591
255.729,307.233,167.217,217.22,305.095,81.6394,393.608,171.652
330.918,321.216,217.724,278.143,287.025,96.0272,400.218,139.101
252.577,309.322,169.126,212.921,311.862,89.3581,395.313,185.759
337.51,321.458,219.176,271.005,291.169,102.149,409.503,152.602
355.143,303.603,240.059,271.235,289.929,93.9177,405.014,126.285
354.566,306.61,236.501,268.549,293.345,92.2164,411.411,130.277
358.491,304.283,242.132,271.038,294.358,88.2453,410.717,121.491
269,295,269,88,381,88,381,295
279.584,294.514,272.844,92.3052,385.751,88.5416,392.492,290.75
284.227,286.759,257.52,98.4039,371.402,82.2564,398.109,270.611
368.628,290.079,260.21,274.296,289.848,70.6993,398.265,86.4817
366.117,285.827,261.082,271.954,288.261,66.1666,393.297,80.0392
369.84,299.938,262.637,288.568,285.582,72.2283,392.785,83.5984
368.636,250.392,241.247,221.897,275.712,67.8172,403.101,96.3122
366.355,253.805,242.826,223.714,281.31,65.7293,404.839,95.8197
366.278,247.742,233.458,211.77,273.236,64.8973,406.056,100.869
358.973,248.92,224.515,197.325,279.104,55.0631,413.562,106.657
337.547,270.37,221.706,203.868,303.831,60.8105,419.673,127.312
383.289,242.326,222.416,214.589,245.533,80.5058,406.406,108.243
351.61,262.152,210.064,209.727,260.703,73.0012,402.25,125.426
351.61,262.152,210.064,209.727,260.703,73.0012,402.25,125.426
245.288,245.631,229.286,115.333,408.116,93.3717,424.117,223.67
322.647,284.504,209.592,229.504,294.617,54.7325,407.671,109.732
331.068,285.767,213.306,231.824,295.804,51.7232,413.566,105.666
309.532,300.131,205.156,176.185,352.475,52.1264,456.851,176.073
336.477,278.915,201.844,205.384,297.441,30.3483,432.074,103.879
336.477,278.915,201.844,205.384,297.441,30.3483,432.074,103.879
333.738,268.517,218.235,187.664,329.06,29.3423,444.564,110.195
267,270,267,54,395,54,395,270
361.53,273.337,247.199,241.181,304.4,37.8,418.731,69.9556
341.472,282.151,236.104,223.613,336.387,43.1038,441.755,101.642
305.355,287.223,243.509,87.4139,365.077,49.7858,426.922,249.595
312.967,295.081,218.701,155.732,357.001,62.1757,451.267,201.525
314.955,297.342,212.093,163.621,348.859,58.4164,451.721,192.138
302.825,290.559,207.465,162.542,345.779,59.5115,441.139,187.529
305.208,290.647,207.353,157.208,341.009,59.1937,438.864,192.633
295.693,275.411,252.305,105.197,429.866,59.9361,473.254,230.151
380.967,267.309,223.742,170.077,311.862,27.5855,469.087,124.817
380.967,267.309,223.742,170.077,311.862,27.5855,469.087,124.817
363.557,282.339,215.498,166.731,322.195,30.0837,470.254,145.692
303.339,282.873,183.611,151.172,327.606,20.267,447.335,151.968
303.339,282.873,183.611,151.172,327.606,20.267,447.335,151.968
257.453,243.738,214.902,104.116,446.862,33.4229,489.414,173.045
304.094,277.369,191.454,141.624,358.197,3.2625,470.836,139.008
304.094,277.369,191.454,141.624,358.197,3.2625,470.836,139.008
299.878,266.326,203.16,117.396,387.763,-2.4895,484.481,146.44
290.917,275.751,199.988,110.541,389.597,6.1831,480.526,171.393
290.917,275.751,199.988,110.541,389.597,6.1831,480.526,171.393
289.446,262.136,222.14,81.2503,418.98,8.0076,486.286,188.894
240,229,240,46,452,46,452,229
272.916,242.458,226.313,72.4948,432.775,15.8843,479.378,185.848
265.275,244.296,220.013,79.2224,443.756,17.8735,489.018,182.947
265.275,244.296,220.013,79.2224,443.756,17.8735,489.018,182.947
267.237,243.81,221.201,86.7943,447.565,20.4261,493.601,177.442
479.39,275.566,256.795,267.245,264.317,66.0305,486.912,74.3518
479.39,275.566,256.795,267.245,264.317,66.0305,486.912,74.3518
472.323,310.125,236.539,269.472,271.643,65.8695,507.427,106.522
275.468,285.655,226.744,104.044,462.573,40.773,511.298,222.383
275.109,282.782,228.899,105.293,464.048,44.0704,510.258,221.56
272.627,288.227,226.42,106.413,465.342,45.6922,511.549,227.507
243.227,277.304,233.718,96.6464,493.892,82.953,503.401,263.611
243.227,277.304,233.718,96.6464,493.892,82.953,503.401,263.611
494.892,279.579,218.985,246.906,239.38,74.6766,515.287,107.35
165.555,276.486,163.063,94.6156,477.141,90.3131,479.633,272.183
165.555,276.486,163.063,94.6156,477.141,90.3131,479.633,272.183
161.431,281.506,155.361,96.9684,465.519,86.7658,471.589,271.303
165.52,276.284,163.169,94.0559,477.31,90.0025,479.661,272.23
165.52,276.284,163.169,94.0559,477.31,90.0025,479.661,272.23
174,273,174,81,479,81,479,273
468.212,272.194,171.818,260.201,179.822,62.3917,476.216,74.3845
468.212,272.194,171.818,260.201,179.822,62.3917,476.216,74.3845
441.756,300.38,180.256,261.769,213.208,38.5879,474.709,77.1987
421.22,321.693,160.149,264.168,209.834,38.6754,470.905,96.1995
421.22,321.693,160.149,264.168,209.834,38.6754,470.905,96.1995
438.717,302.216,169.421,271.957,192.966,62.4007,462.263,92.6588
441.401,315.592,167.436,274.788,199.255,61.1444,473.221,101.948
441.401,315.592,167.144,274.745,198.964,61.101,473.221,101.948
441.401,315.592,167.144,274.745,198.964,61.101,473.221,101.948
441.401,315.592,167.144,274.745,198.964,61.101,473.221,101.948
441.401,315.592,167.144,274.745,198.964,61.101,473.221,101.948
455.058,309.07,169.506,281.436,193.219,36.4082,478.77,64.0423
429.125,323.574,157.84,274.93,197.417,54.2127,468.702,102.857
429.125,323.574,157.84,274.93,197.417,54.2127,468.702,102.857
439.108,291.439,148.359,264.35,166.989,64.3841,457.739,91.4725
439.108,291.439,148.359,264.35,166.989,64.3841,457.739,91.4725
439.108,291.439,148.359,264.35,166.989,64.3841,457.739,91.4725
439.108,291.439,148.359,264.35,166.989,64.3841,457.739,91.4725
116.269,309.346,78.4231,120.115,430.346,49.7307,468.192,238.962
116.269,309.346,78.4231,120.115,430.346,49.7307,468.192,238.962
116.842,309.853,76.9426,115.345,425.211,43.9054,465.11,238.413
103.385,311.923,65.9615,124.808,423.269,53.3461,460.692,240.462
103.385,311.923,65.9615,124.808,423.269,53.3461,460.692,240.462
92.4775,290.158,83.6334,106.644,443.677,89.2927,452.521,272.806
93.8304,281.937,91.452,98.7993,437.77,94.3017,440.149,277.44
95.2332,284.461,89.6878,107.01,435.881,96.1912,441.426,273.643
95.2332,284.461,89.6878,107.01,435.881,96.1912,441.426,273.643
161.991,331.311,118.375,121.674,419.347,59.0553,462.963,268.692
157.198,332.308,113.583,122.671,419.347,59.0553,462.963,268.692
162.794,306.825,137.622,102.308,439.299,65.1786,464.47,269.696
162.794,306.825,137.622,102.308,439.299,65.1786,464.47,269.696
162.794,306.825,137.622,102.308,439.299,65.1786,464.47,269.696
442.069,287.699,117.635,283.86,120.223,65.1861,444.656,69.0255
140.866,290.404,131.465,58.0679,433.41,45.8505,442.811,278.187
140.866,290.404,131.465,58.0679,433.41,45.8505,442.811,278.187
153.219,287.985,150.44,60.0922,440.763,56.5517,443.542,284.445
198.024,305.799,146.385,94.0769,397.887,32.735,449.526,244.457
180.784,296.703,145.811,86.8649,408.513,43.0811,443.487,252.919
196.852,288.356,189.018,73.7001,422.794,65.1681,430.629,279.824
204,283,204,76,421,76,421,283
209,280,209,78,421,78,421,280
210.493,282.997,191.46,108.341,409.081,84.6258,428.114,259.282
199.43,281.269,194.035,117.269,417.905,109.904,423.299,273.905
199.43,281.269,194.035,117.269,417.905,109.904,423.299,273.905
208.603,287.005,186.001,126.731,400.428,96.4909,423.031,256.765
209.273,286.742,170.298,140.831,386.385,83.1094,425.362,229.02
209.273,286.742,170.298,140.831,386.385,83.1094,425.362,229.02
207.968,287.983,165.956,150.987,376.148,86.5278,418.161,223.524
195.464,278.819,164.254,147.235,378.479,96.4249,409.688,228.01
195.464,278.819,164.254,147.235,378.479,96.4249,409.688,228.01
182.075,276.78,157.143,143.522,382.237,101.407,407.17,234.665
170.708,284.427,140.919,153.739,371.686,101.138,401.475,231.826
170.708,284.427,140.919,153.739,371.686,101.138,401.475,231.826
169.692,292.539,134.154,162.231,363.8,99.6,399.338,229.908
374.054,288.897,153.813,267.351,168.224,120.044,388.464,141.589
374.054,288.897,153.813,267.351,168.224,120.044,388.464,141.589
162.971,295.04,124.736,167.151,361.009,96.5128,399.244,224.401
151,273,151,125,386,125,386,273
151,273,151,125,386,125,386,273
320.559,321.658,154.539,255.676,224.741,79.0382,390.761,145.02
165.846,288.7,139.103,134.533,352.498,97.5157,379.241,251.683
165.846,288.7,139.103,134.533,352.498,97.5157,379.241,251.683
344.882,292.947,162.105,259.891,193.185,88.0335,375.963,121.089
178,265,178,95,359,95,359,265
175,263,175,95,362,95,362,263
354.313,278.567,183.549,253.663,209.089,78.5338,379.853,103.437
201.155,271.323,190.004,104.066,371.398,91.9734,382.549,259.23
364.168,262.749,192.737,256.681,198.8,85.4089,370.231,91.4772
207,258,207,88,369,88,369,258
317.063,296.98,194.696,232.577,284.501,61.948,406.868,126.351
327.673,298.491,192.746,237.303,274.197,57.694,409.124,118.882
232.789,279.384,184.127,111.77,349.688,63.7035,398.35,231.318
260.253,292.312,188.811,147.389,341.338,72.1996,412.779,217.123
243.086,274.689,204.135,113.693,368.377,73.9573,407.327,234.953
294,303,185,194,309.5,69.5,418.5,178.5
266.525,292.267,193.03,161.608,338.644,79.7003,412.139,210.359
266.525,292.267,193.03,161.608,338.644,79.7003,412.139,210.359
359.238,302.971,226.894,272.323,268.511,92.613,400.855,123.261
266.786,306.189,194.034,154.071,335.82,86.26,408.572,238.378
272.861,311.428,184.499,181.591,331.603,81.4783,419.965,211.316
371.129,323.151,227.024,290.801,269.812,100.203,413.917,132.553
355.098,329.996,222.976,291.638,280.794,92.4885,412.915,130.846
361.225,322.321,225.4,286.747,275.842,94.149,411.668,129.723
