1
202.318,110.929,184.647,31.4118,258.235,15.0588,275.906,94.5765
202.318,110.929,184.647,31.4118,258.235,15.0588,275.906,94.5765
202.318,110.929,184.647,31.4118,258.235,15.0588,275.906,94.5765
202.318,110.929,184.647,31.4118,258.235,15.0588,275.906,94.5765
201.178,112.148,182.391,33.2403,259.406,14.9034,278.193,93.8112
202.118,113.032,180.424,36.2713,258.131,14.3107,279.824,91.0713
201.534,113.197,179.841,36.4363,257.568,14.47,279.261,91.2306
201.266,113.555,179.424,36.2713,257.514,14.2026,279.355,91.4866
198.019,113.566,176.17,37.0943,256.604,14.1132,278.453,90.5849
198.53,113.908,177.198,37.1117,256.212,15.1633,277.544,91.9599
200.242,117.533,175.163,38.4362,255.013,13.1178,280.092,92.2146
197.9,116.32,173.801,38.8618,257.237,12.9041,281.335,90.3624
194.522,122.898,172.801,38.7288,257.817,16.7893,279.538,100.958
197.488,121.39,171.589,39.9944,258.392,12.3752,284.291,93.7711
197.528,121.849,173,36,260.566,10.9811,285.094,96.8302
197.453,121.585,173,36,261.491,10.717,285.943,96.3019
197.453,121.585,173,36,261.491,10.717,285.943,96.3019
197.453,121.585,173,36,261.491,10.717,285.943,96.3019
197.453,121.585,173,36,261.491,10.717,285.943,96.3019
199.995,127.768,158.4,49.2,241.838,5.027,283.432,83.5946
199.772,130.178,156.109,49.4008,241.215,3.3974,284.878,84.1741
200.18,131.837,155.64,48.3253,241.176,2.7059,285.716,86.218
198.2,131.4,156.6,48.2,245.8,3.6,287.4,86.8
188.447,126.012,168.188,34.8471,266.765,12.9412,287.024,104.106
195.517,132.793,159.724,43.3103,252.483,6.2069,288.276,95.6897
195.74,132.775,158.254,42.8106,252.834,3.4024,290.319,93.3669
194.728,133.053,157.615,42.9231,253.781,3.3254,290.893,93.4556
201.856,139.449,149.757,51.2803,236.813,-0.1623,288.913,88.0061
209.214,143.742,153.539,54.6629,236.775,2.6404,292.449,91.7191
209.947,144.419,148.027,64.3757,231.245,-0.0007,293.165,80.0423
208.192,146.962,149.943,57.6459,235.873,1.6048,294.122,90.9204
201.827,145.776,159.03,44.331,251.933,5.1376,294.73,106.583
205.415,144.477,153.908,54.3385,239.954,5.1692,291.461,95.3077
207.901,145.443,155.75,49.2884,240.746,3.1885,292.898,99.3434
206.74,140.241,153.156,52.721,238.984,0.1733,292.567,87.6934
207.118,142.267,154.874,50.0715,241.644,0.9016,293.888,93.0967
208.559,141.724,158.533,48.4942,241.745,3.8439,291.771,97.0739
210.616,140.851,158.415,48.7317,239.458,2.8074,291.659,94.9268
199.4,143.2,165.5,41.5,256.7,11.1,290.6,112.8
212.742,145.97,158.704,48.0255,240.337,2.9863,294.376,100.931
212.735,146.362,161.58,47.249,242.532,5.4675,293.687,104.581
206.292,150.027,158.822,47.9667,245.701,7.5576,293.171,109.618
207.531,149.825,157.592,47.7743,243.283,5.84,293.223,107.891
219.969,150.395,152.093,59.1869,233.124,-1.1152,301,90.0933
218.119,150.347,159,49,239.953,1.7772,299.073,103.124
202.034,146.093,164.029,42.9366,255.09,9.3878,293.095,112.544
211.17,150.226,157.018,49.3072,241.329,4.0674,295.48,104.986
206.991,149.526,159.031,49.2462,247.492,6.9385,295.452,107.218
204.273,150.258,156.624,47.0195,248.956,4.4049,296.605,107.644
208.088,154.554,155.335,53.1058,245.26,6.3451,298.013,107.794
202.247,145.658,163.206,41.548,255.589,6.9041,294.63,111.014
202.247,145.658,163.206,41.548,255.589,6.9041,294.63,111.014
206.894,150.998,157.719,47.1855,247.647,4.5882,296.821,108.4
206.966,152.254,155.244,50.6577,244.076,5.4342,295.797,107.031
206.4,151.8,155.6,50.2,245.6,5.2,296.4,106.8
199.525,146.452,165.297,38.6358,263.525,7.4525,297.752,115.269
194.238,144.423,166.18,35.6956,269.13,9.1278,297.188,117.855
194.844,144.598,165.619,36.2933,268.73,8.4697,297.955,116.774
202.476,154.595,158.986,43.1518,256.099,5.254,299.589,116.697
202.828,154.831,158.817,43.3355,255.672,5.1031,299.684,116.599
202.828,154.831,158.817,43.3355,255.672,5.1031,299.684,116.599
200.824,155.706,158.062,47.1574,256.223,8.4881,298.984,117.037
212.296,168.019,154.124,54.9077,244.708,8.3215,302.88,121.433
212.373,171.854,151.802,56.4792,244.638,7.7398,305.21,123.115
211.098,171.62,153.524,49.6972,247.987,5.0896,305.561,127.013
216,181,151.8,52.6,245.8,5.6,310,134
208.678,178.609,153.581,47.7553,253.499,5.6847,308.595,136.539
208.308,175.174,150.974,49.7549,248.458,5.1904,305.793,130.609
209.507,181.703,148.453,51.9632,248.094,5.0737,309.147,134.813
296.662,141.146,168.96,134.13,175.663,12.1244,303.366,19.141
298.396,137.141,169.597,133.781,172.735,13.5061,301.534,16.8661
298.396,137.141,169.597,133.781,172.735,13.5061,301.534,16.8661
156,136,156,17,297,17,297,136
296.975,137.033,146.853,135.792,147.857,14.3377,297.979,15.5784
149,136,149,15,297,15,297,136
147.421,139.439,145.419,18.3484,295.378,15.8698,297.379,136.961
129.628,139.977,126.712,19.4263,292.784,15.4084,295.701,135.959
127.699,142.07,124.004,20.1211,293.999,14.9697,297.694,136.918
123.917,145.394,119.243,21.051,293.41,14.5034,298.084,138.846
122.901,147.607,117.998,19.1604,295.122,12.3999,300.025,140.846
121.461,147.324,116.811,18.9923,295.396,12.5219,300.045,140.853
120.997,152.628,112.451,22.5251,292.346,10.7072,300.893,140.81
117.936,153.47,109.142,25.0725,292.269,12.5295,301.064,140.927
158.985,210.522,92.3482,87.2442,242.628,6.0119,309.265,129.289
160.785,217.123,88.4769,90.5846,240.323,3.8154,312.631,130.354
156.705,220.863,84.106,92.4184,240.789,3.8582,313.388,132.302
155.489,223.199,81.5032,93.1266,240.661,2.5968,314.647,132.669
105.746,163.224,90.7901,24.2251,288.576,2.9443,303.532,141.943
101.317,163.662,86.4242,30.4986,288.229,7.9284,303.122,141.092
137.798,215.441,77.4553,81.3451,250.969,3.264,311.312,137.36
137.798,215.441,77.4553,81.3451,250.969,3.264,311.312,137.36
87.3539,175.58,67.7218,27.4465,287.618,-1.6964,307.251,146.437
88.8006,184.196,63.0276,35.7796,283.511,-2.5078,309.284,145.909
85.6939,188.729,56.3646,39.5688,278.263,-4.0629,307.592,145.097
85.6939,188.729,56.3646,39.5688,278.263,-4.0629,307.592,145.097
86.9937,196.306,52.6084,45.6655,275.805,-5.2816,310.191,145.359
86.9937,196.306,52.6084,45.6655,275.805,-5.2816,310.191,145.359
86.9937,196.306,52.6084,45.6655,275.805,-5.2816,310.191,145.359
86.9937,196.306,52.6084,45.6655,275.805,-5.2816,310.191,145.359
86.9937,196.306,52.6084,45.6655,275.805,-5.2816,310.191,145.359
107.955,246.513,34.5499,102.638,243.051,-3.7402,316.456,140.135
79.302,214.352,33.5399,64.585,265.291,-6.228,311.054,143.539
77.6789,214.596,31.9908,62.3028,265.661,-7.7982,311.349,144.495
85.4507,216.163,37.5923,65.6267,264.009,-6.3553,311.867,144.181
93.131,215.721,44.2095,61.8409,263.523,-7.883,312.444,145.997
94.2026,214.157,45.801,63.6722,263.507,-6.3503,311.909,144.135
97.8462,214.141,48.6244,63.7411,262.581,-6.281,311.803,144.119
109.311,211.174,59.003,59.3364,261.627,-7.7981,311.935,144.04
112.903,211.158,62.6072,62.1326,260.907,-4.7936,311.203,144.231
111.884,213.381,59.7647,65.5509,259.507,-4.871,311.626,142.959
121.145,209.513,69.9589,60.6079,260.645,-4.9406,311.832,143.964
129.73,211.204,74.8706,60.5902,258.788,-6.3997,313.648,144.214
116.25,210.353,65.2521,62.3591,261.055,-5.1137,312.053,142.88
139.081,199.996,90.8237,50.7337,263.176,-4.9893,311.434,144.273
142.519,201.918,89.8736,56.0456,257.818,-4.566,310.464,141.306
153.359,215.568,86.3092,75.3738,246.637,-1.3046,313.686,138.889
144.289,204.279,90.6852,55.7527,258.457,-4.7965,312.06,143.73
147.315,196.164,99.7683,45.5995,263.924,-6.2393,311.471,144.325
148.282,191.603,105.146,41.9759,267.333,-4.7808,310.469,144.847
155.733,188.567,113.155,37.7222,268.43,-6.1053,311.007,144.74
183.896,213.538,105.077,72.207,239.837,-2.9475,318.656,138.384
189.231,212.154,108.246,70.4308,239.2,-4.4,320.185,137.323
191.474,207.453,113.856,66.5898,240.348,-3.1099,317.966,137.753
191.791,208.165,114.516,67.666,240.505,-1.6276,317.779,138.871
208.137,202.468,126.398,57.4483,239.158,-6.1071,320.896,138.913
213.49,194.066,139.026,47.7061,244.26,-5.834,318.724,140.526
213.548,191.685,142.194,44.0563,246.603,-6.408,317.957,141.221
220.391,191.302,143.062,50.2888,239.608,-2.656,316.938,138.357
222.501,191.275,144.572,49.5854,240.119,-2.9655,318.048,138.724
223.197,189.529,146.841,49.5414,240.096,-1.3248,316.452,138.662
224.359,189.893,146.628,50.626,239.438,-1.1744,317.168,138.092
224.359,189.893,146.628,50.626,239.438,-1.1744,317.168,138.092
223.941,190.765,146.279,50.4708,239.799,-1.2992,317.461,138.995
226.251,190.434,146.33,52.388,238.689,-1.083,318.61,136.963
225.569,190.246,145.754,50.5692,238.477,-2.4154,318.292,137.262
225.345,190.183,145.791,50.3602,238.346,-2.3005,317.901,137.522
224.453,190.415,146.67,50.4057,239.811,-1.3396,317.594,138.67
226.404,192.659,146.531,51.1683,239.365,-1.2385,319.239,140.252
228.511,194.457,145.123,52.0013,237.786,-2.2406,321.175,140.215
228.853,193.088,144.941,53.2353,237.588,-2.3529,321.5,137.5
227.228,195.584,143.709,52.7928,237.984,-2.3493,321.504,140.441
227.928,197.042,143.223,51.1611,238.321,-4.0576,323.026,141.823
230.723,199.448,142.316,56.1669,237.071,-2.299,325.478,140.982
230.723,199.448,142.316,56.1669,237.071,-2.299,325.478,140.982
230.975,200.124,145.264,51.1494,238.714,-2.6162,324.425,146.358
231.969,202.446,145.323,50.8154,238.8,-2.6,325.446,149.031
232.294,198.824,144.941,53.2353,237.588,-2.3529,324.941,143.235
232.294,198.824,144.941,53.2353,237.588,-2.3529,324.941,143.235
231.853,198.088,144.941,53.2353,237.441,-2.2647,324.353,142.588
232.692,200.652,145.039,52.5484,237.734,-2.3118,325.387,145.792
227.952,201.159,146.014,47.5259,240.789,-3.0208,322.727,150.613
227.952,201.159,146.014,47.5259,240.789,-3.0208,322.727,150.613
227.952,201.159,146.014,47.5259,240.789,-3.0208,322.727,150.613
220.274,206.386,150.525,38.0254,251.861,-3.9566,321.61,164.404
224.124,210.087,139.514,52.9541,239.995,-1.1514,324.605,155.982
215.333,209.622,152.57,31.4581,258.221,-5.7597,320.983,172.404
213.558,213.276,151.847,30.7137,260.161,-5.8994,321.872,176.663
213.558,213.276,151.847,30.7137,260.161,-5.8994,321.872,176.663
213.558,213.276,151.847,30.7137,260.161,-5.8994,321.872,176.663
213.558,213.276,151.847,30.7137,260.161,-5.8994,321.872,176.663
213.558,213.276,151.847,30.7137,260.161,-5.8994,321.872,176.663
213.558,213.276,151.847,30.7137,260.161,-5.8994,321.872,176.663
213.558,213.276,151.847,30.7137,260.161,-5.8994,321.872,176.663
213.558,213.276,151.847,30.7137,260.161,-5.8994,321.872,176.663
213.558,213.276,151.847,30.7137,260.161,-5.8994,321.872,176.663
213.558,213.276,151.847,30.7137,260.161,-5.8994,321.872,176.663
213.558,213.276,151.847,30.7137,260.161,-5.8994,321.872,176.663
213.558,213.276,151.847,30.7137,260.161,-5.8994,321.872,176.663
213.558,213.276,151.847,30.7137,260.161,-5.8994,321.872,176.663
213.521,223.427,154.782,27.1125,264.386,-5.6825,323.126,190.632
213.521,223.427,154.782,27.1125,264.386,-5.6825,323.126,190.632
213.521,223.427,154.782,27.1125,264.386,-5.6825,323.126,190.632
213.521,223.427,154.782,27.1125,264.386,-5.6825,323.126,190.632
204.102,222.439,157.702,21.8748,272.973,-4.7924,319.373,195.772
204.646,219.69,157.273,22.5546,272.832,-5.2154,320.206,191.92
204.646,219.69,157.273,22.5546,272.832,-5.2154,320.206,191.92
203.36,219.265,152.7,23.1609,271.505,-7.5304,322.165,188.574
203.36,219.265,152.7,23.1609,271.505,-7.5304,322.165,188.574
199.74,221.44,152.952,21.3821,274.865,-7.1297,321.652,192.928
209.042,221.904,119.371,63.5489,238.242,-3.7637,327.913,154.591
209.117,214.977,122.476,61.6877,238.266,-3.7593,324.908,149.53
206.676,216.328,120.162,62.8359,238.303,-3.7526,324.817,149.74
205.297,215.978,119.265,63.3415,238.538,-3.8848,324.569,148.752
208.405,214.568,114.013,82.4189,235,-4,329.392,128.149
200.9,216.3,110.137,76.0293,236.559,-5.7732,327.322,134.498
197.801,214.325,109.299,75.4689,236.761,-5.771,325.263,133.085
197.027,214.818,108.525,75.9619,237.215,-6.0598,325.716,132.796
195.292,215.982,107.404,78.7528,237.477,-4.5529,325.366,132.676
195.292,215.982,107.404,78.7528,237.477,-4.5529,325.366,132.676
182.425,217.39,99.4648,74.9491,238.131,-5.8126,321.091,136.628
169.389,216.518,93.403,70.3904,242.301,-7.0365,318.287,139.091
157.911,199.612,103.827,44.5718,259.967,-9.8954,314.051,145.145
175.884,217.402,96.9205,74.8286,238.517,-3.5941,317.481,138.98
149.483,185.207,112.372,27.8557,274.316,-10.3388,311.427,147.012
206.64,221.52,107.52,89.36,234.88,-6.16,334,126
185.077,216.385,102.492,71.8615,238.615,-5.9231,321.2,138.6
186.8,215.4,104.215,70.8769,238.615,-5.9231,321.2,138.6
182.771,213.586,103.816,70.7956,239.398,-4.1732,318.353,138.617
182.803,215.294,101.429,72.0746,237.982,-5.5123,319.356,137.707
182.803,215.294,101.429,72.0746,237.982,-5.5123,319.356,137.707
113.267,149.372,111.48,6.394,304.462,3.9817,306.25,146.959
196.693,224.686,100.979,93.7078,233.712,-3.2893,329.426,127.688
171.723,221.015,91.9077,81.3385,237.938,-2.1077,317.754,137.569
171.723,221.015,91.9077,81.3385,237.938,-2.1077,317.754,137.569
173.677,222.691,91.6193,84.3188,237.45,-2.1623,319.508,136.21
173.677,222.691,91.6193,84.3188,237.45,-2.1623,319.508,136.21
173.677,222.691,91.6193,84.3188,237.45,-2.1623,319.508,136.21
172.184,224.619,82.9538,79.8308,230.852,-11.3157,320.082,133.473
172.184,224.619,82.9538,79.8308,230.852,-11.3157,320.082,133.473
178.971,224.256,85.011,75.3383,228.445,-15.162,322.406,133.756
178.971,224.256,85.011,75.3383,228.445,-15.162,322.406,133.756
178.971,224.256,85.011,75.3383,228.445,-15.162,322.406,133.756
178.971,224.256,85.011,75.3383,228.445,-15.162,322.406,133.756
178.971,224.256,85.011,75.3383,228.445,-15.162,322.406,133.756
178.971,224.256,85.011,75.3383,228.445,-15.162,322.406,133.756
178.971,224.256,85.011,75.3383,228.445,-15.162,322.406,133.756
178.971,224.256,85.011,75.3383,228.445,-15.162,322.406,133.756
178.971,224.256,85.011,75.3383,228.445,-15.162,322.406,133.756
178.971,224.256,85.011,75.3383,228.445,-15.162,322.406,133.756
215.38,228.264,145.658,28.6675,260.354,-11.3977,330.077,188.199
2
0
0
0
0
1
37.649,116.447,34.3552,54.9631,136.046,49.5154,139.339,111
36.605,116.494,33.3647,54.9282,137.025,49.4724,140.265,111.039
43.7686,126.764,35.1485,62.1135,137.725,48.4367,146.345,113.087
49.1538,134.769,36,69,139.654,48.2692,152.808,114.038
47.5864,130.525,39.1934,60.0246,139.956,48.0291,148.349,118.53
47.7755,130.759,39.1911,60.3669,140.73,47.9842,149.314,118.376
53.369,131.148,44.4842,58.8002,146.87,46.2265,155.755,118.574
57.38,136.66,47,64,146.26,49.82,156.64,122.48
58.54,132.78,48.54,62.78,149.34,48.38,159.34,118.38
61.9054,135.077,49.6019,62.3751,146.593,45.9611,158.897,118.664
62.6721,132.702,51.8439,61.5455,148.624,46.818,159.453,117.975
63.4845,131.967,55.0187,59.1606,149.164,48.2135,157.63,121.02
59.9248,128.872,54.9027,53.5398,151.805,47.0796,156.827,122.411
62.7029,128.678,58.0162,55.2543,155.407,49.0379,160.093,122.462
60.2474,129.443,56.8433,54.5526,157.181,49.9918,160.586,124.882
61,126,61,50,159,50,159,126
60,124,60,50,160,50,160,124
61.0222,125.666,58.4695,49.0844,160.922,45.6693,163.475,122.251
60.9511,126.813,58.7123,49.5736,162.9,46.5536,165.139,123.793
60,124,60,48,166,48,166,124
58,125,58,46,166,46,166,125
58,126,58,47,170,47,170,126
58,126,58,47,170,47,170,126
58,126,58,47,170,47,170,126
58,126,58,47,170,47,170,126
165.155,151.638,54.6034,104.259,87.3448,27.8621,197.896,75.2414
183.059,140.727,54.9415,113.273,71.7854,34.6683,199.902,62.1219
190.449,141.602,54.9492,113.949,71.1108,34.7573,206.61,62.4103
186.772,158.553,53.8402,103.817,85.6923,26.4615,218.624,81.1982
196.416,151.897,54.4,108.2,78.573,29.6378,220.589,73.3351
208.885,145.325,54.6425,113.041,71.3414,33.2575,225.585,65.5409
210.22,147.816,54.2098,111.108,73.0557,31.0131,229.066,67.7213
210.826,150.919,54.6599,109.634,75.9075,29.2629,232.074,70.5481
210.826,150.919,54.6599,109.634,75.9075,29.2629,232.074,70.5481
212.578,155.073,54.6881,107.706,78.6881,27.7064,236.578,75.0734
214.05,167.072,53.8486,104.655,85.7596,22.7505,245.961,85.1666
219.557,170.121,52.791,105.427,85.2076,21.865,251.973,86.5585
223.206,169.452,53.5616,105.836,84.3014,23.863,253.945,87.4794
223.206,169.452,53.5616,105.836,84.3014,23.863,253.945,87.4794
245.453,172.445,53.0031,106.606,81.3807,23.6565,273.831,89.4947
245.453,172.445,53.0031,106.606,81.3807,23.6565,273.831,89.4947
245.453,172.445,53.0031,106.606,81.3807,23.6565,273.831,89.4947
245.453,172.445,53.0031,106.606,81.3807,23.6565,273.831,89.4947
245.453,172.445,53.0031,106.606,81.3807,23.6565,273.831,89.4947
245.453,172.445,53.0031,106.606,81.3807,23.6565,273.831,89.4947
245.453,172.445,53.0031,106.606,81.3807,23.6565,273.831,89.4947
245.453,172.445,53.0031,106.606,81.3807,23.6565,273.831,89.4947
245.453,172.445,53.0031,106.606,81.3807,23.6565,273.831,89.4947
245.453,172.445,53.0031,106.606,81.3807,23.6565,273.831,89.4947
245.453,172.445,53.0031,106.606,81.3807,23.6565,273.831,89.4947
245.453,172.445,53.0031,106.606,81.3807,23.6565,273.831,89.4947
2
0
0
0
0
1
245.612,198.64,217.643,151.093,288.746,109.267,316.715,156.815
245.244,198.424,215.688,155.076,289.911,104.47,319.467,147.818
248.232,196.354,211.829,152.95,285.096,91.4997,321.5,134.904
247.131,193.211,208.789,152.131,282.399,83.4276,320.741,124.508
246.745,189.852,205.874,151.457,280.425,72.0961,321.297,110.491
245.965,188.506,202.24,149.349,279.248,63.3564,322.973,102.513
244.958,184.652,199.428,145.093,277.369,55.3864,322.9,94.9456
241.298,183.467,197.532,149.356,275.709,49.0526,319.475,83.1643
240.538,183.692,194.385,152.923,268.692,41.4615,314.846,72.2308
237.676,181.206,194.294,155.176,265.147,37.0882,308.529,63.1177
241.556,184.19,193.17,160.65,255.197,33.15,303.584,56.6893
240.36,176.196,189.079,153.208,243.319,32.2119,294.6,55.2
232.207,149.12,183.628,101.854,258.951,24.439,307.53,71.705
247.155,154.638,192,131,236.328,27.5689,291.483,51.2069
247.671,151.877,193.425,131.534,231.932,28.8493,286.178,49.1918
236.779,150.321,184.701,122.376,236.23,26.3432,288.309,54.2878
231.265,146.559,176.559,113.735,231.088,22.853,285.794,55.6765
234.598,147.556,180.042,123.964,222.292,26.2615,276.847,49.8529
228.234,142.731,176.646,112.16,229.161,23.5401,280.749,54.1107
223.605,143.59,170.81,113.893,221.445,23.8754,274.24,53.5727
221.17,142.951,165.924,112.509,214.273,24.763,269.52,55.2048
238.426,143.898,172.989,139.677,179.042,45.8415,244.48,50.0632
179.519,144.43,166.041,44.3022,225.162,36.3436,238.64,136.471
165,140,165,52,230,52,230,140
211.848,145.625,149.033,128.382,172.733,42.0443,235.548,59.2878
164.574,146.438,142.989,58.1361,203.904,43.2456,225.489,131.547
153.604,138.457,147.305,50.264,213.041,45.5685,219.34,133.761
186.369,148.354,124.661,113.092,168.292,36.7385,230,72
137,136,137,48,212,48,212,136
143.715,140.103,124.94,62.3247,205,43,223.774,120.779
197.591,136.416,117.148,119.854,133.622,39.834,214.066,56.3958
174.771,148.263,105.485,103.432,154.61,27.5122,223.895,72.3439
175.783,148.973,108.658,107.555,157.045,29.1341,224.17,70.5518
129.814,143.451,95.6311,77.2227,181.244,33.0353,215.426,99.2638
121.529,136.882,96.2579,66.1222,189.443,32.8416,214.715,103.602
179.95,140.777,107.351,108.108,143.445,27.9002,216.044,60.5696
179.012,140.828,106.083,110.799,139.964,28.5148,212.893,58.5444
120.406,136.262,97.6509,65.4694,191.038,35.452,213.793,106.245
116.096,137.589,90.5753,69.5342,184.932,34.1507,210.452,102.205
183.893,134.877,105.589,109.544,130.526,32.4644,208.83,57.798
166.636,146.627,97.8086,106.663,142.605,29.5128,211.433,69.4771
193.951,129.934,97.6799,115.776,108.755,40.464,205.026,54.6215
