1.0202,0,0,0,0,0,0,0,0,0,0,0,0,0,0
44.624,0,0,0,0,0,0,0,0,0,0,0,0,0,0
14.851,0,0,0,0,0,0,0,0,0,0,0,0,0,0
14.683,0,0,0,0,0,0,0,0,0,0,0,0,0,0
14.771,0,0,0,0,0,0,0,0,0,0,0,0,0,0
14.516,0,0,0,0,0,0,0,0,0,0,0,0,0,0
11.33,0,0,0,0,0,0,0,0,0,0,0,0,0,0
15.363,0,0,0,0,0,0,0,0,0,0,0,0,0,0
15.312,0,0,0,0,0,0,0,0,0,0,0,0,0,0
15.09,0,0,0,0,0,0,0,0,0,0,0,0,0,0
18.421,0,0,0,0,0,0,0,0,0,0,0,0,0,0
17.418,0,0,0,0,0,0,0,0,0,0,0,0,0,0
15.856,0,0,0,0,0,0,0,0,0,0,0,0,0,0
15.455,0,0,0,0,0,0,0,0,0,0,0,0,0,0
15.818,0,0,0,0,0,0,0,0,0,0,0,0,0,0
15.04,0,0,0,0,0,0,0,0,0,0,0,0,0,0
15.754,0,0,0,0,0,0,0,0,0,0,0,0,0,0
16.028,0,0,0,0,0,0,0,0,0,0,0,0,0,0
16.309,0,0,0,0,0,0,0,0,0,0,0,0,0,0
15.412,0,0,0,0,0,0,0,0,0,0,0,0,0,0
15.886,0,0,0,0,0,0,0,0,0,0,0,0,0,0
14.986,0,0,0,0,0,0,0,0,0,0,0,0,0,0
15.077,0,0,0,0,0,0,0,0,0,0,0,0,0,0
14.762,0,0,0,0,0,0,0,0,0,0,0,0,0,0
14.838,0,0,0,0,0,0,0,0,0,0,0,0,0,0
15.237,0,0,0,0,0,0,0,0,0,0,0,0,0,0
15.214,0,0,0,0,0,0,0,0,0,0,0,0,0,0
15.445,0,0,0,0,0,0,0,0,0,0,0,0,0,0
15.366,0,0,0,0,0,0,0,0,0,0,0,0,0,0
15.311,0,0,0,0,0,0,0,0,0,0,0,0,0,0
16.004,0,0,0,0,0,0,0,0,0,0,0,0,0,0
15.965,0,0,0,0,0,0,0,0,0,0,0,0,0,0
16.109,0,0,0,0,0,0,0,0,0,0,0,0,0,0
15.622,0,0,0,0,0,0,0,0,0,0,0,0,0,0
15.762,0,0,0,0,0,0,0,0,0,0,0,0,0,0
15.859,0,0,0,0,0,0,0,0,0,0,0,0,0,0
17.551,0,0,0,0,0,0,0,0,0,0,0,0,0,0
17.553,0,0,0,0,0,0,0,0,0,0,0,0,0,0
17.808,0,0,0,0,0,0,0,0,0,0,0,0,0,0
13.339,0,0,0,0,0,0,0,0,0,0,0,0,0,0
12.597,0,0,0,0,0,0,0,0,0,0,0,0,0,0
16.748,0,0,0,0,0,0,0,0,0,0,0,0,0,0
13.128,0,0,0,0,0,0,0,0,0,0,0,0,0,0
15.525,0,0,0,0,0,0,0,0,0,0,0,0,0,0
14.861,0,0,0,0,0,0,0,0,0,0,0,0,0,0
15.027,0,0,0,0,0,0,0,0,0,0,0,0,0,0
11.467,0,0,0,0,0,0,0,0,0,0,0,0,0,0
11.491,0,0,0,0,0,0,0,0,0,0,0,0,0,0
11.423,0,0,0,0,0,0,0,0,0,0,0,0,0,0
11.681,0,0,0,0,0,0,0,0,0,0,0,0,0,0
11.346,0,0,0,0,0,0,0,0,0,0,0,0,0,0
11.334,0,0,0,0,0,0,0,0,0,0,0,0,0,0
11.396,0,0,0,0,0,0,0,0,0,0,0,0,0,0
14.676,0,0,0,0,0,0,0,0,0,0,0,0,0,0
15.192,0,0,0,0,0,0,0,0,0,0,0,0,0,0
15.466,0,0,0,0,0,0,0,0,0,0,0,0,0,0
14.835,0,0,0,0,0,0,0,0,0,0,0,0,0,0
15.492,0,0,0,0,0,0,0,0,0,0,0,0,0,0
15.033,0,0,0,0,0,0,0,0,0,0,0,0,0,0
16.294,0,0,0,0,0,0,0,0,0,0,0,0,0,0
16.698,0,0,0,0,0,0,0,0,0,0,0,0,0,0
16.444,0,0,0,0,0,0,0,0,0,0,0,0,0,0
16.11,0,0,0,0,0,0,0,0,0,0,0,0,0,0
15.675,0,0,0,0,0,0,0,0,0,0,0,0,0,0
16.025,0,0,0,0,0,0,0,0,0,0,0,0,0,0
15.263,0,0,0,0,0,0,0,0,0,0,0,0,0,0
15.611,0,0,0,0,0,0,0,0,0,0,0,0,0,0
15.995,0,0,0,0,0,0,0,0,0,0,0,0,0,0
15.666,0,0,0,0,0,0,0,0,0,0,0,0,0,0
15.561,0,0,0,0,0,0,0,0,0,0,0,0,0,0
15.361,0,0,0,0,0,0,0,0,0,0,0,0,0,0
15.575,0,0,0,0,0,0,0,0,0,0,0,0,0,0
15.04,0,0,0,0,0,0,0,0,0,0,0,0,0,0
15.563,0,0,0,0,0,0,0,0,0,0,0,0,0,0
15.463,0,0,0,0,0,0,0,0,0,0,0,0,0,0
15.65,0,0,0,0,0,0,0,0,0,0,0,0,0,0
15.241,0,0,0,0,0,0,0,0,0,0,0,0,0,0
15.276,0,0,0,0,0,0,0,0,0,0,0,0,0,0
15.125,0,0,0,0,0,0,0,0,0,0,0,0,0,0
14.772,0,0,0,0,0,0,0,0,0,0,0,0,0,0
14.844,0,0,0,0,0,0,0,0,0,0,0,0,0,0
15.072,0,0,0,0,0,0,0,0,0,0,0,0,0,0
15.067,0,0,0,0,0,0,0,0,0,0,0,0,0,0
14.602,0,0,0,0,0,0,0,0,0,0,0,0,0,0
15.027,0,0,0,0,0,0,0,0,0,0,0,0,0,0
14.908,0,0,0,0,0,0,0,0,0,0,0,0,0,0
15.111,0,0,0,0,0,0,0,0,0,0,0,0,0,0
15.194,0,0,0,0,0,0,0,0,0,0,0,0,0,0
14.78,0,0,0,0,0,0,0,0,0,0,0,0,0,0
15.42,0,0,0,0,0,0,0,0,0,0,0,0,0,0
11.468,0,0,0,0,0,0,0,0,0,0,0,0,0,0
11.632,0,0,0,0,0,0,0,0,0,0,0,0,0,0
11.61,0,0,0,0,0,0,0,0,0,0,0,0,0,0
11.812,0,0,0,0,0,0,0,0,0,0,0,0,0,0
11.465,0,0,0,0,0,0,0,0,0,0,0,0,0,0
11.482,0,0,0,0,0,0,0,0,0,0,0,0,0,0
11.86,0,0,0,0,0,0,0,0,0,0,0,0,0,0
14.874,0,0,0,0,0,0,0,0,0,0,0,0,0,0
14.948,0,0,0,0,0,0,0,0,0,0,0,0,0,0
14.819,0,0,0,0,0,0,0,0,0,0,0,0,0,0
11.501,0,0,0,0,0,0,0,0,0,0,0,0,0,0
14.486,0,0,0,0,0,0,0,0,0,0,0,0,0,0
11.526,0,0,0,0,0,0,0,0,0,0,0,0,0,0
14.631,0,0,0,0,0,0,0,0,0,0,0,0,0,0
14.786,0,0,0,0,0,0,0,0,0,0,0,0,0,0
11.399,0,0,0,0,0,0,0,0,0,0,0,0,0,0
15.698,0,0,0,0,0,0,0,0,0,0,0,0,0,0
16.916,0,0,0,0,0,0,0,0,0,0,0,0,0,0
16.311,0,0,0,0,0,0,0,0,0,0,0,0,0,0
15.218,0,0,0,0,0,0,0,0,0,0,0,0,0,0
14.889,0,0,0,0,0,0,0,0,0,0,0,0,0,0
15.028,0,0,0,0,0,0,0,0,0,0,0,0,0,0
14.799,0,0,0,0,0,0,0,0,0,0,0,0,0,0
14.71,0,0,0,0,0,0,0,0,0,0,0,0,0,0
11.312,0,0,0,0,0,0,0,0,0,0,0,0,0,0
14.855,0,0,0,0,0,0,0,0,0,0,0,0,0,0
15.414,0,0,0,0,0,0,0,0,0,0,0,0,0,0
15.425,0,0,0,0,0,0,0,0,0,0,0,0,0,0
15.575,0,0,0,0,0,0,0,0,0,0,0,0,0,0
15.422,0,0,0,0,0,0,0,0,0,0,0,0,0,0
14.855,0,0,0,0,0,0,0,0,0,0,0,0,0,0
15.117,0,0,0,0,0,0,0,0,0,0,0,0,0,0
14.671,0,0,0,0,0,0,0,0,0,0,0,0,0,0
14.623,0,0,0,0,0,0,0,0,0,0,0,0,0,0
14.759,0,0,0,0,0,0,0,0,0,0,0,0,0,0
14.882,0,0,0,0,0,0,0,0,0,0,0,0,0,0
14.79,0,0,0,0,0,0,0,0,0,0,0,0,0,0
15.277,0,0,0,0,0,0,0,0,0,0,0,0,0,0
14.953,0,0,0,0,0,0,0,0,0,0,0,0,0,0
14.949,0,0,0,0,0,0,0,0,0,0,0,0,0,0
14.872,0,0,0,0,0,0,0,0,0,0,0,0,0,0
15.205,0,0,0,0,0,0,0,0,0,0,0,0,0,0
15.017,0,0,0,0,0,0,0,0,0,0,0,0,0,0
11.597,0,0,0,0,0,0,0,0,0,0,0,0,0,0
14.904,0,0,0,0,0,0,0,0,0,0,0,0,0,0
15.015,0,0,0,0,0,0,0,0,0,0,0,0,0,0
14.936,0,0,0,0,0,0,0,0,0,0,0,0,0,0
11.654,0,0,0,0,0,0,0,0,0,0,0,0,0,0
15.295,0,0,0,0,0,0,0,0,0,0,0,0,0,0
12.314,0,0,0,0,0,0,0,0,0,0,0,0,0,0
15.366,0,0,0,0,0,0,0,0,0,0,0,0,0,0
11.905,0,0,0,0,0,0,0,0,0,0,0,0,0,0
11.77,0,0,0,0,0,0,0,0,0,0,0,0,0,0
15.218,0,0,0,0,0,0,0,0,0,0,0,0,0,0
15.101,0,0,0,0,0,0,0,0,0,0,0,0,0,0
11.457,0,0,0,0,0,0,0,0,0,0,0,0,0,0
14.804,0,0,0,0,0,0,0,0,0,0,0,0,0,0
14.705,0,0,0,0,0,0,0,0,0,0,0,0,0,0
14.711,0,0,0,0,0,0,0,0,0,0,0,0,0,0
14.991,0,0,0,0,0,0,0,0,0,0,0,0,0,0
15.484,0,0,0,0,0,0,0,0,0,0,0,0,0,0
11.384,0,0,0,0,0,0,0,0,0,0,0,0,0,0
14.705,0,0,0,0,0,0,0,0,0,0,0,0,0,0
15.53,0,0,0,0,0,0,0,0,0,0,0,0,0,0
11.847,0,0,0,0,0,0,0,0,0,0,0,0,0,0
11.826,0,0,0,0,0,0,0,0,0,0,0,0,0,0
11.659,0,0,0,0,0,0,0,0,0,0,0,0,0,0
15.093,0,0,0,0,0,0,0,0,0,0,0,0,0,0
15.383,0,0,0,0,0,0,0,0,0,0,0,0,0,0
15.353,0,0,0,0,0,0,0,0,0,0,0,0,0,0
11.777,0,0,0,0,0,0,0,0,0,0,0,0,0,0
14.772,0,0,0,0,0,0,0,0,0,0,0,0,0,0
15.408,0,0,0,0,0,0,0,0,0,0,0,0,0,0
15.356,0,0,0,0,0,0,0,0,0,0,0,0,0,0
16.287,0,0,0,0,0,0,0,0,0,0,0,0,0,0
16.969,0,0,0,0,0,0,0,0,0,0,0,0,0,0
17.062,0,0,0,0,0,0,0,0,0,0,0,0,0,0
17.987,0,0,0,0,0,0,0,0,0,0,0,0,0,0
18.663,0,0,0,0,0,0,0,0,0,0,0,0,0,0
19.483,0,0,0,0,0,0,0,0,0,0,0,0,0,0
19.005,0,0,0,0,0,0,0,0,0,0,0,0,0,0
17.769,0,0,0,0,0,0,0,0,0,0,0,0,0,0
13.59,0,0,0,0,0,0,0,0,0,0,0,0,0,0
16.724,0,0,0,0,0,0,0,0,0,0,0,0,0,0
17.45,0,0,0,0,0,0,0,0,0,0,0,0,0,0
16.562,0,0,0,0,0,0,0,0,0,0,0,0,0,0
NaN,0,0,0,0,0,0,0,0,0,0,0,0,0,0
NaN,0,0,0,0,0,0,0,0,0,0,0,0,0,0
NaN,0,0,0,0,0,0,0,0,0,0,0,0,0,0
NaN,0,0,0,0,0,0,0,0,0,0,0,0,0,0
1.0206,0,0,0,0,0,0,0,0,0,0,0,0,0,0
41.738,0,0,0,0,0,0,0,0,0,0,0,0,0,0
14.261,0,0,0,0,0,0,0,0,0,0,0,0,0,0
17.007,0,0,0,0,0,0,0,0,0,0,0,0,0,0
14.751,0,0,0,0,0,0,0,0,0,0,0,0,0,0
14.729,0,0,0,0,0,0,0,0,0,0,0,0,0,0
14.799,0,0,0,0,0,0,0,0,0,0,0,0,0,0
15.344,0,0,0,0,0,0,0,0,0,0,0,0,0,0
14.488,0,0,0,0,0,0,0,0,0,0,0,0,0,0
16.203,0,0,0,0,0,0,0,0,0,0,0,0,0,0
17.115,0,0,0,0,0,0,0,0,0,0,0,0,0,0
15.812,0,0,0,0,0,0,0,0,0,0,0,0,0,0
15.198,0,0,0,0,0,0,0,0,0,0,0,0,0,0
15.681,0,0,0,0,0,0,0,0,0,0,0,0,0,0
12.236,0,0,0,0,0,0,0,0,0,0,0,0,0,0
15.495,0,0,0,0,0,0,0,0,0,0,0,0,0,0
15.707,0,0,0,0,0,0,0,0,0,0,0,0,0,0
11.717,0,0,0,0,0,0,0,0,0,0,0,0,0,0
15.136,0,0,0,0,0,0,0,0,0,0,0,0,0,0
11.869,0,0,0,0,0,0,0,0,0,0,0,0,0,0
11.942,0,0,0,0,0,0,0,0,0,0,0,0,0,0
15.274,0,0,0,0,0,0,0,0,0,0,0,0,0,0
15.302,0,0,0,0,0,0,0,0,0,0,0,0,0,0
11.914,0,0,0,0,0,0,0,0,0,0,0,0,0,0
11.871,0,0,0,0,0,0,0,0,0,0,0,0,0,0
15.27,0,0,0,0,0,0,0,0,0,0,0,0,0,0
15.251,0,0,0,0,0,0,0,0,0,0,0,0,0,0
15.359,0,0,0,0,0,0,0,0,0,0,0,0,0,0
11.967,0,0,0,0,0,0,0,0,0,0,0,0,0,0
12.079,0,0,0,0,0,0,0,0,0,0,0,0,0,0
15.535,0,0,0,0,0,0,0,0,0,0,0,0,0,0
12.014,0,0,0,0,0,0,0,0,0,0,0,0,0,0
15.056,0,0,0,0,0,0,0,0,0,0,0,0,0,0
12.016,0,0,0,0,0,0,0,0,0,0,0,0,0,0
15.353,0,0,0,0,0,0,0,0,0,0,0,0,0,0
15.035,0,0,0,0,0,0,0,0,0,0,0,0,0,0
11.559,0,0,0,0,0,0,0,0,0,0,0,0,0,0
12.06,0,0,0,0,0,0,0,0,0,0,0,0,0,0
14.901,0,0,0,0,0,0,0,0,0,0,0,0,0,0
14.822,0,0,0,0,0,0,0,0,0,0,0,0,0,0
12.265,0,0,0,0,0,0,0,0,0,0,0,0,0,0
11.645,0,0,0,0,0,0,0,0,0,0,0,0,0,0
14.854,0,0,0,0,0,0,0,0,0,0,0,0,0,0
11.336,0,0,0,0,0,0,0,0,0,0,0,0,0,0
14.468,0,0,0,0,0,0,0,0,0,0,0,0,0,0
14.651,0,0,0,0,0,0,0,0,0,0,0,0,0,0
14.875,0,0,0,0,0,0,0,0,0,0,0,0,0,0
15.509,0,0,0,0,0,0,0,0,0,0,0,0,0,0
17.176,0,0,0,0,0,0,0,0,0,0,0,0,0,0
16.314,0,0,0,0,0,0,0,0,0,0,0,0,0,0
20.03,0,0,0,0,0,0,0,0,0,0,0,0,0,0
18.958,0,0,0,0,0,0,0,0,0,0,0,0,0,0
20.019,0,0,0,0,0,0,0,0,0,0,0,0,0,0
18.545,0,0,0,0,0,0,0,0,0,0,0,0,0,0
17.658,0,0,0,0,0,0,0,0,0,0,0,0,0,0
18.164,0,0,0,0,0,0,0,0,0,0,0,0,0,0
14.858,0,0,0,0,0,0,0,0,0,0,0,0,0,0
17.295,0,0,0,0,0,0,0,0,0,0,0,0,0,0
17.189,0,0,0,0,0,0,0,0,0,0,0,0,0,0
13.619,0,0,0,0,0,0,0,0,0,0,0,0,0,0
16.85,0,0,0,0,0,0,0,0,0,0,0,0,0,0
17.432,0,0,0,0,0,0,0,0,0,0,0,0,0,0
17.272,0,0,0,0,0,0,0,0,0,0,0,0,0,0
17.543,0,0,0,0,0,0,0,0,0,0,0,0,0,0
13.197,0,0,0,0,0,0,0,0,0,0,0,0,0,0
16.94,0,0,0,0,0,0,0,0,0,0,0,0,0,0
14.145,0,0,0,0,0,0,0,0,0,0,0,0,0,0
17.139,0,0,0,0,0,0,0,0,0,0,0,0,0,0
18.135,0,0,0,0,0,0,0,0,0,0,0,0,0,0
16.08,0,0,0,0,0,0,0,0,0,0,0,0,0,0
16.1,0,0,0,0,0,0,0,0,0,0,0,0,0,0
12.395,0,0,0,0,0,0,0,0,0,0,0,0,0,0
16.325,0,0,0,0,0,0,0,0,0,0,0,0,0,0
16.415,0,0,0,0,0,0,0,0,0,0,0,0,0,0
13.932,0,0,0,0,0,0,0,0,0,0,0,0,0,0
16.724,0,0,0,0,0,0,0,0,0,0,0,0,0,0
14.275,0,0,0,0,0,0,0,0,0,0,0,0,0,0
17.064,0,0,0,0,0,0,0,0,0,0,0,0,0,0
14.73,0,0,0,0,0,0,0,0,0,0,0,0,0,0
17.268,0,0,0,0,0,0,0,0,0,0,0,0,0,0
17.159,0,0,0,0,0,0,0,0,0,0,0,0,0,0
13.079,0,0,0,0,0,0,0,0,0,0,0,0,0,0
16.62,0,0,0,0,0,0,0,0,0,0,0,0,0,0
17.173,0,0,0,0,0,0,0,0,0,0,0,0,0,0
16.614,0,0,0,0,0,0,0,0,0,0,0,0,0,0
17.552,0,0,0,0,0,0,0,0,0,0,0,0,0,0
19.527,0,0,0,0,0,0,0,0,0,0,0,0,0,0
20.049,0,0,0,0,0,0,0,0,0,0,0,0,0,0
16.392,0,0,0,0,0,0,0,0,0,0,0,0,0,0
19.151,0,0,0,0,0,0,0,0,0,0,0,0,0,0
17.764,0,0,0,0,0,0,0,0,0,0,0,0,0,0
15.998,0,0,0,0,0,0,0,0,0,0,0,0,0,0
16.758,0,0,0,0,0,0,0,0,0,0,0,0,0,0
13.089,0,0,0,0,0,0,0,0,0,0,0,0,0,0
16.545,0,0,0,0,0,0,0,0,0,0,0,0,0,0
16.093,0,0,0,0,0,0,0,0,0,0,0,0,0,0
13.376,0,0,0,0,0,0,0,0,0,0,0,0,0,0
16.973,0,0,0,0,0,0,0,0,0,0,0,0,0,0
13.719,0,0,0,0,0,0,0,0,0,0,0,0,0,0
14.168,0,0,0,0,0,0,0,0,0,0,0,0,0,0
13.581,0,0,0,0,0,0,0,0,0,0,0,0,0,0
13.62,0,0,0,0,0,0,0,0,0,0,0,0,0,0
16.562,0,0,0,0,0,0,0,0,0,0,0,0,0,0
16.089,0,0,0,0,0,0,0,0,0,0,0,0,0,0
16.178,0,0,0,0,0,0,0,0,0,0,0,0,0,0
15.322,0,0,0,0,0,0,0,0,0,0,0,0,0,0
15.271,0,0,0,0,0,0,0,0,0,0,0,0,0,0
15.882,0,0,0,0,0,0,0,0,0,0,0,0,0,0
15.416,0,0,0,0,0,0,0,0,0,0,0,0,0,0
12.542,0,0,0,0,0,0,0,0,0,0,0,0,0,0
15.621,0,0,0,0,0,0,0,0,0,0,0,0,0,0
16.041,0,0,0,0,0,0,0,0,0,0,0,0,0,0
16.214,0,0,0,0,0,0,0,0,0,0,0,0,0,0
12.746,0,0,0,0,0,0,0,0,0,0,0,0,0,0
15.748,0,0,0,0,0,0,0,0,0,0,0,0,0,0
12.252,0,0,0,0,0,0,0,0,0,0,0,0,0,0
15.292,0,0,0,0,0,0,0,0,0,0,0,0,0,0
15.696,0,0,0,0,0,0,0,0,0,0,0,0,0,0
12.54,0,0,0,0,0,0,0,0,0,0,0,0,0,0
15.004,0,0,0,0,0,0,0,0,0,0,0,0,0,0
15.453,0,0,0,0,0,0,0,0,0,0,0,0,0,0
15.096,0,0,0,0,0,0,0,0,0,0,0,0,0,0
15.543,0,0,0,0,0,0,0,0,0,0,0,0,0,0
14.914,0,0,0,0,0,0,0,0,0,0,0,0,0,0
15.008,0,0,0,0,0,0,0,0,0,0,0,0,0,0
14.664,0,0,0,0,0,0,0,0,0,0,0,0,0,0
14.507,0,0,0,0,0,0,0,0,0,0,0,0,0,0
11.35,0,0,0,0,0,0,0,0,0,0,0,0,0,0
11.343,0,0,0,0,0,0,0,0,0,0,0,0,0,0
11.416,0,0,0,0,0,0,0,0,0,0,0,0,0,0
14.55,0,0,0,0,0,0,0,0,0,0,0,0,0,0
11.853,0,0,0,0,0,0,0,0,0,0,0,0,0,0
15.015,0,0,0,0,0,0,0,0,0,0,0,0,0,0
14.838,0,0,0,0,0,0,0,0,0,0,0,0,0,0
14.702,0,0,0,0,0,0,0,0,0,0,0,0,0,0
14.765,0,0,0,0,0,0,0,0,0,0,0,0,0,0
14.541,0,0,0,0,0,0,0,0,0,0,0,0,0,0
14.424,0,0,0,0,0,0,0,0,0,0,0,0,0,0
14.497,0,0,0,0,0,0,0,0,0,0,0,0,0,0
14.481,0,0,0,0,0,0,0,0,0,0,0,0,0,0
10.929,0,0,0,0,0,0,0,0,0,0,0,0,0,0
11.199,0,0,0,0,0,0,0,0,0,0,0,0,0,0
11.125,0,0,0,0,0,0,0,0,0,0,0,0,0,0
14.731,0,0,0,0,0,0,0,0,0,0,0,0,0,0
10.942,0,0,0,0,0,0,0,0,0,0,0,0,0,0
10.942,0,0,0,0,0,0,0,0,0,0,0,0,0,0
10.985,0,0,0,0,0,0,0,0,0,0,0,0,0,0
11.031,0,0,0,0,0,0,0,0,0,0,0,0,0,0
14.336,0,0,0,0,0,0,0,0,0,0,0,0,0,0
11.225,0,0,0,0,0,0,0,0,0,0,0,0,0,0
11.116,0,0,0,0,0,0,0,0,0,0,0,0,0,0
14.437,0,0,0,0,0,0,0,0,0,0,0,0,0,0
10.935,0,0,0,0,0,0,0,0,0,0,0,0,0,0
15.252,0,0,0,0,0,0,0,0,0,0,0,0,0,0
11.141,0,0,0,0,0,0,0,0,0,0,0,0,0,0
14.511,0,0,0,0,0,0,0,0,0,0,0,0,0,0
12.385,0,0,0,0,0,0,0,0,0,0,0,0,0,0
15.071,0,0,0,0,0,0,0,0,0,0,0,0,0,0
14.394,0,0,0,0,0,0,0,0,0,0,0,0,0,0
16.719,0,0,0,0,0,0,0,0,0,0,0,0,0,0
17.931,0,0,0,0,0,0,0,0,0,0,0,0,0,0
17.64,0,0,0,0,0,0,0,0,0,0,0,0,0,0
19.487,0,0,0,0,0,0,0,0,0,0,0,0,0,0
17.546,0,0,0,0,0,0,0,0,0,0,0,0,0,0
17.624,0,0,0,0,0,0,0,0,0,0,0,0,0,0
17.783,0,0,0,0,0,0,0,0,0,0,0,0,0,0
17.537,0,0,0,0,0,0,0,0,0,0,0,0,0,0
17.337,0,0,0,0,0,0,0,0,0,0,0,0,0,0
17.136,0,0,0,0,0,0,0,0,0,0,0,0,0,0
17.336,0,0,0,0,0,0,0,0,0,0,0,0,0,0
17.674,0,0,0,0,0,0,0,0,0,0,0,0,0,0
16.457,0,0,0,0,0,0,0,0,0,0,0,0,0,0
16.873,0,0,0,0,0,0,0,0,0,0,0,0,0,0
17.427,0,0,0,0,0,0,0,0,0,0,0,0,0,0
16.588,0,0,0,0,0,0,0,0,0,0,0,0,0,0
16.554,0,0,0,0,0,0,0,0,0,0,0,0,0,0
16.701,0,0,0,0,0,0,0,0,0,0,0,0,0,0
16.21,0,0,0,0,0,0,0,0,0,0,0,0,0,0
16.145,0,0,0,0,0,0,0,0,0,0,0,0,0,0
16.279,0,0,0,0,0,0,0,0,0,0,0,0,0,0
16.105,0,0,0,0,0,0,0,0,0,0,0,0,0,0
15.287,0,0,0,0,0,0,0,0,0,0,0,0,0,0
15.334,0,0,0,0,0,0,0,0,0,0,0,0,0,0
15.529,0,0,0,0,0,0,0,0,0,0,0,0,0,0
14.891,0,0,0,0,0,0,0,0,0,0,0,0,0,0
14.692,0,0,0,0,0,0,0,0,0,0,0,0,0,0
14.566,0,0,0,0,0,0,0,0,0,0,0,0,0,0
15.964,0,0,0,0,0,0,0,0,0,0,0,0,0,0
14.626,0,0,0,0,0,0,0,0,0,0,0,0,0,0
14.495,0,0,0,0,0,0,0,0,0,0,0,0,0,0
14.472,0,0,0,0,0,0,0,0,0,0,0,0,0,0
14.761,0,0,0,0,0,0,0,0,0,0,0,0,0,0
14.33,0,0,0,0,0,0,0,0,0,0,0,0,0,0
14.677,0,0,0,0,0,0,0,0,0,0,0,0,0,0
11.28,0,0,0,0,0,0,0,0,0,0,0,0,0,0
14.401,0,0,0,0,0,0,0,0,0,0,0,0,0,0
10.996,0,0,0,0,0,0,0,0,0,0,0,0,0,0
14.495,0,0,0,0,0,0,0,0,0,0,0,0,0,0
11.014,0,0,0,0,0,0,0,0,0,0,0,0,0,0
14.266,0,0,0,0,0,0,0,0,0,0,0,0,0,0
11.051,0,0,0,0,0,0,0,0,0,0,0,0,0,0
14.496,0,0,0,0,0,0,0,0,0,0,0,0,0,0
14.638,0,0,0,0,0,0,0,0,0,0,0,0,0,0
11.01,0,0,0,0,0,0,0,0,0,0,0,0,0,0
14.344,0,0,0,0,0,0,0,0,0,0,0,0,0,0
14.541,0,0,0,0,0,0,0,0,0,0,0,0,0,0
14.671,0,0,0,0,0,0,0,0,0,0,0,0,0,0
11.048,0,0,0,0,0,0,0,0,0,0,0,0,0,0
14.448,0,0,0,0,0,0,0,0,0,0,0,0,0,0
10.941,0,0,0,0,0,0,0,0,0,0,0,0,0,0
14.272,0,0,0,0,0,0,0,0,0,0,0,0,0,0
14.202,0,0,0,0,0,0,0,0,0,0,0,0,0,0
10.957,0,0,0,0,0,0,0,0,0,0,0,0,0,0
14.263,0,0,0,0,0,0,0,0,0,0,0,0,0,0
14.289,0,0,0,0,0,0,0,0,0,0,0,0,0,0
14.158,0,0,0,0,0,0,0,0,0,0,0,0,0,0
14.218,0,0,0,0,0,0,0,0,0,0,0,0,0,0
14.567,0,0,0,0,0,0,0,0,0,0,0,0,0,0
14.152,0,0,0,0,0,0,0,0,0,0,0,0,0,0
14.078,0,0,0,0,0,0,0,0,0,0,0,0,0,0
14.105,0,0,0,0,0,0,0,0,0,0,0,0,0,0
11.525,0,0,0,0,0,0,0,0,0,0,0,0,0,0
14.856,0,0,0,0,0,0,0,0,0,0,0,0,0,0
15.241,0,0,0,0,0,0,0,0,0,0,0,0,0,0
14.826,0,0,0,0,0,0,0,0,0,0,0,0,0,0
15.485,0,0,0,0,0,0,0,0,0,0,0,0,0,0
15.665,0,0,0,0,0,0,0,0,0,0,0,0,0,0
15.96,0,0,0,0,0,0,0,0,0,0,0,0,0,0
16.45,0,0,0,0,0,0,0,0,0,0,0,0,0,0
16.421,0,0,0,0,0,0,0,0,0,0,0,0,0,0
15.981,0,0,0,0,0,0,0,0,0,0,0,0,0,0
16.091,0,0,0,0,0,0,0,0,0,0,0,0,0,0
15.879,0,0,0,0,0,0,0,0,0,0,0,0,0,0
12.367,0,0,0,0,0,0,0,0,0,0,0,0,0,0
15.989,0,0,0,0,0,0,0,0,0,0,0,0,0,0
15.549,0,0,0,0,0,0,0,0,0,0,0,0,0,0
16.05,0,0,0,0,0,0,0,0,0,0,0,0,0,0
15.679,0,0,0,0,0,0,0,0,0,0,0,0,0,0
15.697,0,0,0,0,0,0,0,0,0,0,0,0,0,0
16.044,0,0,0,0,0,0,0,0,0,0,0,0,0,0
15.362,0,0,0,0,0,0,0,0,0,0,0,0,0,0
15.356,0,0,0,0,0,0,0,0,0,0,0,0,0,0
15.913,0,0,0,0,0,0,0,0,0,0,0,0,0,0
15.095,0,0,0,0,0,0,0,0,0,0,0,0,0,0
15.434,0,0,0,0,0,0,0,0,0,0,0,0,0,0
15.378,0,0,0,0,0,0,0,0,0,0,0,0,0,0
15.857,0,0,0,0,0,0,0,0,0,0,0,0,0,0
15.712,0,0,0,0,0,0,0,0,0,0,0,0,0,0
15.224,0,0,0,0,0,0,0,0,0,0,0,0,0,0
15.483,0,0,0,0,0,0,0,0,0,0,0,0,0,0
15.041,0,0,0,0,0,0,0,0,0,0,0,0,0,0
14.832,0,0,0,0,0,0,0,0,0,0,0,0,0,0
14.998,0,0,0,0,0,0,0,0,0,0,0,0,0,0
15.58,0,0,0,0,0,0,0,0,0,0,0,0,0,0
15.101,0,0,0,0,0,0,0,0,0,0,0,0,0,0
14.877,0,0,0,0,0,0,0,0,0,0,0,0,0,0
15.204,0,0,0,0,0,0,0,0,0,0,0,0,0,0
15.168,0,0,0,0,0,0,0,0,0,0,0,0,0,0
14.662,0,0,0,0,0,0,0,0,0,0,0,0,0,0
14.467,0,0,0,0,0,0,0,0,0,0,0,0,0,0
14.183,0,0,0,0,0,0,0,0,0,0,0,0,0,0
14.294,0,0,0,0,0,0,0,0,0,0,0,0,0,0
14.339,0,0,0,0,0,0,0,0,0,0,0,0,0,0
10.853,0,0,0,0,0,0,0,0,0,0,0,0,0,0
10.872,0,0,0,0,0,0,0,0,0,0,0,0,0,0
10.9,0,0,0,0,0,0,0,0,0,0,0,0,0,0
11.08,0,0,0,0,0,0,0,0,0,0,0,0,0,0
11.034,0,0,0,0,0,0,0,0,0,0,0,0,0,0
14.271,0,0,0,0,0,0,0,0,0,0,0,0,0,0
14.258,0,0,0,0,0,0,0,0,0,0,0,0,0,0
10.918,0,0,0,0,0,0,0,0,0,0,0,0,0,0
14.257,0,0,0,0,0,0,0,0,0,0,0,0,0,0
10.949,0,0,0,0,0,0,0,0,0,0,0,0,0,0
10.975,0,0,0,0,0,0,0,0,0,0,0,0,0,0
10.933,0,0,0,0,0,0,0,0,0,0,0,0,0,0
10.934,0,0,0,0,0,0,0,0,0,0,0,0,0,0
10.894,0,0,0,0,0,0,0,0,0,0,0,0,0,0
10.941,0,0,0,0,0,0,0,0,0,0,0,0,0,0
10.941,0,0,0,0,0,0,0,0,0,0,0,0,0,0
11.081,0,0,0,0,0,0,0,0,0,0,0,0,0,0
11.008,0,0,0,0,0,0,0,0,0,0,0,0,0,0
10.991,0,0,0,0,0,0,0,0,0,0,0,0,0,0
11.068,0,0,0,0,0,0,0,0,0,0,0,0,0,0
14.375,0,0,0,0,0,0,0,0,0,0,0,0,0,0
14.421,0,0,0,0,0,0,0,0,0,0,0,0,0,0
14.439,0,0,0,0,0,0,0,0,0,0,0,0,0,0
14.552,0,0,0,0,0,0,0,0,0,0,0,0,0,0
15.211,0,0,0,0,0,0,0,0,0,0,0,0,0,0
14.912,0,0,0,0,0,0,0,0,0,0,0,0,0,0
14.462,0,0,0,0,0,0,0,0,0,0,0,0,0,0
14.449,0,0,0,0,0,0,0,0,0,0,0,0,0,0
14.331,0,0,0,0,0,0,0,0,0,0,0,0,0,0
14.923,0,0,0,0,0,0,0,0,0,0,0,0,0,0
15.073,0,0,0,0,0,0,0,0,0,0,0,0,0,0
15.206,0,0,0,0,0,0,0,0,0,0,0,0,0,0
14.943,0,0,0,0,0,0,0,0,0,0,0,0,0,0
11.742,0,0,0,0,0,0,0,0,0,0,0,0,0,0
15.027,0,0,0,0,0,0,0,0,0,0,0,0,0,0
14.99,0,0,0,0,0,0,0,0,0,0,0,0,0,0
14.558,0,0,0,0,0,0,0,0,0,0,0,0,0,0
14.87,0,0,0,0,0,0,0,0,0,0,0,0,0,0
15.125,0,0,0,0,0,0,0,0,0,0,0,0,0,0
14.821,0,0,0,0,0,0,0,0,0,0,0,0,0,0
14.842,0,0,0,0,0,0,0,0,0,0,0,0,0,0
15.114,0,0,0,0,0,0,0,0,0,0,0,0,0,0
14.642,0,0,0,0,0,0,0,0,0,0,0,0,0,0
11.58,0,0,0,0,0,0,0,0,0,0,0,0,0,0
15.084,0,0,0,0,0,0,0,0,0,0,0,0,0,0
15.044,0,0,0,0,0,0,0,0,0,0,0,0,0,0
15.325,0,0,0,0,0,0,0,0,0,0,0,0,0,0
15.223,0,0,0,0,0,0,0,0,0,0,0,0,0,0
14.907,0,0,0,0,0,0,0,0,0,0,0,0,0,0
14.833,0,0,0,0,0,0,0,0,0,0,0,0,0,0
14.823,0,0,0,0,0,0,0,0,0,0,0,0,0,0
14.785,0,0,0,0,0,0,0,0,0,0,0,0,0,0
14.816,0,0,0,0,0,0,0,0,0,0,0,0,0,0
14.659,0,0,0,0,0,0,0,0,0,0,0,0,0,0
14.635,0,0,0,0,0,0,0,0,0,0,0,0,0,0
14.531,0,0,0,0,0,0,0,0,0,0,0,0,0,0
14.565,0,0,0,0,0,0,0,0,0,0,0,0,0,0
14.529,0,0,0,0,0,0,0,0,0,0,0,0,0,0
14.868,0,0,0,0,0,0,0,0,0,0,0,0,0,0
14.561,0,0,0,0,0,0,0,0,0,0,0,0,0,0
14.908,0,0,0,0,0,0,0,0,0,0,0,0,0,0
14.777,0,0,0,0,0,0,0,0,0,0,0,0,0,0
14.752,0,0,0,0,0,0,0,0,0,0,0,0,0,0
14.542,0,0,0,0,0,0,0,0,0,0,0,0,0,0
14.868,0,0,0,0,0,0,0,0,0,0,0,0,0,0
14.771,0,0,0,0,0,0,0,0,0,0,0,0,0,0
11.817,0,0,0,0,0,0,0,0,0,0,0,0,0,0
14.791,0,0,0,0,0,0,0,0,0,0,0,0,0,0
14.673,0,0,0,0,0,0,0,0,0,0,0,0,0,0
11.588,0,0,0,0,0,0,0,0,0,0,0,0,0,0
11.25,0,0,0,0,0,0,0,0,0,0,0,0,0,0
14.915,0,0,0,0,0,0,0,0,0,0,0,0,0,0
15.564,0,0,0,0,0,0,0,0,0,0,0,0,0,0
12.709,0,0,0,0,0,0,0,0,0,0,0,0,0,0
16.164,0,0,0,0,0,0,0,0,0,0,0,0,0,0
16.65,0,0,0,0,0,0,0,0,0,0,0,0,0,0
16.315,0,0,0,0,0,0,0,0,0,0,0,0,0,0
16.491,0,0,0,0,0,0,0,0,0,0,0,0,0,0
16.695,0,0,0,0,0,0,0,0,0,0,0,0,0,0
16.129,0,0,0,0,0,0,0,0,0,0,0,0,0,0
16.428,0,0,0,0,0,0,0,0,0,0,0,0,0,0
12.174,0,0,0,0,0,0,0,0,0,0,0,0,0,0
12.48,0,0,0,0,0,0,0,0,0,0,0,0,0,0
12.662,0,0,0,0,0,0,0,0,0,0,0,0,0,0
12.421,0,0,0,0,0,0,0,0,0,0,0,0,0,0
12.647,0,0,0,0,0,0,0,0,0,0,0,0,0,0
12.086,0,0,0,0,0,0,0,0,0,0,0,0,0,0
15.336,0,0,0,0,0,0,0,0,0,0,0,0,0,0
15.53,0,0,0,0,0,0,0,0,0,0,0,0,0,0
15.107,0,0,0,0,0,0,0,0,0,0,0,0,0,0
14.295,0,0,0,0,0,0,0,0,0,0,0,0,0,0
14.537,0,0,0,0,0,0,0,0,0,0,0,0,0,0
11.18,0,0,0,0,0,0,0,0,0,0,0,0,0,0
10.988,0,0,0,0,0,0,0,0,0,0,0,0,0,0
11.019,0,0,0,0,0,0,0,0,0,0,0,0,0,0
11.088,0,0,0,0,0,0,0,0,0,0,0,0,0,0
10.941,0,0,0,0,0,0,0,0,0,0,0,0,0,0
14.596,0,0,0,0,0,0,0,0,0,0,0,0,0,0
14.377,0,0,0,0,0,0,0,0,0,0,0,0,0,0
14.27,0,0,0,0,0,0,0,0,0,0,0,0,0,0
10.956,0,0,0,0,0,0,0,0,0,0,0,0,0,0
14.351,0,0,0,0,0,0,0,0,0,0,0,0,0,0
14.777,0,0,0,0,0,0,0,0,0,0,0,0,0,0
10.985,0,0,0,0,0,0,0,0,0,0,0,0,0,0
11.592,0,0,0,0,0,0,0,0,0,0,0,0,0,0
14.911,0,0,0,0,0,0,0,0,0,0,0,0,0,0
14.815,0,0,0,0,0,0,0,0,0,0,0,0,0,0
14.665,0,0,0,0,0,0,0,0,0,0,0,0,0,0
14.599,0,0,0,0,0,0,0,0,0,0,0,0,0,0
11.153,0,0,0,0,0,0,0,0,0,0,0,0,0,0
10.955,0,0,0,0,0,0,0,0,0,0,0,0,0,0
10.883,0,0,0,0,0,0,0,0,0,0,0,0,0,0
10.926,0,0,0,0,0,0,0,0,0,0,0,0,0,0
14.236,0,0,0,0,0,0,0,0,0,0,0,0,0,0
14.517,0,0,0,0,0,0,0,0,0,0,0,0,0,0
14.583,0,0,0,0,0,0,0,0,0,0,0,0,0,0
14.865,0,0,0,0,0,0,0,0,0,0,0,0,0,0
14.935,0,0,0,0,0,0,0,0,0,0,0,0,0,0
12.721,0,0,0,0,0,0,0,0,0,0,0,0,0,0
12.506,0,0,0,0,0,0,0,0,0,0,0,0,0,0
12.323,0,0,0,0,0,0,0,0,0,0,0,0,0,0
12.079,0,0,0,0,0,0,0,0,0,0,0,0,0,0
12.076,0,0,0,0,0,0,0,0,0,0,0,0,0,0
11.971,0,0,0,0,0,0,0,0,0,0,0,0,0,0
12.093,0,0,0,0,0,0,0,0,0,0,0,0,0,0
11.952,0,0,0,0,0,0,0,0,0,0,0,0,0,0
11.937,0,0,0,0,0,0,0,0,0,0,0,0,0,0
12.195,0,0,0,0,0,0,0,0,0,0,0,0,0,0
12.075,0,0,0,0,0,0,0,0,0,0,0,0,0,0
15.694,0,0,0,0,0,0,0,0,0,0,0,0,0,0
15.025,0,0,0,0,0,0,0,0,0,0,0,0,0,0
15.045,0,0,0,0,0,0,0,0,0,0,0,0,0,0
11.7,0,0,0,0,0,0,0,0,0,0,0,0,0,0
11.952,0,0,0,0,0,0,0,0,0,0,0,0,0,0
11.928,0,0,0,0,0,0,0,0,0,0,0,0,0,0
11.635,0,0,0,0,0,0,0,0,0,0,0,0,0,0
15.304,0,0,0,0,0,0,0,0,0,0,0,0,0,0
15.153,0,0,0,0,0,0,0,0,0,0,0,0,0,0
15.895,0,0,0,0,0,0,0,0,0,0,0,0,0,0
11.874,0,0,0,0,0,0,0,0,0,0,0,0,0,0
11.747,0,0,0,0,0,0,0,0,0,0,0,0,0,0
15.547,0,0,0,0,0,0,0,0,0,0,0,0,0,0
15.103,0,0,0,0,0,0,0,0,0,0,0,0,0,0
14.624,0,0,0,0,0,0,0,0,0,0,0,0,0,0
15.215,0,0,0,0,0,0,0,0,0,0,0,0,0,0
14.606,0,0,0,0,0,0,0,0,0,0,0,0,0,0
14.48,0,0,0,0,0,0,0,0,0,0,0,0,0,0
14.571,0,0,0,0,0,0,0,0,0,0,0,0,0,0
11.105,0,0,0,0,0,0,0,0,0,0,0,0,0,0
10.861,0,0,0,0,0,0,0,0,0,0,0,0,0,0
14.474,0,0,0,0,0,0,0,0,0,0,0,0,0,0
11,0,0,0,0,0,0,0,0,0,0,0,0,0,0
14.522,0,0,0,0,0,0,0,0,0,0,0,0,0,0
14.655,0,0,0,0,0,0,0,0,0,0,0,0,0,0
10.967,0,0,0,0,0,0,0,0,0,0,0,0,0,0
14.281,0,0,0,0,0,0,0,0,0,0,0,0,0,0
14.656,0,0,0,0,0,0,0,0,0,0,0,0,0,0
14.488,0,0,0,0,0,0,0,0,0,0,0,0,0,0
14.531,0,0,0,0,0,0,0,0,0,0,0,0,0,0
11.08,0,0,0,0,0,0,0,0,0,0,0,0,0,0
14.289,0,0,0,0,0,0,0,0,0,0,0,0,0,0
14.622,0,0,0,0,0,0,0,0,0,0,0,0,0,0
14.432,0,0,0,0,0,0,0,0,0,0,0,0,0,0
11.216,0,0,0,0,0,0,0,0,0,0,0,0,0,0
11.28,0,0,0,0,0,0,0,0,0,0,0,0,0,0
11.262,0,0,0,0,0,0,0,0,0,0,0,0,0,0
11.242,0,0,0,0,0,0,0,0,0,0,0,0,0,0
11.354,0,0,0,0,0,0,0,0,0,0,0,0,0,0
14.333,0,0,0,0,0,0,0,0,0,0,0,0,0,0
14.451,0,0,0,0,0,0,0,0,0,0,0,0,0,0
14.405,0,0,0,0,0,0,0,0,0,0,0,0,0,0
14.44,0,0,0,0,0,0,0,0,0,0,0,0,0,0
14.642,0,0,0,0,0,0,0,0,0,0,0,0,0,0
14.403,0,0,0,0,0,0,0,0,0,0,0,0,0,0
10.96,0,0,0,0,0,0,0,0,0,0,0,0,0,0
11.023,0,0,0,0,0,0,0,0,0,0,0,0,0,0
14.324,0,0,0,0,0,0,0,0,0,0,0,0,0,0
10.739,0,0,0,0,0,0,0,0,0,0,0,0,0,0
10.681,0,0,0,0,0,0,0,0,0,0,0,0,0,0
10.634,0,0,0,0,0,0,0,0,0,0,0,0,0,0
10.625,0,0,0,0,0,0,0,0,0,0,0,0,0,0
14.46,0,0,0,0,0,0,0,0,0,0,0,0,0,0
14.414,0,0,0,0,0,0,0,0,0,0,0,0,0,0
14.196,0,0,0,0,0,0,0,0,0,0,0,0,0,0
10.908,0,0,0,0,0,0,0,0,0,0,0,0,0,0
14.192,0,0,0,0,0,0,0,0,0,0,0,0,0,0
14.315,0,0,0,0,0,0,0,0,0,0,0,0,0,0
14.413,0,0,0,0,0,0,0,0,0,0,0,0,0,0
10.79,0,0,0,0,0,0,0,0,0,0,0,0,0,0
10.673,0,0,0,0,0,0,0,0,0,0,0,0,0,0
10.71,0,0,0,0,0,0,0,0,0,0,0,0,0,0
10.705,0,0,0,0,0,0,0,0,0,0,0,0,0,0
10.706,0,0,0,0,0,0,0,0,0,0,0,0,0,0
14.158,0,0,0,0,0,0,0,0,0,0,0,0,0,0
14.195,0,0,0,0,0,0,0,0,0,0,0,0,0,0
14.223,0,0,0,0,0,0,0,0,0,0,0,0,0,0
14.177,0,0,0,0,0,0,0,0,0,0,0,0,0,0
10.996,0,0,0,0,0,0,0,0,0,0,0,0,0,0
10.903,0,0,0,0,0,0,0,0,0,0,0,0,0,0
10.722,0,0,0,0,0,0,0,0,0,0,0,0,0,0
10.637,0,0,0,0,0,0,0,0,0,0,0,0,0,0
14.348,0,0,0,0,0,0,0,0,0,0,0,0,0,0
14.056,0,0,0,0,0,0,0,0,0,0,0,0,0,0
14.202,0,0,0,0,0,0,0,0,0,0,0,0,0,0
14.357,0,0,0,0,0,0,0,0,0,0,0,0,0,0
13.972,0,0,0,0,0,0,0,0,0,0,0,0,0,0
14.127,0,0,0,0,0,0,0,0,0,0,0,0,0,0
14.655,0,0,0,0,0,0,0,0,0,0,0,0,0,0
10.948,0,0,0,0,0,0,0,0,0,0,0,0,0,0
10.816,0,0,0,0,0,0,0,0,0,0,0,0,0,0
10.661,0,0,0,0,0,0,0,0,0,0,0,0,0,0
14.3,0,0,0,0,0,0,0,0,0,0,0,0,0,0
14.514,0,0,0,0,0,0,0,0,0,0,0,0,0,0
14.571,0,0,0,0,0,0,0,0,0,0,0,0,0,0
14.191,0,0,0,0,0,0,0,0,0,0,0,0,0,0
14.331,0,0,0,0,0,0,0,0,0,0,0,0,0,0
14.335,0,0,0,0,0,0,0,0,0,0,0,0,0,0
11.408,0,0,0,0,0,0,0,0,0,0,0,0,0,0
11.446,0,0,0,0,0,0,0,0,0,0,0,0,0,0
11.728,0,0,0,0,0,0,0,0,0,0,0,0,0,0
11.487,0,0,0,0,0,0,0,0,0,0,0,0,0,0
11.192,0,0,0,0,0,0,0,0,0,0,0,0,0,0
10.943,0,0,0,0,0,0,0,0,0,0,0,0,0,0
11.366,0,0,0,0,0,0,0,0,0,0,0,0,0,0
11.343,0,0,0,0,0,0,0,0,0,0,0,0,0,0
11.259,0,0,0,0,0,0,0,0,0,0,0,0,0,0
11.109,0,0,0,0,0,0,0,0,0,0,0,0,0,0
14.801,0,0,0,0,0,0,0,0,0,0,0,0,0,0
14.557,0,0,0,0,0,0,0,0,0,0,0,0,0,0
14.519,0,0,0,0,0,0,0,0,0,0,0,0,0,0
14.865,0,0,0,0,0,0,0,0,0,0,0,0,0,0
14.577,0,0,0,0,0,0,0,0,0,0,0,0,0,0
14.407,0,0,0,0,0,0,0,0,0,0,0,0,0,0
15.035,0,0,0,0,0,0,0,0,0,0,0,0,0,0
14.457,0,0,0,0,0,0,0,0,0,0,0,0,0,0
14.564,0,0,0,0,0,0,0,0,0,0,0,0,0,0
14.475,0,0,0,0,0,0,0,0,0,0,0,0,0,0
10.925,0,0,0,0,0,0,0,0,0,0,0,0,0,0
14.433,0,0,0,0,0,0,0,0,0,0,0,0,0,0
11.02,0,0,0,0,0,0,0,0,0,0,0,0,0,0
14.319,0,0,0,0,0,0,0,0,0,0,0,0,0,0
14.49,0,0,0,0,0,0,0,0,0,0,0,0,0,0
14.294,0,0,0,0,0,0,0,0,0,0,0,0,0,0
10.912,0,0,0,0,0,0,0,0,0,0,0,0,0,0
10.833,0,0,0,0,0,0,0,0,0,0,0,0,0,0
10.67,0,0,0,0,0,0,0,0,0,0,0,0,0,0
10.839,0,0,0,0,0,0,0,0,0,0,0,0,0,0
10.645,0,0,0,0,0,0,0,0,0,0,0,0,0,0
10.675,0,0,0,0,0,0,0,0,0,0,0,0,0,0
10.717,0,0,0,0,0,0,0,0,0,0,0,0,0,0
14.166,0,0,0,0,0,0,0,0,0,0,0,0,0,0
10.881,0,0,0,0,0,0,0,0,0,0,0,0,0,0
10.852,0,0,0,0,0,0,0,0,0,0,0,0,0,0
10.757,0,0,0,0,0,0,0,0,0,0,0,0,0,0
10.846,0,0,0,0,0,0,0,0,0,0,0,0,0,0
10.899,0,0,0,0,0,0,0,0,0,0,0,0,0,0
14.06,0,0,0,0,0,0,0,0,0,0,0,0,0,0
14.604,0,0,0,0,0,0,0,0,0,0,0,0,0,0
14.599,0,0,0,0,0,0,0,0,0,0,0,0,0,0
14.366,0,0,0,0,0,0,0,0,0,0,0,0,0,0
15.245,0,0,0,0,0,0,0,0,0,0,0,0,0,0
12.486,0,0,0,0,0,0,0,0,0,0,0,0,0,0
12.144,0,0,0,0,0,0,0,0,0,0,0,0,0,0
12.106,0,0,0,0,0,0,0,0,0,0,0,0,0,0
11.788,0,0,0,0,0,0,0,0,0,0,0,0,0,0
11.943,0,0,0,0,0,0,0,0,0,0,0,0,0,0
12,0,0,0,0,0,0,0,0,0,0,0,0,0,0
11.708,0,0,0,0,0,0,0,0,0,0,0,0,0,0
11.798,0,0,0,0,0,0,0,0,0,0,0,0,0,0
11.687,0,0,0,0,0,0,0,0,0,0,0,0,0,0
11.773,0,0,0,0,0,0,0,0,0,0,0,0,0,0
15.33,0,0,0,0,0,0,0,0,0,0,0,0,0,0
16.845,0,0,0,0,0,0,0,0,0,0,0,0,0,0
12.357,0,0,0,0,0,0,0,0,0,0,0,0,0,0
16.085,0,0,0,0,0,0,0,0,0,0,0,0,0,0
16.117,0,0,0,0,0,0,0,0,0,0,0,0,0,0
16.164,0,0,0,0,0,0,0,0,0,0,0,0,0,0
15.861,0,0,0,0,0,0,0,0,0,0,0,0,0,0
15.674,0,0,0,0,0,0,0,0,0,0,0,0,0,0
15.879,0,0,0,0,0,0,0,0,0,0,0,0,0,0
15.617,0,0,0,0,0,0,0,0,0,0,0,0,0,0
12.263,0,0,0,0,0,0,0,0,0,0,0,0,0,0
15.806,0,0,0,0,0,0,0,0,0,0,0,0,0,0
15.63,0,0,0,0,0,0,0,0,0,0,0,0,0,0
15.778,0,0,0,0,0,0,0,0,0,0,0,0,0,0
16.057,0,0,0,0,0,0,0,0,0,0,0,0,0,0
15.549,0,0,0,0,0,0,0,0,0,0,0,0,0,0
16.101,0,0,0,0,0,0,0,0,0,0,0,0,0,0
15.627,0,0,0,0,0,0,0,0,0,0,0,0,0,0
12.065,0,0,0,0,0,0,0,0,0,0,0,0,0,0
15.401,0,0,0,0,0,0,0,0,0,0,0,0,0,0
15.033,0,0,0,0,0,0,0,0,0,0,0,0,0,0
15.125,0,0,0,0,0,0,0,0,0,0,0,0,0,0
15.241,0,0,0,0,0,0,0,0,0,0,0,0,0,0
15.789,0,0,0,0,0,0,0,0,0,0,0,0,0,0
15.47,0,0,0,0,0,0,0,0,0,0,0,0,0,0
14.765,0,0,0,0,0,0,0,0,0,0,0,0,0,0
14.709,0,0,0,0,0,0,0,0,0,0,0,0,0,0
15.754,0,0,0,0,0,0,0,0,0,0,0,0,0,0
15.096,0,0,0,0,0,0,0,0,0,0,0,0,0,0
15.234,0,0,0,0,0,0,0,0,0,0,0,0,0,0
15.69,0,0,0,0,0,0,0,0,0,0,0,0,0,0
15.321,0,0,0,0,0,0,0,0,0,0,0,0,0,0
15.102,0,0,0,0,0,0,0,0,0,0,0,0,0,0
15.319,0,0,0,0,0,0,0,0,0,0,0,0,0,0
15.136,0,0,0,0,0,0,0,0,0,0,0,0,0,0
15.199,0,0,0,0,0,0,0,0,0,0,0,0,0,0
15.143,0,0,0,0,0,0,0,0,0,0,0,0,0,0
15.807,0,0,0,0,0,0,0,0,0,0,0,0,0,0
15.12,0,0,0,0,0,0,0,0,0,0,0,0,0,0
15.437,0,0,0,0,0,0,0,0,0,0,0,0,0,0
14.067,0,0,0,0,0,0,0,0,0,0,0,0,0,0
15.01,0,0,0,0,0,0,0,0,0,0,0,0,0,0
14.743,0,0,0,0,0,0,0,0,0,0,0,0,0,0
14.365,0,0,0,0,0,0,0,0,0,0,0,0,0,0
14.185,0,0,0,0,0,0,0,0,0,0,0,0,0,0
14.232,0,0,0,0,0,0,0,0,0,0,0,0,0,0
14.184,0,0,0,0,0,0,0,0,0,0,0,0,0,0
10.872,0,0,0,0,0,0,0,0,0,0,0,0,0,0
10.783,0,0,0,0,0,0,0,0,0,0,0,0,0,0
14.433,0,0,0,0,0,0,0,0,0,0,0,0,0,0
11.109,0,0,0,0,0,0,0,0,0,0,0,0,0,0
11.137,0,0,0,0,0,0,0,0,0,0,0,0,0,0
14.582,0,0,0,0,0,0,0,0,0,0,0,0,0,0
14.359,0,0,0,0,0,0,0,0,0,0,0,0,0,0
14.604,0,0,0,0,0,0,0,0,0,0,0,0,0,0
10.779,0,0,0,0,0,0,0,0,0,0,0,0,0,0
10.745,0,0,0,0,0,0,0,0,0,0,0,0,0,0
10.865,0,0,0,0,0,0,0,0,0,0,0,0,0,0
14.32,0,0,0,0,0,0,0,0,0,0,0,0,0,0
10.787,0,0,0,0,0,0,0,0,0,0,0,0,0,0
10.94,0,0,0,0,0,0,0,0,0,0,0,0,0,0
10.784,0,0,0,0,0,0,0,0,0,0,0,0,0,0
10.951,0,0,0,0,0,0,0,0,0,0,0,0,0,0
10.803,0,0,0,0,0,0,0,0,0,0,0,0,0,0
10.878,0,0,0,0,0,0,0,0,0,0,0,0,0,0
10.642,0,0,0,0,0,0,0,0,0,0,0,0,0,0
10.645,0,0,0,0,0,0,0,0,0,0,0,0,0,0
10.62,0,0,0,0,0,0,0,0,0,0,0,0,0,0
10.82,0,0,0,0,0,0,0,0,0,0,0,0,0,0
10.724,0,0,0,0,0,0,0,0,0,0,0,0,0,0
10.804,0,0,0,0,0,0,0,0,0,0,0,0,0,0
10.722,0,0,0,0,0,0,0,0,0,0,0,0,0,0
10.948,0,0,0,0,0,0,0,0,0,0,0,0,0,0
10.688,0,0,0,0,0,0,0,0,0,0,0,0,0,0
14.121,0,0,0,0,0,0,0,0,0,0,0,0,0,0
14.154,0,0,0,0,0,0,0,0,0,0,0,0,0,0
14.255,0,0,0,0,0,0,0,0,0,0,0,0,0,0
14.306,0,0,0,0,0,0,0,0,0,0,0,0,0,0
14.568,0,0,0,0,0,0,0,0,0,0,0,0,0,0
14.78,0,0,0,0,0,0,0,0,0,0,0,0,0,0
14.64,0,0,0,0,0,0,0,0,0,0,0,0,0,0
14.529,0,0,0,0,0,0,0,0,0,0,0,0,0,0
14.387,0,0,0,0,0,0,0,0,0,0,0,0,0,0
14.635,0,0,0,0,0,0,0,0,0,0,0,0,0,0
11.112,0,0,0,0,0,0,0,0,0,0,0,0,0,0
14.586,0,0,0,0,0,0,0,0,0,0,0,0,0,0
14.595,0,0,0,0,0,0,0,0,0,0,0,0,0,0
14.43,0,0,0,0,0,0,0,0,0,0,0,0,0,0
15.203,0,0,0,0,0,0,0,0,0,0,0,0,0,0
14.731,0,0,0,0,0,0,0,0,0,0,0,0,0,0
14.556,0,0,0,0,0,0,0,0,0,0,0,0,0,0
10.808,0,0,0,0,0,0,0,0,0,0,0,0,0,0
14.607,0,0,0,0,0,0,0,0,0,0,0,0,0,0
10.926,0,0,0,0,0,0,0,0,0,0,0,0,0,0
14.191,0,0,0,0,0,0,0,0,0,0,0,0,0,0
14.301,0,0,0,0,0,0,0,0,0,0,0,0,0,0
14.198,0,0,0,0,0,0,0,0,0,0,0,0,0,0
10.898,0,0,0,0,0,0,0,0,0,0,0,0,0,0
14.196,0,0,0,0,0,0,0,0,0,0,0,0,0,0
10.883,0,0,0,0,0,0,0,0,0,0,0,0,0,0
10.85,0,0,0,0,0,0,0,0,0,0,0,0,0,0
10.761,0,0,0,0,0,0,0,0,0,0,0,0,0,0
10.855,0,0,0,0,0,0,0,0,0,0,0,0,0,0
10.818,0,0,0,0,0,0,0,0,0,0,0,0,0,0
14.339,0,0,0,0,0,0,0,0,0,0,0,0,0,0
14.325,0,0,0,0,0,0,0,0,0,0,0,0,0,0
14.148,0,0,0,0,0,0,0,0,0,0,0,0,0,0
14.182,0,0,0,0,0,0,0,0,0,0,0,0,0,0
14.032,0,0,0,0,0,0,0,0,0,0,0,0,0,0
15.837,0,0,0,0,0,0,0,0,0,0,0,0,0,0
15.119,0,0,0,0,0,0,0,0,0,0,0,0,0,0
15.458,0,0,0,0,0,0,0,0,0,0,0,0,0,0
16.058,0,0,0,0,0,0,0,0,0,0,0,0,0,0
12.569,0,0,0,0,0,0,0,0,0,0,0,0,0,0
15.494,0,0,0,0,0,0,0,0,0,0,0,0,0,0
12.961,0,0,0,0,0,0,0,0,0,0,0,0,0,0
15.813,0,0,0,0,0,0,0,0,0,0,0,0,0,0
12.603,0,0,0,0,0,0,0,0,0,0,0,0,0,0
15.6,0,0,0,0,0,0,0,0,0,0,0,0,0,0
13.918,0,0,0,0,0,0,0,0,0,0,0,0,0,0
14.08,0,0,0,0,0,0,0,0,0,0,0,0,0,0
13.869,0,0,0,0,0,0,0,0,0,0,0,0,0,0
13.567,0,0,0,0,0,0,0,0,0,0,0,0,0,0
13.204,0,0,0,0,0,0,0,0,0,0,0,0,0,0
13.016,0,0,0,0,0,0,0,0,0,0,0,0,0,0
12.712,0,0,0,0,0,0,0,0,0,0,0,0,0,0
16.298,0,0,0,0,0,0,0,0,0,0,0,0,0,0
16.367,0,0,0,0,0,0,0,0,0,0,0,0,0,0
15.616,0,0,0,0,0,0,0,0,0,0,0,0,0,0
15.369,0,0,0,0,0,0,0,0,0,0,0,0,0,0
11.754,0,0,0,0,0,0,0,0,0,0,0,0,0,0
15.172,0,0,0,0,0,0,0,0,0,0,0,0,0,0
15.46,0,0,0,0,0,0,0,0,0,0,0,0,0,0
14.592,0,0,0,0,0,0,0,0,0,0,0,0,0,0
14.582,0,0,0,0,0,0,0,0,0,0,0,0,0,0
14.2,0,0,0,0,0,0,0,0,0,0,0,0,0,0
14.327,0,0,0,0,0,0,0,0,0,0,0,0,0,0
10.94,0,0,0,0,0,0,0,0,0,0,0,0,0,0
10.958,0,0,0,0,0,0,0,0,0,0,0,0,0,0
14.148,0,0,0,0,0,0,0,0,0,0,0,0,0,0
11.081,0,0,0,0,0,0,0,0,0,0,0,0,0,0
14.405,0,0,0,0,0,0,0,0,0,0,0,0,0,0
14.245,0,0,0,0,0,0,0,0,0,0,0,0,0,0
11.092,0,0,0,0,0,0,0,0,0,0,0,0,0,0
14.357,0,0,0,0,0,0,0,0,0,0,0,0,0,0
14.332,0,0,0,0,0,0,0,0,0,0,0,0,0,0
14.233,0,0,0,0,0,0,0,0,0,0,0,0,0,0
15.505,0,0,0,0,0,0,0,0,0,0,0,0,0,0
14.293,0,0,0,0,0,0,0,0,0,0,0,0,0,0
14.547,0,0,0,0,0,0,0,0,0,0,0,0,0,0
15.862,0,0,0,0,0,0,0,0,0,0,0,0,0,0
14.548,0,0,0,0,0,0,0,0,0,0,0,0,0,0
14.21,0,0,0,0,0,0,0,0,0,0,0,0,0,0
14.857,0,0,0,0,0,0,0,0,0,0,0,0,0,0
14.704,0,0,0,0,0,0,0,0,0,0,0,0,0,0
10.95,0,0,0,0,0,0,0,0,0,0,0,0,0,0
14.397,0,0,0,0,0,0,0,0,0,0,0,0,0,0
14.117,0,0,0,0,0,0,0,0,0,0,0,0,0,0
14.353,0,0,0,0,0,0,0,0,0,0,0,0,0,0
14.137,0,0,0,0,0,0,0,0,0,0,0,0,0,0
14.754,0,0,0,0,0,0,0,0,0,0,0,0,0,0
14.371,0,0,0,0,0,0,0,0,0,0,0,0,0,0
14.069,0,0,0,0,0,0,0,0,0,0,0,0,0,0
14.157,0,0,0,0,0,0,0,0,0,0,0,0,0,0
14.089,0,0,0,0,0,0,0,0,0,0,0,0,0,0
14.894,0,0,0,0,0,0,0,0,0,0,0,0,0,0
14.162,0,0,0,0,0,0,0,0,0,0,0,0,0,0
14.203,0,0,0,0,0,0,0,0,0,0,0,0,0,0
10.996,0,0,0,0,0,0,0,0,0,0,0,0,0,0
11.398,0,0,0,0,0,0,0,0,0,0,0,0,0,0
14.54,0,0,0,0,0,0,0,0,0,0,0,0,0,0
14.305,0,0,0,0,0,0,0,0,0,0,0,0,0,0
14.399,0,0,0,0,0,0,0,0,0,0,0,0,0,0
14.39,0,0,0,0,0,0,0,0,0,0,0,0,0,0
14.424,0,0,0,0,0,0,0,0,0,0,0,0,0,0
14.791,0,0,0,0,0,0,0,0,0,0,0,0,0,0
16.239,0,0,0,0,0,0,0,0,0,0,0,0,0,0
15.74,0,0,0,0,0,0,0,0,0,0,0,0,0,0
16.335,0,0,0,0,0,0,0,0,0,0,0,0,0,0
16.594,0,0,0,0,0,0,0,0,0,0,0,0,0,0
16.049,0,0,0,0,0,0,0,0,0,0,0,0,0,0
16.547,0,0,0,0,0,0,0,0,0,0,0,0,0,0
16.194,0,0,0,0,0,0,0,0,0,0,0,0,0,0
17.261,0,0,0,0,0,0,0,0,0,0,0,0,0,0
17.865,0,0,0,0,0,0,0,0,0,0,0,0,0,0
13.428,0,0,0,0,0,0,0,0,0,0,0,0,0,0
15.955,0,0,0,0,0,0,0,0,0,0,0,0,0,0
19.148,0,0,0,0,0,0,0,0,0,0,0,0,0,0
17.584,0,0,0,0,0,0,0,0,0,0,0,0,0,0
17.265,0,0,0,0,0,0,0,0,0,0,0,0,0,0
17.123,0,0,0,0,0,0,0,0,0,0,0,0,0,0
17.741,0,0,0,0,0,0,0,0,0,0,0,0,0,0
18.598,0,0,0,0,0,0,0,0,0,0,0,0,0,0
18.903,0,0,0,0,0,0,0,0,0,0,0,0,0,0
17.629,0,0,0,0,0,0,0,0,0,0,0,0,0,0
17.907,0,0,0,0,0,0,0,0,0,0,0,0,0,0
16.667,0,0,0,0,0,0,0,0,0,0,0,0,0,0
16.665,0,0,0,0,0,0,0,0,0,0,0,0,0,0
17.174,0,0,0,0,0,0,0,0,0,0,0,0,0,0
16.887,0,0,0,0,0,0,0,0,0,0,0,0,0,0
18.073,0,0,0,0,0,0,0,0,0,0,0,0,0,0
17.552,0,0,0,0,0,0,0,0,0,0,0,0,0,0
16.831,0,0,0,0,0,0,0,0,0,0,0,0,0,0
17.631,0,0,0,0,0,0,0,0,0,0,0,0,0,0
16.454,0,0,0,0,0,0,0,0,0,0,0,0,0,0
15.825,0,0,0,0,0,0,0,0,0,0,0,0,0,0
14.789,0,0,0,0,0,0,0,0,0,0,0,0,0,0
14.454,0,0,0,0,0,0,0,0,0,0,0,0,0,0
11.059,0,0,0,0,0,0,0,0,0,0,0,0,0,0
14.441,0,0,0,0,0,0,0,0,0,0,0,0,0,0
14.291,0,0,0,0,0,0,0,0,0,0,0,0,0,0
14.538,0,0,0,0,0,0,0,0,0,0,0,0,0,0
11.767,0,0,0,0,0,0,0,0,0,0,0,0,0,0
15.588,0,0,0,0,0,0,0,0,0,0,0,0,0,0
14.775,0,0,0,0,0,0,0,0,0,0,0,0,0,0
16.486,0,0,0,0,0,0,0,0,0,0,0,0,0,0
12.023,0,0,0,0,0,0,0,0,0,0,0,0,0,0
15.511,0,0,0,0,0,0,0,0,0,0,0,0,0,0
15.635,0,0,0,0,0,0,0,0,0,0,0,0,0,0
15.833,0,0,0,0,0,0,0,0,0,0,0,0,0,0
15.758,0,0,0,0,0,0,0,0,0,0,0,0,0,0
15.751,0,0,0,0,0,0,0,0,0,0,0,0,0,0
11.898,0,0,0,0,0,0,0,0,0,0,0,0,0,0
12.007,0,0,0,0,0,0,0,0,0,0,0,0,0,0
16.149,0,0,0,0,0,0,0,0,0,0,0,0,0,0
12.029,0,0,0,0,0,0,0,0,0,0,0,0,0,0
11.985,0,0,0,0,0,0,0,0,0,0,0,0,0,0
12.161,0,0,0,0,0,0,0,0,0,0,0,0,0,0
15.975,0,0,0,0,0,0,0,0,0,0,0,0,0,0
15.996,0,0,0,0,0,0,0,0,0,0,0,0,0,0
15.639,0,0,0,0,0,0,0,0,0,0,0,0,0,0
16.41,0,0,0,0,0,0,0,0,0,0,0,0,0,0
16.275,0,0,0,0,0,0,0,0,0,0,0,0,0,0
16.26,0,0,0,0,0,0,0,0,0,0,0,0,0,0
16.232,0,0,0,0,0,0,0,0,0,0,0,0,0,0
16.694,0,0,0,0,0,0,0,0,0,0,0,0,0,0
16.633,0,0,0,0,0,0,0,0,0,0,0,0,0,0
16.7,0,0,0,0,0,0,0,0,0,0,0,0,0,0
16.521,0,0,0,0,0,0,0,0,0,0,0,0,0,0
16.171,0,0,0,0,0,0,0,0,0,0,0,0,0,0
16.747,0,0,0,0,0,0,0,0,0,0,0,0,0,0
15.865,0,0,0,0,0,0,0,0,0,0,0,0,0,0
12.043,0,0,0,0,0,0,0,0,0,0,0,0,0,0
12.793,0,0,0,0,0,0,0,0,0,0,0,0,0,0
12.539,0,0,0,0,0,0,0,0,0,0,0,0,0,0
12.761,0,0,0,0,0,0,0,0,0,0,0,0,0,0
12.472,0,0,0,0,0,0,0,0,0,0,0,0,0,0
12.433,0,0,0,0,0,0,0,0,0,0,0,0,0,0
13.493,0,0,0,0,0,0,0,0,0,0,0,0,0,0
12.965,0,0,0,0,0,0,0,0,0,0,0,0,0,0
16.44,0,0,0,0,0,0,0,0,0,0,0,0,0,0
13.033,0,0,0,0,0,0,0,0,0,0,0,0,0,0
12.845,0,0,0,0,0,0,0,0,0,0,0,0,0,0
12.959,0,0,0,0,0,0,0,0,0,0,0,0,0,0
16.608,0,0,0,0,0,0,0,0,0,0,0,0,0,0
18.024,0,0,0,0,0,0,0,0,0,0,0,0,0,0
17.949,0,0,0,0,0,0,0,0,0,0,0,0,0,0
19.136,0,0,0,0,0,0,0,0,0,0,0,0,0,0
18.783,0,0,0,0,0,0,0,0,0,0,0,0,0,0
20.537,0,0,0,0,0,0,0,0,0,0,0,0,0,0
16.727,0,0,0,0,0,0,0,0,0,0,0,0,0,0
16.825,0,0,0,0,0,0,0,0,0,0,0,0,0,0
17.882,0,0,0,0,0,0,0,0,0,0,0,0,0,0
17.764,0,0,0,0,0,0,0,0,0,0,0,0,0,0
17.753,0,0,0,0,0,0,0,0,0,0,0,0,0,0
14.022,0,0,0,0,0,0,0,0,0,0,0,0,0,0
13.718,0,0,0,0,0,0,0,0,0,0,0,0,0,0
17.857,0,0,0,0,0,0,0,0,0,0,0,0,0,0
17.159,0,0,0,0,0,0,0,0,0,0,0,0,0,0
16.076,0,0,0,0,0,0,0,0,0,0,0,0,0,0
16.253,0,0,0,0,0,0,0,0,0,0,0,0,0,0
15.818,0,0,0,0,0,0,0,0,0,0,0,0,0,0
16.11,0,0,0,0,0,0,0,0,0,0,0,0,0,0
15.578,0,0,0,0,0,0,0,0,0,0,0,0,0,0
11.506,0,0,0,0,0,0,0,0,0,0,0,0,0,0
14.742,0,0,0,0,0,0,0,0,0,0,0,0,0,0
14.846,0,0,0,0,0,0,0,0,0,0,0,0,0,0
11.202,0,0,0,0,0,0,0,0,0,0,0,0,0,0
11.801,0,0,0,0,0,0,0,0,0,0,0,0,0,0
11.533,0,0,0,0,0,0,0,0,0,0,0,0,0,0
12.026,0,0,0,0,0,0,0,0,0,0,0,0,0,0
15.972,0,0,0,0,0,0,0,0,0,0,0,0,0,0
16.182,0,0,0,0,0,0,0,0,0,0,0,0,0,0
11.861,0,0,0,0,0,0,0,0,0,0,0,0,0,0
11.887,0,0,0,0,0,0,0,0,0,0,0,0,0,0
15.575,0,0,0,0,0,0,0,0,0,0,0,0,0,0
11.666,0,0,0,0,0,0,0,0,0,0,0,0,0,0
15.955,0,0,0,0,0,0,0,0,0,0,0,0,0,0
15.656,0,0,0,0,0,0,0,0,0,0,0,0,0,0
11.734,0,0,0,0,0,0,0,0,0,0,0,0,0,0
15.705,0,0,0,0,0,0,0,0,0,0,0,0,0,0
11.885,0,0,0,0,0,0,0,0,0,0,0,0,0,0
11.994,0,0,0,0,0,0,0,0,0,0,0,0,0,0
11.934,0,0,0,0,0,0,0,0,0,0,0,0,0,0
11.245,0,0,0,0,0,0,0,0,0,0,0,0,0,0
14.439,0,0,0,0,0,0,0,0,0,0,0,0,0,0
14.311,0,0,0,0,0,0,0,0,0,0,0,0,0,0
14.666,0,0,0,0,0,0,0,0,0,0,0,0,0,0
15.682,0,0,0,0,0,0,0,0,0,0,0,0,0,0
13.114,0,0,0,0,0,0,0,0,0,0,0,0,0,0
16.024,0,0,0,0,0,0,0,0,0,0,0,0,0,0
17.387,0,0,0,0,0,0,0,0,0,0,0,0,0,0
16.953,0,0,0,0,0,0,0,0,0,0,0,0,0,0
17.105,0,0,0,0,0,0,0,0,0,0,0,0,0,0
17.503,0,0,0,0,0,0,0,0,0,0,0,0,0,0
16.542,0,0,0,0,0,0,0,0,0,0,0,0,0,0
16.954,0,0,0,0,0,0,0,0,0,0,0,0,0,0
16.903,0,0,0,0,0,0,0,0,0,0,0,0,0,0
17.087,0,0,0,0,0,0,0,0,0,0,0,0,0,0
17.836,0,0,0,0,0,0,0,0,0,0,0,0,0,0
17.163,0,0,0,0,0,0,0,0,0,0,0,0,0,0
16.758,0,0,0,0,0,0,0,0,0,0,0,0,0,0
17.079,0,0,0,0,0,0,0,0,0,0,0,0,0,0
16.58,0,0,0,0,0,0,0,0,0,0,0,0,0,0
12.354,0,0,0,0,0,0,0,0,0,0,0,0,0,0
16.055,0,0,0,0,0,0,0,0,0,0,0,0,0,0
16.208,0,0,0,0,0,0,0,0,0,0,0,0,0,0
16.465,0,0,0,0,0,0,0,0,0,0,0,0,0,0
16.267,0,0,0,0,0,0,0,0,0,0,0,0,0,0
16.157,0,0,0,0,0,0,0,0,0,0,0,0,0,0
16.344,0,0,0,0,0,0,0,0,0,0,0,0,0,0
16.147,0,0,0,0,0,0,0,0,0,0,0,0,0,0
16.112,0,0,0,0,0,0,0,0,0,0,0,0,0,0
12.037,0,0,0,0,0,0,0,0,0,0,0,0,0,0
15.847,0,0,0,0,0,0,0,0,0,0,0,0,0,0
12.056,0,0,0,0,0,0,0,0,0,0,0,0,0,0
11.903,0,0,0,0,0,0,0,0,0,0,0,0,0,0
12.19,0,0,0,0,0,0,0,0,0,0,0,0,0,0
11.879,0,0,0,0,0,0,0,0,0,0,0,0,0,0
11.784,0,0,0,0,0,0,0,0,0,0,0,0,0,0
15.714,0,0,0,0,0,0,0,0,0,0,0,0,0,0
15.591,0,0,0,0,0,0,0,0,0,0,0,0,0,0
16.035,0,0,0,0,0,0,0,0,0,0,0,0,0,0
16.067,0,0,0,0,0,0,0,0,0,0,0,0,0,0
16.81,0,0,0,0,0,0,0,0,0,0,0,0,0,0
17.989,0,0,0,0,0,0,0,0,0,0,0,0,0,0
17.971,0,0,0,0,0,0,0,0,0,0,0,0,0,0
14.066,0,0,0,0,0,0,0,0,0,0,0,0,0,0
17.947,0,0,0,0,0,0,0,0,0,0,0,0,0,0
17.996,0,0,0,0,0,0,0,0,0,0,0,0,0,0
17.953,0,0,0,0,0,0,0,0,0,0,0,0,0,0
18.095,0,0,0,0,0,0,0,0,0,0,0,0,0,0
18.075,0,0,0,0,0,0,0,0,0,0,0,0,0,0
17.808,0,0,0,0,0,0,0,0,0,0,0,0,0,0
18.306,0,0,0,0,0,0,0,0,0,0,0,0,0,0
18.031,0,0,0,0,0,0,0,0,0,0,0,0,0,0
17.854,0,0,0,0,0,0,0,0,0,0,0,0,0,0
18.225,0,0,0,0,0,0,0,0,0,0,0,0,0,0
17.744,0,0,0,0,0,0,0,0,0,0,0,0,0,0
16.767,0,0,0,0,0,0,0,0,0,0,0,0,0,0
16.641,0,0,0,0,0,0,0,0,0,0,0,0,0,0
16.733,0,0,0,0,0,0,0,0,0,0,0,0,0,0
13.498,0,0,0,0,0,0,0,0,0,0,0,0,0,0
16.613,0,0,0,0,0,0,0,0,0,0,0,0,0,0
15.193,0,0,0,0,0,0,0,0,0,0,0,0,0,0
15.063,0,0,0,0,0,0,0,0,0,0,0,0,0,0
14.678,0,0,0,0,0,0,0,0,0,0,0,0,0,0
14.672,0,0,0,0,0,0,0,0,0,0,0,0,0,0
11.298,0,0,0,0,0,0,0,0,0,0,0,0,0,0
15.024,0,0,0,0,0,0,0,0,0,0,0,0,0,0
11.866,0,0,0,0,0,0,0,0,0,0,0,0,0,0
15.398,0,0,0,0,0,0,0,0,0,0,0,0,0,0
11.466,0,0,0,0,0,0,0,0,0,0,0,0,0,0
11.348,0,0,0,0,0,0,0,0,0,0,0,0,0,0
11.327,0,0,0,0,0,0,0,0,0,0,0,0,0,0
14.845,0,0,0,0,0,0,0,0,0,0,0,0,0,0
14.618,0,0,0,0,0,0,0,0,0,0,0,0,0,0
14.869,0,0,0,0,0,0,0,0,0,0,0,0,0,0
14.601,0,0,0,0,0,0,0,0,0,0,0,0,0,0
11.112,0,0,0,0,0,0,0,0,0,0,0,0,0,0
11.229,0,0,0,0,0,0,0,0,0,0,0,0,0,0
11.313,0,0,0,0,0,0,0,0,0,0,0,0,0,0
11.382,0,0,0,0,0,0,0,0,0,0,0,0,0,0
14.644,0,0,0,0,0,0,0,0,0,0,0,0,0,0
14.919,0,0,0,0,0,0,0,0,0,0,0,0,0,0
11.373,0,0,0,0,0,0,0,0,0,0,0,0,0,0
11.318,0,0,0,0,0,0,0,0,0,0,0,0,0,0
11.562,0,0,0,0,0,0,0,0,0,0,0,0,0,0
14.902,0,0,0,0,0,0,0,0,0,0,0,0,0,0
15.21,0,0,0,0,0,0,0,0,0,0,0,0,0,0
14.829,0,0,0,0,0,0,0,0,0,0,0,0,0,0
14.838,0,0,0,0,0,0,0,0,0,0,0,0,0,0
11.239,0,0,0,0,0,0,0,0,0,0,0,0,0,0
14.84,0,0,0,0,0,0,0,0,0,0,0,0,0,0
14.885,0,0,0,0,0,0,0,0,0,0,0,0,0,0
14.558,0,0,0,0,0,0,0,0,0,0,0,0,0,0
15.508,0,0,0,0,0,0,0,0,0,0,0,0,0,0
15.199,0,0,0,0,0,0,0,0,0,0,0,0,0,0
16.355,0,0,0,0,0,0,0,0,0,0,0,0,0,0
16.405,0,0,0,0,0,0,0,0,0,0,0,0,0,0
16.474,0,0,0,0,0,0,0,0,0,0,0,0,0,0
17.061,0,0,0,0,0,0,0,0,0,0,0,0,0,0
16.143,0,0,0,0,0,0,0,0,0,0,0,0,0,0
17.547,0,0,0,0,0,0,0,0,0,0,0,0,0,0
16.968,0,0,0,0,0,0,0,0,0,0,0,0,0,0
17.231,0,0,0,0,0,0,0,0,0,0,0,0,0,0
16.749,0,0,0,0,0,0,0,0,0,0,0,0,0,0
17.038,0,0,0,0,0,0,0,0,0,0,0,0,0,0
16.297,0,0,0,0,0,0,0,0,0,0,0,0,0,0
16.858,0,0,0,0,0,0,0,0,0,0,0,0,0,0
16.879,0,0,0,0,0,0,0,0,0,0,0,0,0,0
16.647,0,0,0,0,0,0,0,0,0,0,0,0,0,0
16.968,0,0,0,0,0,0,0,0,0,0,0,0,0,0
16.414,0,0,0,0,0,0,0,0,0,0,0,0,0,0
16.593,0,0,0,0,0,0,0,0,0,0,0,0,0,0
13.604,0,0,0,0,0,0,0,0,0,0,0,0,0,0
16.398,0,0,0,0,0,0,0,0,0,0,0,0,0,0
16.408,0,0,0,0,0,0,0,0,0,0,0,0,0,0
16.381,0,0,0,0,0,0,0,0,0,0,0,0,0,0
16.437,0,0,0,0,0,0,0,0,0,0,0,0,0,0
16.172,0,0,0,0,0,0,0,0,0,0,0,0,0,0
15.834,0,0,0,0,0,0,0,0,0,0,0,0,0,0
15.544,0,0,0,0,0,0,0,0,0,0,0,0,0,0
14.767,0,0,0,0,0,0,0,0,0,0,0,0,0,0
11.314,0,0,0,0,0,0,0,0,0,0,0,0,0,0
14.784,0,0,0,0,0,0,0,0,0,0,0,0,0,0
14.699,0,0,0,0,0,0,0,0,0,0,0,0,0,0
11.472,0,0,0,0,0,0,0,0,0,0,0,0,0,0
11.94,0,0,0,0,0,0,0,0,0,0,0,0,0,0
11.007,0,0,0,0,0,0,0,0,0,0,0,0,0,0
11.252,0,0,0,0,0,0,0,0,0,0,0,0,0,0
11.33,0,0,0,0,0,0,0,0,0,0,0,0,0,0
14.921,0,0,0,0,0,0,0,0,0,0,0,0,0,0
11.76,0,0,0,0,0,0,0,0,0,0,0,0,0,0
11.41,0,0,0,0,0,0,0,0,0,0,0,0,0,0
11.744,0,0,0,0,0,0,0,0,0,0,0,0,0,0
11.891,0,0,0,0,0,0,0,0,0,0,0,0,0,0
11.595,0,0,0,0,0,0,0,0,0,0,0,0,0,0
11.692,0,0,0,0,0,0,0,0,0,0,0,0,0,0
11.551,0,0,0,0,0,0,0,0,0,0,0,0,0,0
14.678,0,0,0,0,0,0,0,0,0,0,0,0,0,0
15.655,0,0,0,0,0,0,0,0,0,0,0,0,0,0
14.823,0,0,0,0,0,0,0,0,0,0,0,0,0,0
16.15,0,0,0,0,0,0,0,0,0,0,0,0,0,0
16.635,0,0,0,0,0,0,0,0,0,0,0,0,0,0
16.407,0,0,0,0,0,0,0,0,0,0,0,0,0,0
17.361,0,0,0,0,0,0,0,0,0,0,0,0,0,0
16.372,0,0,0,0,0,0,0,0,0,0,0,0,0,0
15.976,0,0,0,0,0,0,0,0,0,0,0,0,0,0
16.501,0,0,0,0,0,0,0,0,0,0,0,0,0,0
16.436,0,0,0,0,0,0,0,0,0,0,0,0,0,0
16.459,0,0,0,0,0,0,0,0,0,0,0,0,0,0
17.085,0,0,0,0,0,0,0,0,0,0,0,0,0,0
17.235,0,0,0,0,0,0,0,0,0,0,0,0,0,0
17.017,0,0,0,0,0,0,0,0,0,0,0,0,0,0
17.256,0,0,0,0,0,0,0,0,0,0,0,0,0,0
16.579,0,0,0,0,0,0,0,0,0,0,0,0,0,0
17.321,0,0,0,0,0,0,0,0,0,0,0,0,0,0
13.488,0,0,0,0,0,0,0,0,0,0,0,0,0,0
17.644,0,0,0,0,0,0,0,0,0,0,0,0,0,0
16.541,0,0,0,0,0,0,0,0,0,0,0,0,0,0
16.509,0,0,0,0,0,0,0,0,0,0,0,0,0,0
16.214,0,0,0,0,0,0,0,0,0,0,0,0,0,0
13.288,0,0,0,0,0,0,0,0,0,0,0,0,0,0
17.157,0,0,0,0,0,0,0,0,0,0,0,0,0,0
15.825,0,0,0,0,0,0,0,0,0,0,0,0,0,0
15.538,0,0,0,0,0,0,0,0,0,0,0,0,0,0
15.131,0,0,0,0,0,0,0,0,0,0,0,0,0,0
14.723,0,0,0,0,0,0,0,0,0,0,0,0,0,0
11.546,0,0,0,0,0,0,0,0,0,0,0,0,0,0
15.407,0,0,0,0,0,0,0,0,0,0,0,0,0,0
15.655,0,0,0,0,0,0,0,0,0,0,0,0,0,0
12.279,0,0,0,0,0,0,0,0,0,0,0,0,0,0
15.567,0,0,0,0,0,0,0,0,0,0,0,0,0,0
15.893,0,0,0,0,0,0,0,0,0,0,0,0,0,0
12.085,0,0,0,0,0,0,0,0,0,0,0,0,0,0
12.439,0,0,0,0,0,0,0,0,0,0,0,0,0,0
12.587,0,0,0,0,0,0,0,0,0,0,0,0,0,0
16.211,0,0,0,0,0,0,0,0,0,0,0,0,0,0
12.82,0,0,0,0,0,0,0,0,0,0,0,0,0,0
16.153,0,0,0,0,0,0,0,0,0,0,0,0,0,0
13.302,0,0,0,0,0,0,0,0,0,0,0,0,0,0
16.254,0,0,0,0,0,0,0,0,0,0,0,0,0,0
15.949,0,0,0,0,0,0,0,0,0,0,0,0,0,0
14.67,0,0,0,0,0,0,0,0,0,0,0,0,0,0
15.341,0,0,0,0,0,0,0,0,0,0,0,0,0,0
16.373,0,0,0,0,0,0,0,0,0,0,0,0,0,0
15.797,0,0,0,0,0,0,0,0,0,0,0,0,0,0
16.28,0,0,0,0,0,0,0,0,0,0,0,0,0,0
16.109,0,0,0,0,0,0,0,0,0,0,0,0,0,0
15.982,0,0,0,0,0,0,0,0,0,0,0,0,0,0
16.326,0,0,0,0,0,0,0,0,0,0,0,0,0,0
15.641,0,0,0,0,0,0,0,0,0,0,0,0,0,0
15.876,0,0,0,0,0,0,0,0,0,0,0,0,0,0
16.215,0,0,0,0,0,0,0,0,0,0,0,0,0,0
12.483,0,0,0,0,0,0,0,0,0,0,0,0,0,0
15.786,0,0,0,0,0,0,0,0,0,0,0,0,0,0
15.805,0,0,0,0,0,0,0,0,0,0,0,0,0,0
15.709,0,0,0,0,0,0,0,0,0,0,0,0,0,0
15.441,0,0,0,0,0,0,0,0,0,0,0,0,0,0
14.788,0,0,0,0,0,0,0,0,0,0,0,0,0,0
15.35,0,0,0,0,0,0,0,0,0,0,0,0,0,0
14.639,0,0,0,0,0,0,0,0,0,0,0,0,0,0
14.514,0,0,0,0,0,0,0,0,0,0,0,0,0,0
11.486,0,0,0,0,0,0,0,0,0,0,0,0,0,0
11.334,0,0,0,0,0,0,0,0,0,0,0,0,0,0
11.452,0,0,0,0,0,0,0,0,0,0,0,0,0,0
11.379,0,0,0,0,0,0,0,0,0,0,0,0,0,0
11.637,0,0,0,0,0,0,0,0,0,0,0,0,0,0
11.566,0,0,0,0,0,0,0,0,0,0,0,0,0,0
11.483,0,0,0,0,0,0,0,0,0,0,0,0,0,0
14.877,0,0,0,0,0,0,0,0,0,0,0,0,0,0
11.298,0,0,0,0,0,0,0,0,0,0,0,0,0,0
11.304,0,0,0,0,0,0,0,0,0,0,0,0,0,0
11.189,0,0,0,0,0,0,0,0,0,0,0,0,0,0
11.021,0,0,0,0,0,0,0,0,0,0,0,0,0,0
11.004,0,0,0,0,0,0,0,0,0,0,0,0,0,0
10.803,0,0,0,0,0,0,0,0,0,0,0,0,0,0
14.694,0,0,0,0,0,0,0,0,0,0,0,0,0,0
14.658,0,0,0,0,0,0,0,0,0,0,0,0,0,0
14.358,0,0,0,0,0,0,0,0,0,0,0,0,0,0
15.148,0,0,0,0,0,0,0,0,0,0,0,0,0,0
15.715,0,0,0,0,0,0,0,0,0,0,0,0,0,0
15.714,0,0,0,0,0,0,0,0,0,0,0,0,0,0
15.706,0,0,0,0,0,0,0,0,0,0,0,0,0,0
15.7,0,0,0,0,0,0,0,0,0,0,0,0,0,0
15.211,0,0,0,0,0,0,0,0,0,0,0,0,0,0
15.769,0,0,0,0,0,0,0,0,0,0,0,0,0,0
15.768,0,0,0,0,0,0,0,0,0,0,0,0,0,0
15.928,0,0,0,0,0,0,0,0,0,0,0,0,0,0
15.771,0,0,0,0,0,0,0,0,0,0,0,0,0,0
15.755,0,0,0,0,0,0,0,0,0,0,0,0,0,0
16.221,0,0,0,0,0,0,0,0,0,0,0,0,0,0
15.827,0,0,0,0,0,0,0,0,0,0,0,0,0,0
12.458,0,0,0,0,0,0,0,0,0,0,0,0,0,0
16.111,0,0,0,0,0,0,0,0,0,0,0,0,0,0
16.052,0,0,0,0,0,0,0,0,0,0,0,0,0,0
12.577,0,0,0,0,0,0,0,0,0,0,0,0,0,0
15.88,0,0,0,0,0,0,0,0,0,0,0,0,0,0
15.871,0,0,0,0,0,0,0,0,0,0,0,0,0,0
16.031,0,0,0,0,0,0,0,0,0,0,0,0,0,0
16.194,0,0,0,0,0,0,0,0,0,0,0,0,0,0
16.386,0,0,0,0,0,0,0,0,0,0,0,0,0,0
16.234,0,0,0,0,0,0,0,0,0,0,0,0,0,0
16.209,0,0,0,0,0,0,0,0,0,0,0,0,0,0
16.246,0,0,0,0,0,0,0,0,0,0,0,0,0,0
16.788,0,0,0,0,0,0,0,0,0,0,0,0,0,0
16.382,0,0,0,0,0,0,0,0,0,0,0,0,0,0
13.315,0,0,0,0,0,0,0,0,0,0,0,0,0,0
12.626,0,0,0,0,0,0,0,0,0,0,0,0,0,0
12.749,0,0,0,0,0,0,0,0,0,0,0,0,0,0
16.313,0,0,0,0,0,0,0,0,0,0,0,0,0,0
16.663,0,0,0,0,0,0,0,0,0,0,0,0,0,0
17.212,0,0,0,0,0,0,0,0,0,0,0,0,0,0
13.761,0,0,0,0,0,0,0,0,0,0,0,0,0,0
17.478,0,0,0,0,0,0,0,0,0,0,0,0,0,0
17.563,0,0,0,0,0,0,0,0,0,0,0,0,0,0
17.449,0,0,0,0,0,0,0,0,0,0,0,0,0,0
18.04,0,0,0,0,0,0,0,0,0,0,0,0,0,0
17.649,0,0,0,0,0,0,0,0,0,0,0,0,0,0
17.852,0,0,0,0,0,0,0,0,0,0,0,0,0,0
17.579,0,0,0,0,0,0,0,0,0,0,0,0,0,0
19.014,0,0,0,0,0,0,0,0,0,0,0,0,0,0
18.87,0,0,0,0,0,0,0,0,0,0,0,0,0,0
18.989,0,0,0,0,0,0,0,0,0,0,0,0,0,0
19.849,0,0,0,0,0,0,0,0,0,0,0,0,0,0
19.199,0,0,0,0,0,0,0,0,0,0,0,0,0,0
19.525,0,0,0,0,0,0,0,0,0,0,0,0,0,0
19.145,0,0,0,0,0,0,0,0,0,0,0,0,0,0
16.775,0,0,0,0,0,0,0,0,0,0,0,0,0,0
20.111,0,0,0,0,0,0,0,0,0,0,0,0,0,0
16.596,0,0,0,0,0,0,0,0,0,0,0,0,0,0
19.821,0,0,0,0,0,0,0,0,0,0,0,0,0,0
16.533,0,0,0,0,0,0,0,0,0,0,0,0,0,0
16.519,0,0,0,0,0,0,0,0,0,0,0,0,0,0
19.759,0,0,0,0,0,0,0,0,0,0,0,0,0,0
20.592,0,0,0,0,0,0,0,0,0,0,0,0,0,0
21.446,0,0,0,0,0,0,0,0,0,0,0,0,0,0
21.568,0,0,0,0,0,0,0,0,0,0,0,0,0,0
19.036,0,0,0,0,0,0,0,0,0,0,0,0,0,0
23.046,0,0,0,0,0,0,0,0,0,0,0,0,0,0
24.997,0,0,0,0,0,0,0,0,0,0,0,0,0,0
24.375,0,0,0,0,0,0,0,0,0,0,0,0,0,0
21.353,0,0,0,0,0,0,0,0,0,0,0,0,0,0
25.105,0,0,0,0,0,0,0,0,0,0,0,0,0,0
28.308,0,0,0,0,0,0,0,0,0,0,0,0,0,0
24.614,0,0,0,0,0,0,0,0,0,0,0,0,0,0
27.569,0,0,0,0,0,0,0,0,0,0,0,0,0,0
24.619,0,0,0,0,0,0,0,0,0,0,0,0,0,0
24.454,0,0,0,0,0,0,0,0,0,0,0,0,0,0
21.924,0,0,0,0,0,0,0,0,0,0,0,0,0,0
22.119,0,0,0,0,0,0,0,0,0,0,0,0,0,0
22.333,0,0,0,0,0,0,0,0,0,0,0,0,0,0
24.177,0,0,0,0,0,0,0,0,0,0,0,0,0,0
23.509,0,0,0,0,0,0,0,0,0,0,0,0,0,0
19.296,0,0,0,0,0,0,0,0,0,0,0,0,0,0
23.02,0,0,0,0,0,0,0,0,0,0,0,0,0,0
20.616,0,0,0,0,0,0,0,0,0,0,0,0,0,0
20.792,0,0,0,0,0,0,0,0,0,0,0,0,0,0
17.751,0,0,0,0,0,0,0,0,0,0,0,0,0,0
22.347,0,0,0,0,0,0,0,0,0,0,0,0,0,0
21.377,0,0,0,0,0,0,0,0,0,0,0,0,0,0
25.955,0,0,0,0,0,0,0,0,0,0,0,0,0,0
24.608,0,0,0,0,0,0,0,0,0,0,0,0,0,0
18.792,0,0,0,0,0,0,0,0,0,0,0,0,0,0
20.945,0,0,0,0,0,0,0,0,0,0,0,0,0,0
21.161,0,0,0,0,0,0,0,0,0,0,0,0,0,0
21.029,0,0,0,0,0,0,0,0,0,0,0,0,0,0
23.25,0,0,0,0,0,0,0,0,0,0,0,0,0,0
22.669,0,0,0,0,0,0,0,0,0,0,0,0,0,0
18.021,0,0,0,0,0,0,0,0,0,0,0,0,0,0
18.615,0,0,0,0,0,0,0,0,0,0,0,0,0,0
19.187,0,0,0,0,0,0,0,0,0,0,0,0,0,0
14.22,0,0,0,0,0,0,0,0,0,0,0,0,0,0
16.469,0,0,0,0,0,0,0,0,0,0,0,0,0,0
15.482,0,0,0,0,0,0,0,0,0,0,0,0,0,0
16.489,0,0,0,0,0,0,0,0,0,0,0,0,0,0
16.48,0,0,0,0,0,0,0,0,0,0,0,0,0,0
18.103,0,0,0,0,0,0,0,0,0,0,0,0,0,0
17.297,0,0,0,0,0,0,0,0,0,0,0,0,0,0
17.559,0,0,0,0,0,0,0,0,0,0,0,0,0,0
13.652,0,0,0,0,0,0,0,0,0,0,0,0,0,0
17.377,0,0,0,0,0,0,0,0,0,0,0,0,0,0
17.465,0,0,0,0,0,0,0,0,0,0,0,0,0,0
17.985,0,0,0,0,0,0,0,0,0,0,0,0,0,0
18.717,0,0,0,0,0,0,0,0,0,0,0,0,0,0
14.749,0,0,0,0,0,0,0,0,0,0,0,0,0,0
NaN,0,0,0,0,0,0,0,0,0,0,0,0,0,0
NaN,0,0,0,0,0,0,0,0,0,0,0,0,0,0
NaN,0,0,0,0,0,0,0,0,0,0,0,0,0,0
NaN,0,0,0,0,0,0,0,0,0,0,0,0,0,0
1.0186,0,0,0,0,0,0,0,0,0,0,0,0,0,0
49.147,0,0,0,0,0,0,0,0,0,0,0,0,0,0
22.787,0,0,0,0,0,0,0,0,0,0,0,0,0,0
21.764,0,0,0,0,0,0,0,0,0,0,0,0,0,0
19.83,0,0,0,0,0,0,0,0,0,0,0,0,0,0
17.141,0,0,0,0,0,0,0,0,0,0,0,0,0,0
20.377,0,0,0,0,0,0,0,0,0,0,0,0,0,0
19.687,0,0,0,0,0,0,0,0,0,0,0,0,0,0
17.643,0,0,0,0,0,0,0,0,0,0,0,0,0,0
18.26,0,0,0,0,0,0,0,0,0,0,0,0,0,0
16.389,0,0,0,0,0,0,0,0,0,0,0,0,0,0
19.397,0,0,0,0,0,0,0,0,0,0,0,0,0,0
15.981,0,0,0,0,0,0,0,0,0,0,0,0,0,0
15.825,0,0,0,0,0,0,0,0,0,0,0,0,0,0
15.314,0,0,0,0,0,0,0,0,0,0,0,0,0,0
15.122,0,0,0,0,0,0,0,0,0,0,0,0,0,0
16.107,0,0,0,0,0,0,0,0,0,0,0,0,0,0
15.793,0,0,0,0,0,0,0,0,0,0,0,0,0,0
15.519,0,0,0,0,0,0,0,0,0,0,0,0,0,0
14.949,0,0,0,0,0,0,0,0,0,0,0,0,0,0
14.632,0,0,0,0,0,0,0,0,0,0,0,0,0,0
14.731,0,0,0,0,0,0,0,0,0,0,0,0,0,0
14.68,0,0,0,0,0,0,0,0,0,0,0,0,0,0
14.383,0,0,0,0,0,0,0,0,0,0,0,0,0,0
15.081,0,0,0,0,0,0,0,0,0,0,0,0,0,0
15.189,0,0,0,0,0,0,0,0,0,0,0,0,0,0
14.776,0,0,0,0,0,0,0,0,0,0,0,0,0,0
14.8,0,0,0,0,0,0,0,0,0,0,0,0,0,0
14.973,0,0,0,0,0,0,0,0,0,0,0,0,0,0
14.776,0,0,0,0,0,0,0,0,0,0,0,0,0,0
14.481,0,0,0,0,0,0,0,0,0,0,0,0,0,0
14.412,0,0,0,0,0,0,0,0,0,0,0,0,0,0
14.297,0,0,0,0,0,0,0,0,0,0,0,0,0,0
14.779,0,0,0,0,0,0,0,0,0,0,0,0,0,0
14.307,0,0,0,0,0,0,0,0,0,0,0,0,0,0
14.358,0,0,0,0,0,0,0,0,0,0,0,0,0,0
15.405,0,0,0,0,0,0,0,0,0,0,0,0,0,0
15.25,0,0,0,0,0,0,0,0,0,0,0,0,0,0
19.24,0,0,0,0,0,0,0,0,0,0,0,0,0,0
21.887,0,0,0,0,0,0,0,0,0,0,0,0,0,0
23.299,0,0,0,0,0,0,0,0,0,0,0,0,0,0
21.275,0,0,0,0,0,0,0,0,0,0,0,0,0,0
