1
625.524,246.092,582.597,214.294,600.223,190.499,643.151,222.297
623.377,246.515,581.285,213.777,600.185,189.477,642.277,222.215
626.021,243.679,578.642,216.041,594.42,188.995,641.798,216.632
624.68,242.833,576.106,213.433,592.403,186.507,640.977,215.907
620.231,240.846,573.815,214.323,590.615,184.923,637.031,211.446
620.554,241.031,573.708,214.262,590.692,184.538,637.539,211.308
614.029,240.688,571.76,209.691,591.28,183.072,633.549,214.069
609,242,571.596,207.713,594.385,182.853,631.789,217.14
596.471,257.882,579.706,190.824,602.529,185.118,619.294,252.176
602.623,270.091,584.759,269.644,586.932,182.723,604.796,183.17
585,277,585,186,601,186,601,277
584,274,584,189,601,189,601,274
581,269,581,190,600,190,600,269
579,268,579,188,598,188,598,268
593.536,271.262,573.166,269.753,579.445,184.996,599.815,186.505
593.68,277.265,573.842,276.581,576.914,187.48,596.753,188.164
592.95,278.032,573.087,277.706,574.611,184.748,594.474,185.073
574,278,574,183,594,183,594,278
572,279,572,185,593,185,593,279
572,278,572,182,592,182,592,278
571,283,571,185,592,185,592,283
571.833,279.299,570.316,182.198,590.701,181.88,592.218,278.981
570,280,570,182,591,182,591,280
570,284,570,182,591,182,591,284
569,285,569,182,590,182,590,285
569.042,282.356,567.273,183.263,588.712,182.88,590.482,281.974
568,286,568,182,589,182,589,286
587.894,285.013,566.914,284.696,568.473,181.78,589.453,182.098
586.744,284.055,564.766,283.358,567.969,182.459,589.947,183.157
585.877,284.057,564.896,283.421,568.013,180.576,588.994,181.212
566,286,566,181,587,181,587,286
565,277,565,179,587,179,587,277
580.828,279.069,559.062,277.255,567.586,174.965,589.352,176.779
565,278,565,176,586,176,586,278
564,280,564,176,588,176,588,280
565,273,565,182,591,182,591,273
564,275,564,188,593,188,593,275
577.132,259.962,557.472,191.151,586.528,182.849,606.189,251.66
573.623,259.306,558.118,189.529,587.659,182.965,603.165,252.741
574.823,258.294,557.706,189.824,586.882,182.529,604,251
558,248,558,186,592,186,592,248
589.406,247.315,555.152,244.868,559.381,185.67,593.635,188.117
578.678,240.564,538.727,196.003,565.433,172.06,605.384,216.621
577.754,238.456,535.567,197.891,561.22,171.211,603.407,211.776
581.462,237.394,532.533,214.368,549.62,178.057,598.55,201.082
582.062,237.361,532.701,215.423,549.278,178.124,598.639,200.062
582.062,237.361,532.701,215.423,549.278,178.124,598.639,200.062
582.062,237.361,532.701,215.423,549.278,178.124,598.639,200.062
582.062,237.361,532.701,215.423,549.278,178.124,598.639,200.062
582.062,237.361,532.701,215.423,549.278,178.124,598.639,200.062
582.062,237.361,532.701,215.423,549.278,178.124,598.639,200.062
582.062,237.361,532.701,215.423,549.278,178.124,598.639,200.062
579,243,537.5,201.5,563.5,175.5,605,217
584.2,242.6,536.6,218.8,554.8,182.4,602.4,206.2
578.556,245.709,542.26,196.04,571.018,175.025,607.314,224.693
575.116,248.122,547.83,190.139,578.652,175.635,605.938,233.618
585.169,252.646,556.246,249.031,565.046,178.631,593.969,182.246
563,281,563,188,587,188,587,281
579.722,285.371,553.037,281.732,564.635,196.678,591.32,200.316
579.931,287.326,551.284,282.485,566.599,191.876,595.245,196.717
580.953,287.556,550.526,281.824,566.73,195.819,597.157,201.551
582.44,284.538,551.504,277.714,569.527,196.013,600.463,202.837
585.056,287.684,553.844,280.696,572.414,197.749,603.626,204.737
587.866,288.93,556.81,282.993,573.119,197.684,604.175,203.622
589.157,292.899,556.805,285.904,575.719,198.426,608.071,205.421
591.573,294.755,558.567,287.782,577.45,198.405,610.455,205.378
594.744,297.094,561.613,290.783,579.188,198.512,612.319,204.823
598.847,299.11,565.402,293.687,580.81,198.672,614.255,204.095
601.374,301.12,567.844,296.027,582.624,198.728,616.154,203.821
603.9,302.7,569.74,297.82,583.9,198.7,618.06,203.58
606,309,572.171,304.539,586.094,198.957,619.923,203.418
608.15,311.137,573.827,307.051,586.807,198.025,621.13,202.111
609.406,313.914,575.527,309.732,589.315,198.051,623.193,202.234
611.255,315.031,577.268,310.831,590.874,200.748,624.86,204.949
613.189,317.135,579.555,313.313,592.329,200.901,625.963,204.723
615.446,316.431,580.246,312.031,594.031,201.754,629.231,206.154
617.456,319.446,584.089,316.109,595.406,202.941,628.772,206.277
619.548,315.795,585.504,312.211,596.912,203.833,630.956,207.417
620.724,314.283,587.909,310.874,599.017,203.963,631.831,207.372
623.081,310.84,590.203,307.424,600.953,203.956,633.831,207.372
623.923,312.337,590.597,308.492,602.663,203.923,635.988,207.768
625.245,313.27,591.779,309.238,604.461,203.971,637.927,208.003
626.634,315.188,593.837,311.418,606.185,203.987,638.982,207.757
628.802,317.653,594.362,313.778,606.73,203.845,641.169,207.719
629.532,316.699,595.106,312.347,608.841,203.715,643.267,208.068
630.047,318.45,594.961,313.267,610.735,206.484,645.822,211.667
631.686,320.358,596.183,315.625,610.751,206.367,646.253,211.1
632.402,319.474,597.311,314.588,612.358,206.518,647.45,211.404
633.23,319.456,598.222,314.514,613.35,207.355,648.358,212.298
633.494,318.627,598.546,313.751,613.389,207.38,648.336,212.256
633.48,317.64,598.48,312.64,613.38,208.34,648.38,213.34
633.5,317.5,598.5,312.5,613.24,209.32,648.24,214.32
633.465,316.654,598.411,311.524,613.371,209.298,648.425,214.428
633.609,315.674,598.626,310.555,613.299,210.288,648.282,215.407
633.657,314.695,598.676,309.474,613.334,211.259,648.317,216.48
633.621,313.7,598.696,308.408,613.395,211.393,648.32,216.685
636.878,320.654,600.116,314.453,617.007,214.314,653.769,220.515
637.196,328.177,600.483,322.738,616.505,214.593,653.218,220.032
638.028,323.324,599.924,317.228,616.81,211.689,654.914,217.786
638.103,322.759,600.713,317.201,616.414,211.575,653.804,217.133
638.703,325.784,600.919,319.487,618.946,211.324,656.73,217.622
638.746,324.911,600.964,318.921,618.032,211.261,655.814,217.251
638.216,324.184,605.772,319.279,623.922,199.209,656.367,204.114
617,303,617,193,651,193,651,303
617,302,617,193,651,193,651,302
617,328,617,203,653,203,653,328
621.851,324.864,616.054,203.14,651.26,201.464,657.057,323.188
638.446,323.134,610.776,208.502,645.218,200.189,672.888,314.82
634.284,319.787,610.075,205.466,644.586,198.158,668.795,312.479
617.93,318.879,610.584,201.339,645.759,199.14,653.105,316.681
628.055,324.327,607.618,202.906,641.5,197.203,661.937,318.625
617.931,310.307,606.842,199.416,641.99,195.901,653.079,306.792
624,311,602.379,200.491,637.994,193.523,659.615,304.032
612.053,310.796,604.624,199.358,640.929,196.938,648.359,308.376
619.741,297.835,597.365,197.141,632.729,189.282,655.106,289.976
600,295,600,195,637,195,637,295
613,297,593.341,197.299,630.298,190.012,649.957,289.713
597,292,597,192,633,192,633,292
599.53,289.077,594.445,192.45,629.61,190.6,634.696,287.227
595,290,595,195,629,195,629,290
613.065,288.831,587.287,197.749,619.674,188.583,645.452,279.664
610.683,287.94,585.141,197.793,618.852,188.242,644.393,278.388
589,283,589,195,625,195,625,283
607.504,285.043,581.413,197.561,614.827,187.596,640.918,275.077
586,277,586,190,623,190,623,277
584,274,584,191,619,191,619,274
587,277,587,188,617,188,617,277
606.921,283.792,580.386,281.139,589.95,185.495,616.485,188.148
607.976,280.22,577.354,276.817,587.232,187.915,617.854,191.317
603.551,279.508,572.586,274.619,585.916,190.197,616.881,195.087
600.704,284.128,569.112,278.384,584.776,192.232,616.368,197.976
590.4,283.8,560.1,273.7,587.7,190.9,618,201
591.021,282.99,560.674,273.048,587.662,190.665,618.008,200.606
599.297,286.216,566.865,280.811,581.108,195.351,613.541,200.757
596.6,280.8,564.729,273.718,583.388,189.753,615.259,196.835
588.194,282.106,557.111,271.346,585.431,189.534,616.514,200.293
596.885,282.577,564.385,276.077,581.269,191.654,613.769,198.154
597.017,283.311,564.118,276.984,580.559,191.492,613.458,197.819
596.461,284.204,563.748,277.913,580.374,191.456,613.087,197.747
588.457,283.791,556.224,273.411,583.393,189.042,615.627,199.422
588.794,283.87,557.009,273.97,583.196,189.897,614.981,199.797
589.06,282.969,557.007,272.819,583.385,189.522,615.437,199.672
594.424,283.094,561.812,275.847,580.965,189.659,613.577,196.906
589.525,283.033,557.627,273.684,582.534,188.708,614.432,198.057
589.255,283.954,557.357,274.605,582.534,188.708,614.432,198.057
589.724,282.228,557.982,272.235,584.344,188.497,616.086,198.49
591.774,283.792,559.679,274.623,584.359,188.245,616.453,197.415
592.071,287.301,560.071,278.301,585.296,188.615,617.296,197.615
592.521,294.607,561.398,287.114,584.638,190.58,615.76,198.072
601.443,288.49,567.728,282.54,584.007,190.295,617.721,196.245
599.923,289.385,566.269,282.654,584.808,189.962,618.461,196.692
597.809,295.399,565.064,288.176,586.867,189.338,619.612,196.561
600.663,294.571,566.449,287.239,587.054,191.083,621.268,198.415
600.692,293.539,566.654,286.731,585.769,191.154,619.808,197.962
600.808,294.542,566.844,287.987,585.695,190.309,619.658,196.864
600.863,295.543,566.845,289.091,585.568,190.367,619.586,196.818
607.656,298.392,569.464,291.448,585.592,202.744,623.784,209.688
612.029,297.804,573.985,292.098,588.281,196.792,626.325,202.499
602.175,295.397,563.534,282.336,591.781,198.771,630.423,211.833
602.045,294.701,562.878,281.272,591.173,198.745,630.341,212.174
610.551,306.805,571.25,297.897,593.355,200.374,632.656,209.282
613.288,308.845,574.753,301.254,594.651,200.234,633.186,207.825
614.18,308.049,575.78,300.272,595.753,201.659,634.152,209.436
615.367,305.94,577.489,297.789,598.735,199.057,636.614,207.208
616.688,308.022,578.049,299.6,599.527,201.051,638.166,209.472
617.015,303.765,577.752,293.803,602.263,197.201,641.526,207.163
618.6,300.716,579.789,290.029,606.353,193.561,645.164,204.248
621.291,300.411,580.274,289.473,604.224,199.66,645.241,210.598
622.251,301.645,581.446,290.907,605.811,198.319,646.617,209.057
621.645,301.715,582.101,291.027,608.255,194.258,647.799,204.946
627.26,301.18,590.16,295.88,604.64,194.52,641.74,199.82
625.953,300.29,588.4,294.2,604.444,195.261,641.997,201.351
630,299,593.561,294.951,604.585,195.732,641.024,199.781
599,286,599,181,629,181,629,286
2
0
0
0
0
1
616.188,256.153,595.6,223.8,658.106,184.023,678.694,216.376
615.539,256.663,594.809,223.494,658.989,183.382,679.719,216.551
617.698,257.73,595.393,223.742,659.087,181.943,681.392,215.93
616.226,254.797,596.928,218.232,662.476,183.638,681.774,220.203
616.63,252.673,597.867,216.589,663.767,182.321,682.53,218.404
619.89,255.633,595.922,221.573,655.619,179.564,679.587,213.624
631.2,258.4,598.08,233.56,639.84,177.88,672.96,202.72
643.992,258.051,610.408,252.749,621.532,182.295,655.116,187.597
628.781,270.142,613.74,188.252,640.293,183.375,655.334,265.265
638,268,601.065,192.81,629.657,178.765,666.592,253.955
635.552,254.107,593.913,199.655,624.238,176.465,665.878,230.917
635,252,591.337,201.868,621.071,175.97,664.734,226.102
633.264,251.657,588.335,204.589,618.802,175.507,663.731,222.575
633.228,251.64,588.781,204.97,619.27,175.934,663.717,222.603
634.725,261.301,591.879,200.328,622.764,178.625,665.61,239.598
632.656,262.143,591.591,198.083,623.013,177.94,664.078,242.001
632.517,262.568,591.646,197.855,623.174,177.943,664.046,242.656
632.485,262.285,590.492,197.68,621.213,177.712,663.206,242.316
632.405,263.247,590.775,196.641,622.056,177.09,663.685,243.697
632.88,263.366,590.028,196.871,621.336,176.694,664.189,243.189
629.632,261.202,587.194,196.296,618.555,175.791,660.994,240.696
628.669,261.837,587.179,195.83,618.943,175.864,660.433,241.871
629.119,262.554,587.179,195.83,619.046,175.8,660.986,242.523
628.139,262.137,587.353,195.395,619.429,175.793,660.216,242.535
627.692,262.539,584,197,615.846,175.769,659.538,241.308
626.663,265.461,583.236,195.978,616.135,175.416,659.562,244.899
626.677,263.361,580.456,198.308,612.965,175.209,659.186,240.262
626.737,262.381,580.253,198.68,612.438,175.193,658.923,238.894
626.612,261.517,580.644,199.636,612.293,176.125,658.261,238.006
622.615,261.923,580.154,198.231,612.461,176.692,654.923,240.385
622.474,262.32,580.183,198.038,612.912,176.506,655.203,240.788
621,263,577.923,198.385,610.461,176.692,653.538,241.308
620.656,262.962,577.179,199.196,610.784,176.283,654.261,240.049
620,264,574.324,200.054,607.149,176.608,652.824,240.554
619.36,264.895,573.698,201.294,606.455,177.776,652.117,241.377
618.954,265.397,574.359,200.097,607.508,177.458,652.104,242.759
618.972,264.404,574.512,200.184,607.272,177.504,651.732,241.724
617.299,264.483,572.754,199.894,605.353,177.412,649.898,242.002
618.128,265.611,572.087,199.839,604.503,177.148,650.544,242.919
617.846,264.835,571.849,201.316,604.31,177.81,650.307,241.329
617.185,263.798,571.182,201.066,604.13,176.905,650.133,239.636
616.269,265.862,571.375,200.017,604.732,177.274,649.626,243.118
615.846,265.769,571.692,199.538,605.385,177.077,649.538,243.308
616.132,267.962,570.215,200.853,604.236,177.576,650.153,244.685
618.035,262.375,562.631,212.166,593.466,178.141,648.87,228.351
623.294,264.657,558.561,216.755,586.61,178.851,651.343,226.753
625.19,266.888,553.707,220.634,579.061,181.451,650.544,227.705
626.447,265.551,548.139,224.336,571.826,179.33,650.135,220.544
627.083,265.636,546.98,224.905,570.269,179.103,650.373,219.834
625.273,263.229,539.652,229.499,557.922,183.121,643.544,216.851
623.551,264.814,537.666,231.872,555.41,185.609,641.295,218.552
623.291,264.679,534.711,231.778,551.833,185.681,640.412,218.582
620.998,264.273,529.411,231.653,546.297,184.243,637.885,216.863
619.055,267.354,527.861,232.614,546.032,184.917,637.226,219.658
616.574,265.259,523.943,233.884,540.453,185.137,633.084,216.512
617.5,265.5,523.9,234.3,540,186,633.6,217.2
609.362,265.278,511.804,233.808,527.167,186.183,624.725,217.653
603.324,267.184,510.903,232.175,528.927,184.593,621.348,219.602
602.82,267.469,510.882,232.108,529.258,184.33,621.196,219.691
590.649,270.625,501.701,235.308,521.372,185.766,610.32,221.083
591.588,269.501,497.8,236.4,514.914,187.911,608.701,221.012
588.627,270.036,495.559,237.996,512.527,188.706,605.596,220.746
583.984,271.415,491.185,241.827,507.196,191.613,599.994,221.201
582.163,271.982,490.734,241.941,507.438,191.101,598.868,221.142
568.56,276.113,484.824,239.706,507.177,188.294,590.913,224.701
568.017,276.293,484.5,240.5,506.845,188.362,590.362,224.155
555.441,276.874,475.185,241.067,498.467,188.885,578.722,224.691
560.219,271.924,469.9,244.505,485.088,194.473,575.408,221.892
557.622,272.755,464.512,247.63,477.979,197.725,571.088,222.849
549.878,274.454,460.58,247.211,476.139,196.212,565.437,223.456
548.803,274.536,460.485,247.471,476.213,196.146,564.532,223.211
538.075,276.097,452.577,247.089,469.714,196.581,555.211,225.589
528.621,279.552,447.276,244.69,469.466,192.914,550.81,227.776
530.231,279.798,446.975,245.879,468.199,193.785,551.454,227.704
521.231,281.703,439.139,246.318,461.738,193.887,543.831,229.272
519.822,282.278,438.733,246.077,462.238,193.428,543.327,229.628
502.544,287.836,430.532,245.622,463.825,188.828,535.837,231.042
504.43,287.141,430.472,245.919,461.767,189.772,535.725,230.994
500.083,285.558,422.087,249.68,448.421,192.434,526.417,228.312
494.17,286.094,421.745,245.859,452.123,191.179,524.547,231.415
493.374,286.306,421.669,245.718,452.858,190.618,524.563,231.205
489.573,291.51,420.399,244.472,455.255,193.213,524.429,240.252
492.773,294.739,420.507,245.537,454.269,195.949,526.535,245.152
486.931,297.265,420.761,246.133,458.214,197.665,524.384,248.797
479.953,303.043,421.217,238.714,463.874,199.767,522.609,264.096
434,309,434,215,488,215,488,309
480.221,311.424,428.439,307.894,435.056,210.845,486.838,214.375
433,311,433,213,484,213,484,311
431,304,431,210,481,210,481,304
430,292,430,215,480,215,480,292
433.813,301.432,428.21,224.385,476.464,220.875,482.067,297.922
427,293,427,220,478,220,478,293
428,293,428,220,478,220,478,293
459,297,415.332,244.297,454.872,211.535,498.54,264.238
451.532,300.805,416.082,240.54,460.09,214.653,495.54,274.918
427,297,427,224,475,224,475,297
427,301,427,226,474,226,474,301
426,300,426,227,474,227,474,300
426,299,426,227,474,227,474,299
426,298,426,227,474,227,474,298
426,298,426,227,474,227,474,298
467.5,290.5,415.577,280.115,426.885,223.577,478.808,233.962
468.821,289.6,410.274,261.866,430.656,218.837,489.204,246.57
473.339,285.531,403.752,264.407,416.731,221.65,486.318,242.775
473,287,400.1,262.7,413.9,221.3,486.8,245.6
474.263,287.671,397.911,263.432,411.268,221.355,487.621,245.594
475.451,287.31,395.928,263.593,408.196,222.462,487.719,246.179
474.394,289.988,396.229,262.166,411.098,220.391,489.263,248.212
475.441,290.2,396.784,263.537,411.182,221.062,489.839,247.725
471.834,296.338,393.041,264.364,410.527,221.272,489.32,253.246
471.399,297.485,393.336,266.772,411.103,221.614,489.166,252.328
474.651,298.265,390.326,271.218,404.906,225.762,489.231,252.81
475.438,298.667,390.432,271.998,404.685,226.568,489.691,253.236
471.723,298.049,387.741,273.268,401.268,227.423,485.251,252.205
472.643,298.321,387.092,273.076,400.811,226.584,486.362,251.828
466.411,302.065,386.346,272.476,403.551,225.921,483.616,255.51
465.964,302.701,385.828,274.082,402.208,228.217,482.344,256.837
466.897,302.864,385.739,274.459,401.688,228.891,482.846,257.296
463.526,304.433,389.68,276.031,407.464,229.794,481.309,258.196
458,308,389.6,273.8,413,227,481.4,261.2
450.151,309.528,392.33,277.406,419.028,229.349,476.849,261.472
452.458,308.929,397.179,278.614,423.645,230.354,478.924,260.668
452,312,400.2,282.4,427.092,235.339,478.892,264.938
452.715,312.626,401.434,294.943,420.148,240.672,471.429,258.355
457.385,309.982,403.757,293.338,419.893,241.346,473.521,257.989
458,312,406.267,272.808,433.338,237.074,485.071,276.266
457,310,406.199,275.074,431.875,237.727,482.676,272.652
457,311,406.352,274.597,432.892,237.672,483.54,274.075
457,310,406.411,275.22,432.117,237.83,482.706,272.61
462.498,314.623,410.646,272.853,437.719,239.246,489.571,281.016
462.569,314.554,410.369,273.954,437.185,239.477,489.385,280.077
462.302,312.304,412.289,297.148,428.024,245.219,478.038,260.375
462.773,309.679,408.287,276.7,431.87,237.737,486.356,270.716
464.753,307.405,405.325,277.084,425.211,238.107,484.639,268.428
469.214,305.616,400.501,276.685,416.031,239.802,484.743,268.734
471.794,304.536,397.815,276.082,411.861,239.562,485.84,268.016
467,307,401.4,274.2,420.4,236.2,486,269
467.802,310.696,402.772,274.188,423.628,237.037,488.659,273.545
467.773,309.01,401.619,279.608,419.186,240.083,485.34,269.485
467.397,308.274,401.315,283.493,416.89,241.959,482.973,266.74
467.325,308.356,401.387,282.995,417.186,241.917,483.124,267.278
467.15,308.542,401.587,281.832,418.333,240.728,483.895,267.439
467.412,308.709,403.563,274.557,423.951,236.439,487.8,270.591
466.708,309.09,403.152,275.367,423.643,236.749,487.198,270.473
466.747,309.718,403.783,275.023,424.943,236.622,487.907,271.316
466.8,309.4,402.4,277.2,422.2,237.6,486.6,269.8
466.6,309.8,402.6,277.8,422.4,238.2,486.4,270.2
470.6,305.8,407.8,274.4,427.8,234.4,490.6,265.8
470.684,306.218,407.405,275.314,427.249,234.68,490.529,265.584
471.045,306.45,407.001,275.082,426.905,234.443,490.949,265.812
476.332,307.596,413.008,273.725,434.644,233.275,497.969,267.146
476.574,307.173,413.201,273.374,434.571,233.304,497.945,267.104
479.541,305.841,417.815,272.172,439.866,231.745,501.592,265.414
479.927,306.211,417.656,272.481,439.87,231.471,502.141,265.201
483.827,307.338,423.916,272.268,447.874,231.341,507.784,266.41
484.697,307.205,423.688,272.887,446.949,231.534,507.958,265.852
489.351,310.711,433.402,285.845,454.268,238.897,510.216,263.763
494.469,312.915,452.099,308.335,459.547,239.438,501.917,244.018
487.928,329.466,457.269,244.303,487.439,233.442,518.098,318.605
479.139,333.533,469.992,232.91,496.951,230.459,506.098,331.082
481.32,335.477,473.629,227.812,499.355,225.975,507.046,333.64
486.135,335.769,476.202,229.825,501.387,227.464,511.319,333.408
489.385,332.471,481.523,227.636,506.432,225.768,514.295,330.603
486.699,317.037,482.254,221.453,509.427,220.189,513.873,315.773
492.996,325.913,488.753,228.315,514.747,227.185,518.991,324.783
497.297,323.447,490.903,227.54,516.057,225.863,522.451,321.77
502.585,322.268,492.11,227.988,519.11,224.988,529.585,319.268
498,314,498,222,526,222,526,314
501,310,501,217,530,217,530,310
504,309,504,215,533,215,533,309
508,311,508,220,537,220,537,311
511,305,511,215,541,215,541,305
513,306,513,212,543,212,543,306
517,305,517,217,547,217,547,305
521,302,521,212,551,212,551,302
524,303,524,209,554,209,554,303
535.554,307.431,523.862,213.892,553.277,210.215,564.969,303.754
531,301,531,206,562,206,562,301
535.155,306.506,533.385,209.157,563.411,208.611,565.181,305.96
536,297,536,204,568,204,568,297
540,298,540,209,571,209,571,298
542,293,542,205,573,205,573,293
545,299,545,207,576,207,576,299
562.2,284.6,537.2,209.6,568.7,199.1,593.7,274.1
565.749,279.634,539.86,213.734,572.006,201.105,597.895,267.006
570.991,274.637,537.802,219.804,569.158,200.826,602.346,255.659
577,271,534.5,228.5,562.5,200.5,605,243
583.722,267.068,530.448,234.824,551.105,200.695,604.379,232.94
589.415,264.027,528.021,231.868,546.048,197.454,607.441,229.612
591.6,264.8,525.2,231.6,544.2,193.6,610.6,226.8
594.559,264.403,526.596,229.755,546.312,191.081,614.276,225.729
596.102,263.864,526.017,230.119,544.851,191.002,614.937,224.747
597,263,526.6,227.8,546.8,187.4,617.2,222.6
596.6,262.8,527.8,228.4,548.2,187.6,617,222
596.61,259.597,528.001,223.921,548.647,184.217,617.256,219.893
597.004,259.762,527.231,223.48,547.893,183.744,617.666,220.027
598.365,257.865,529.941,220.801,552.399,179.341,620.823,216.404
598.961,258.214,530.122,220.42,552.787,179.138,621.626,216.932
601.476,255.427,529.175,218.538,550.548,176.647,622.849,213.535
602.317,255.784,528.779,218.322,549.903,176.856,623.441,214.319
602.459,253.243,529.957,214.859,552.116,173.003,624.619,211.387
604.8,250.4,530.4,213.2,550.8,172.4,625.2,209.6
605.176,249.788,530.25,213.713,549.692,173.333,624.618,209.409
605.2,247.6,530.8,210.4,550.6,170.8,625,208
605.452,246.435,531.191,208.546,551.515,168.712,625.776,206.6
603.404,244.679,532.917,206.725,554.271,167.069,624.757,205.023
602.612,244.879,533.178,207.006,554.962,167.07,624.395,204.943
605.873,241.649,531.984,203.951,552.102,164.521,625.99,202.219
605.6,240.8,532.4,204.2,552.2,164.6,625.4,201.2
605.247,238.85,532.19,201.544,552.743,161.294,625.8,198.6
604.652,236.056,531.967,198.94,552.339,159.045,625.024,196.161
604.144,235.92,532.762,199.314,553.22,159.421,624.602,196.027
604.372,231.524,533.782,195.324,554.032,155.837,624.622,192.037
605.774,229.256,533.904,195.615,552.448,155.997,624.318,189.638
604.956,227.954,534.359,191.051,554.308,152.888,624.905,189.791
603.988,225.549,536.42,189.888,556.876,151.129,624.444,186.79
592.447,229.143,544.36,177.85,579.154,145.231,627.241,196.524
584.706,228.833,550.563,168.581,590.605,145.891,624.748,206.143
565,231,565,151,602,151,602,231
587.113,241.99,555.501,234.38,577.439,143.254,609.051,150.864
587.001,241.227,555.625,233.531,577.822,143.032,609.199,150.728
586.905,237.23,554.496,228.981,577.928,136.927,610.337,145.177
586.321,238.539,554.789,231.219,577.225,134.57,608.758,141.89
586.106,244.933,555.246,237.919,578.959,133.581,609.819,140.595
585.052,250.326,555.028,243.746,579.001,134.37,609.024,140.951
587.234,242.419,555.415,236.453,575.872,127.351,607.691,133.317
586.919,252.486,555.459,247.243,574.865,130.811,606.324,136.054
586.889,252.564,556.669,248.184,573.604,131.334,603.824,135.714
567,249,567,131,598,131,598,249
587.735,250.238,556.862,246.008,573.053,127.815,603.925,132.045
588.421,244.434,556.679,240.404,571.302,125.245,603.044,129.275
585.836,246.619,554.616,241.583,572.922,128.084,604.142,133.12
586.169,246.655,555.037,241.763,572.914,128.001,604.045,132.893
585.776,240.649,555.156,236.49,570.635,122.506,601.255,126.664
585.605,243.078,555.838,239.261,570.644,123.775,600.411,127.591
588.852,246.366,559.716,244.545,567.265,123.767,596.401,125.588
586.538,245.299,556.094,242.726,565.939,126.22,596.384,128.793
585.943,241.39,556.835,239.092,565.967,123.419,595.075,125.716
585.912,243.327,557.438,241.429,565.359,122.624,593.832,124.522
586.586,242.279,556.212,240.761,562.008,124.85,592.381,126.369
586.357,247.153,556.963,245.816,562.542,123.07,591.936,124.406
586.596,240.166,557.995,239.132,562.435,116.293,591.036,117.327
585.515,242.141,556.8,240.992,561.634,120.145,590.348,121.294
585.638,240.119,557.964,239.409,561.091,117.438,588.765,118.148
584.531,240.208,555.603,238.878,561.115,118.994,590.043,120.324
585.695,241.109,557.129,240.445,559.988,117.511,588.554,118.176
585.644,242.109,557.872,241.456,560.859,114.503,588.632,115.156
584.524,242.163,555.706,241.122,560.116,119.137,588.933,120.178
584.611,241.161,555.82,240.156,560.108,117.236,588.899,118.241
584.465,242.158,555.748,241.144,560.19,115.301,588.907,116.314
582.748,237.127,553.18,235.762,558.709,115.971,588.277,117.336
583.692,239.11,555.131,238.438,558.024,115.483,586.584,116.155
583.647,240.116,554.74,239.393,557.864,114.422,586.771,115.144
583.391,242.142,554.595,241.384,557.911,115.392,586.707,116.15
583.769,240.066,555.026,239.736,556.44,116.752,585.183,117.083
556,236,556,112,583,112,583,236
556,221,556,111,587,111,587,221
575.186,194.341,532.355,139.695,569.322,110.721,612.153,165.367
582.04,186.933,523.519,152.352,547.628,111.553,606.149,146.133
585.163,187.645,517.377,153.156,538.251,112.128,606.038,146.616
586.45,187.918,513.779,153.72,533.201,112.448,605.873,146.646
586.895,187.507,513.771,153.654,532.312,113.607,605.435,147.461
587.048,188.168,513.412,153.359,532.605,112.759,606.24,147.568
587.865,188.555,512.981,153.155,532.069,112.778,606.953,148.178
589.275,188.512,512.424,153.456,530.905,112.939,607.757,147.994
588.62,187.756,513.424,153.456,531.561,113.694,606.757,147.994
587.428,187.77,513.036,153.231,531.451,113.567,605.844,148.106
580.588,187.741,506.135,152.996,525.602,111.281,600.055,146.026
580,188,506.4,151.2,527,110,600.6,146.8
581.589,187.096,504.548,158.206,520.863,114.699,597.904,143.589
577.633,188.089,506.003,150.841,527.631,109.248,599.262,146.496
578.449,188.492,505.972,150.911,527.539,109.317,600.016,146.897
577.491,188.803,506.17,150.399,528.326,109.252,599.647,147.656
578.857,188.704,505.972,150.911,527.539,109.317,600.425,147.109
577.491,188.803,506.17,150.399,528.326,109.252,599.647,147.656
578.857,188.704,505.972,150.911,527.539,109.317,600.425,147.109
577.491,188.803,506.17,150.399,528.326,109.252,599.647,147.656
578.857,188.704,505.972,150.911,527.539,109.317,600.425,147.109
577.491,188.803,506.17,150.399,528.326,109.252,599.647,147.656
578.857,188.704,505.972,150.911,527.539,109.317,600.425,147.109
577.491,188.803,506.17,150.399,528.326,109.252,599.647,147.656
578.857,188.704,505.972,150.911,527.539,109.317,600.425,147.109
570.077,188.385,507.538,146.692,535.692,104.462,598.231,146.154
559.767,192.549,511.503,140.423,550.129,104.659,598.393,156.784
554.751,196.145,517.249,131.855,560.896,106.394,598.399,170.684
563.307,205.126,523.956,196.779,542.877,107.58,582.227,115.927
563.891,207.73,527.639,202.319,542.158,105.039,578.411,110.449
562.339,209.904,528.643,204.201,545.29,105.834,578.986,111.536
564.003,211.689,530.332,207.825,541.836,107.571,575.508,111.435
562.727,213.868,528.808,209.491,542.249,105.322,576.168,109.699
566.826,235.104,538.183,234.488,540.848,110.545,569.491,111.161
540.911,242.256,539.574,111.219,566.938,110.939,568.275,241.977
542,245,542,106,568,106,568,245
541,239,541,110,568,110,568,239
541,239,541,108,567,108,567,239
541,238,541,109,567,109,567,238
541,237,541,108,567,108,567,237
541,232,541,105,567,105,567,232
541.043,236.302,539.398,111.232,565.762,110.885,567.407,235.955
544.022,249.647,539.349,112.568,562.787,111.769,567.461,248.848
545.358,249.107,537.789,114.744,561.123,113.43,568.693,247.792
542.24,249.454,539.226,118.317,563.833,117.751,566.848,248.889
542.218,247.501,539.248,118.27,563.855,117.704,566.826,246.935
543.327,247.697,539.002,119.404,562.784,118.603,567.109,246.895
544.501,246.896,538.645,119.522,561.608,118.466,567.464,245.841
544.402,247.845,538.524,118.522,561.567,117.474,567.445,246.798
544.6,247.902,538.629,119.529,561.417,118.469,567.388,246.842
545.185,246.896,539.125,119.613,561.312,118.557,567.373,245.839
545.127,247.596,540.669,121.294,562.63,120.519,567.088,246.82
544.652,244.823,539.4,121.409,561.807,120.455,567.058,243.87
543.916,239.646,539.619,119.335,561.805,118.543,566.102,238.854
543.125,244.678,538.752,116.383,561.578,115.605,565.951,243.899
543.207,247.483,540.012,116.488,562.657,115.935,565.852,246.93
542.818,237.73,538.6,115.393,561.71,114.596,565.929,236.934
542.99,241.723,538.29,111.676,560.562,110.871,565.262,240.918
540.966,238.467,538.25,116.239,561.86,115.714,564.576,237.943
543.305,239.847,537.538,105.751,560.474,104.765,566.241,238.861
542.556,243.707,537.158,110.561,560.093,109.631,565.491,242.777
541.532,241.826,536.518,111.48,560.291,110.566,565.304,240.911
542.045,244.95,535.606,109.733,559.837,108.579,566.276,243.796
539.085,240.528,535.975,111.459,561.659,110.84,564.769,239.909
539.037,243.547,535.843,109.385,561.709,108.769,564.903,242.931
540.767,243.93,534.544,108.573,559.468,107.427,565.691,242.784
539.918,241.781,535.089,111.404,559.574,110.497,564.403,240.874
540.431,238.943,534.203,109.713,558.304,108.552,564.532,237.782
540.026,239.703,535.167,108.512,559.393,107.615,564.252,238.805
539.771,235.965,534.027,109.59,557.569,108.52,563.313,234.895
538.819,237.688,534.647,115.319,558.778,114.496,562.95,236.865
538.822,238.673,534.677,114.311,558.784,113.507,562.929,237.869
537.712,232.743,533.411,109.439,557.498,108.599,561.799,231.902
537.846,231.684,533.62,113.371,557.59,112.515,561.815,230.828
537.917,231.735,533.587,113.381,557.543,112.505,561.873,230.858
537.917,231.735,533.587,113.381,557.543,112.505,561.873,230.858
557.425,226.09,527.734,224.211,534.999,109.418,564.69,111.297
532,224,532,108,564,108,564,224
532,223,532,108,564,108,564,223
537.721,247.874,524.069,121.968,548.516,119.317,562.169,245.223
541.512,245.816,518.84,121.12,542.072,116.896,564.744,241.592
541.845,243.575,522.333,121.179,545.682,117.457,565.194,239.853
542.662,237.828,522.449,121.038,546.274,116.914,566.487,233.704
540.851,237.89,523.618,123.718,549.74,119.775,566.973,233.947
545.17,238.231,522.111,125.243,547.287,120.105,570.346,233.093
542.192,234.862,524.486,124.69,550.893,120.446,568.599,230.618
542.637,235.63,524.956,125.614,551.05,121.421,568.731,231.436
543.054,235.773,525.031,125.631,550.972,121.386,568.995,231.528
543.054,235.773,525.031,125.631,550.972,121.386,568.995,231.528
543.054,235.773,525.031,125.631,550.972,121.386,568.995,231.528
543.054,235.773,525.031,125.631,550.972,121.386,568.995,231.528
543.054,235.773,525.031,125.631,550.972,121.386,568.995,231.528
559.463,210.078,531.755,208.6,537.658,97.9151,565.366,99.3928
533,200,533,99,565,99,565,200
556.791,172.942,509.958,123.578,544.262,91.0332,591.095,140.397
561.607,170.906,504.192,128.948,530.539,92.8939,587.955,134.852
566.323,169.564,506.654,141.484,526.213,99.9235,585.881,128.003
566.403,169.537,506.573,142.517,525.933,99.6474,585.763,126.667
566.403,169.537,506.573,142.517,525.933,99.6474,585.763,126.667
566.403,169.537,506.573,142.517,525.933,99.6474,585.763,126.667
566.403,169.537,506.573,142.517,525.933,99.6474,585.763,126.667
566.403,169.537,506.573,142.517,525.933,99.6474,585.763,126.667
558.884,163.785,499.128,124.874,523.258,87.8188,583.013,126.73
559.705,163.342,496.605,124.934,518.986,88.1655,582.085,126.574
561.8,162.4,493,128,512.2,89.6,581,124
562.354,161.954,492.834,130.09,510.872,90.7332,580.393,122.597
559.883,161.757,492.807,123.616,514.148,86.0843,581.225,124.226
557.177,162.294,494.282,122.271,518.865,83.6412,581.759,123.665
556.589,162.453,494.204,121.83,519.024,83.7133,581.409,124.336
555.413,163.333,495.549,121.998,521.454,84.4802,581.318,125.815
556.136,160.006,490.297,123.259,511.833,84.6742,577.672,121.422
556.43,160.834,489.839,121.99,511.782,84.3731,578.373,123.218
553.631,161.057,490.528,121.993,513.907,84.2279,577.01,123.292
554.919,160.554,490.308,120.324,513.682,82.7832,578.294,123.013
555.495,160.585,491.299,120.305,514.33,83.5991,578.527,123.879
554.459,160.473,491.807,119.934,515.095,83.9439,577.746,124.483
553.706,160.889,492.293,119.502,516.139,84.1157,577.552,125.503
553.135,160.636,493.202,119.539,517.295,84.4025,577.229,125.5
546,164,493.376,118.894,523.235,84.0588,575.859,129.165
534.27,166.036,500.006,105.122,539.318,83.0089,573.581,143.923
549.009,179.867,512.505,177.434,518.226,91.6151,554.73,94.0487
539.446,179.499,508.145,168.686,536.072,87.8432,567.373,98.6562
538,189,506.544,179.286,533.071,93.3895,564.527,103.104
538,189,506.564,179.432,533.038,92.4464,564.474,102.014
538,190,506.593,180.71,532.419,93.3916,563.827,102.681
538,190,506.44,180.532,532.587,93.3761,564.147,102.844
538,190,506.44,180.532,532.587,93.3761,564.147,102.844
538,190,506.44,180.532,532.587,93.3761,564.147,102.844
538,190,506.44,180.532,532.587,93.3761,564.147,102.844
538,190,506.44,180.532,532.587,93.3761,564.147,102.844
538,190,506.44,180.532,532.587,93.3761,564.147,102.844
538,190,506.44,180.532,532.587,93.3761,564.147,102.844
538,190,506.44,180.532,532.587,93.3761,564.147,102.844
538,190,506.44,180.532,532.587,93.3761,564.147,102.844
535.932,187.517,502.95,183.178,514.496,95.4336,547.477,99.7733
538.254,190.205,506.787,187.344,515.09,96.0082,546.557,98.8689
536.49,199.124,507.276,196.69,515.483,98.2069,544.696,100.641
536.988,199.153,507.776,196.906,515.429,97.4176,544.641,99.6647
537.487,197.178,508.279,195.091,515.254,97.4467,544.462,99.533
537.218,197.171,508.006,194.923,515.582,96.4294,544.794,98.6765
537.288,196.253,508.077,194.006,515.512,97.347,544.724,99.5941
535.158,198.019,504.361,194.323,515.969,97.5962,546.765,101.292
537,195,503.219,191.102,514.264,95.3766,548.045,99.2745
536.987,194.113,503.198,190.263,513.895,96.3678,547.684,100.217
512,194,512,98,546,98,546,194
536.987,194.114,503.092,190.203,513.923,96.3372,547.818,100.248
536.885,195.093,503.622,191.592,513.721,95.6548,546.984,99.1562
537.452,211.675,509.168,209.655,517.68,90.4772,545.964,92.4975
514,194,514,81,543,81,543,194
535.118,171.529,494,103,528.706,82.1765,569.823,150.706
536.469,162.515,490.991,115.615,523.709,83.8878,569.188,130.788
539.191,161.397,492.963,110.834,524.228,82.249,570.456,132.811
539.545,160.738,494.579,110.152,525.304,82.8414,570.269,133.428
541,160,493.5,112.5,523,83,570.5,130.5
541,160,493.5,112.5,522.5,83.5,570,131
544.244,159.195,492.902,118.122,517.878,86.9024,569.22,127.976
544.6,158.2,492.6,119.2,516.48,87.36,568.48,126.36
543.219,157.976,493.707,118.366,518.781,87.0244,568.293,126.634
542.424,157.59,495.848,118.179,521.603,87.7414,568.179,127.152
541.434,157.981,496.196,116.513,523.302,86.9434,568.54,128.411
541,158,498.5,115.5,526,88,568.5,130.5
545.215,158.27,495.741,120.512,518.458,90.7444,567.933,128.501
542.5,158.5,499.5,115.5,526.5,88.5,569.5,131.5
541.5,158.5,499,116,525,90,567.5,132.5
541,159,498.5,116.5,525,90,567.5,132.5
543.152,158.579,498.959,119.297,524.834,90.1862,569.028,129.469
546.065,158.411,497.843,123.341,520.719,91.8865,568.941,126.957
543,159,500,116,528,88,571,131
543.5,159.5,500,116,527.5,88.5,571,132
543.891,158.483,499.83,118.094,525.483,90.1095,569.544,130.498
543.928,158.48,499.728,118.299,525.294,90.1765,569.493,130.357
542.566,158.981,502.219,114.966,529.479,89.9773,569.826,133.992
542.109,158.483,502.219,114.966,529.524,89.9358,569.415,133.453
549.171,160.537,503.073,123.659,526.098,94.8781,572.195,131.756
547.5,159.5,506,118,532,92,573.5,133.5
549.738,160.451,506.294,120.348,530.792,93.8083,574.237,133.911
549.164,162.197,510.475,115.771,538.016,92.8197,576.705,139.246
551.412,160.353,507.188,122.447,531.188,94.4471,575.412,132.353
552.5,161.5,510,119,536,93,578.5,135.5
553,162,510,119,535.5,93.5,578.5,136.5
552.019,162.566,510.592,117.374,537.4,92.8,578.826,137.992
555.238,162.514,510.431,122.188,536.238,93.5138,581.044,133.84
554.84,162.956,510.033,122.63,535.89,93.9006,580.696,134.227
554.84,162.956,510.033,122.63,535.89,93.9006,580.696,134.227
554.84,162.956,510.033,122.63,535.89,93.9006,580.696,134.227
554.84,162.956,510.033,122.63,535.89,93.9006,580.696,134.227
560.28,162.96,510.52,125.64,532.6,96.2,582.36,133.52
560.12,161.84,512.44,126.08,533.08,98.56,580.76,134.32
560.969,161.554,510.138,132.508,527.677,101.815,578.508,130.862
561.154,161.231,510.108,132.061,527.461,101.692,578.508,130.861
563.214,162.176,511.811,132.417,529.019,102.695,580.421,132.454
559.435,162.335,513.911,127.316,534.914,100.011,580.439,135.03
557.902,162.918,514.623,126.852,537.984,98.8197,581.262,134.885
559.52,162.64,513.76,128.32,534.88,100.16,580.64,134.48
559.195,162.232,512.935,128.589,533.822,99.8703,580.081,133.514
559.195,162.232,512.935,128.589,533.822,99.8703,580.081,133.514
559.195,162.232,512.935,128.589,533.822,99.8703,580.081,133.514
559.195,162.232,512.935,128.589,533.822,99.8703,580.081,133.514
562.515,165.384,516.052,128.451,537.447,101.535,583.911,138.467
562.766,165.564,517.316,127.386,539.892,100.509,585.342,138.688
562.927,165.342,518.415,129.732,540.756,101.805,585.268,137.415
565.117,164.83,517.456,132.064,537.355,103.119,585.016,135.886
564.557,164.49,516.973,131.181,537.081,102.456,584.664,135.765
565.228,164.96,516.973,131.181,537.081,102.456,585.336,136.235
565.228,164.96,516.302,130.711,536.221,102.255,585.148,136.503
565.286,164.947,516.098,131.13,535.822,102.44,585.011,136.257
567.41,165.101,518.762,134.376,537.63,104.503,586.277,135.228
567.316,164.41,519,135,537.171,105.148,585.487,134.557
566.614,166.139,523.703,131.03,545.802,104.02,588.713,139.129
568.416,165.691,523.315,134.121,543.611,105.128,588.711,136.698
569.285,165.777,525.046,131.369,546.208,104.161,590.446,138.569
567.846,167.399,528.912,130.235,553.817,104.144,592.751,141.308
571.4,166.8,527.08,133.56,548.32,105.24,592.64,138.48
572.077,166.385,526.154,135.769,545.692,106.462,591.615,137.077
572.077,166.385,526.154,135.769,545.692,106.462,591.615,137.077
572.077,166.385,526.154,135.769,545.692,106.462,591.615,137.077
569.591,169.169,537.023,123.858,564.799,103.894,597.366,149.205
572,169,535,132,559,108,596,145
561.424,178.659,546.058,118.59,574.172,111.398,589.538,171.467
571.565,183.459,545.835,177.741,561.553,107.012,587.282,112.729
568,179,541.733,165.137,572.876,106.129,599.143,119.992
565.797,172.49,542.171,153.407,580.505,105.946,604.131,125.029
565.732,172.585,542.195,153.756,579.951,106.561,603.488,125.39
564.962,172.099,542.194,153.291,580.707,106.671,603.474,125.479
564.738,172.115,542.115,153.262,580.557,107.131,603.18,125.984
564.877,172.202,542.109,153.394,580.707,106.671,603.474,125.479
564.877,172.202,542.109,153.394,580.707,106.671,603.474,125.479
564.877,172.202,542.109,153.394,580.707,106.671,603.474,125.479
564.877,172.202,542.109,153.394,580.707,106.671,603.474,125.479
564.877,172.202,542.109,153.394,580.707,106.671,603.474,125.479
564.877,172.202,542.109,153.394,580.707,106.671,603.474,125.479
564.877,172.202,542.109,153.394,580.707,106.671,603.474,125.479
586.005,172.301,551.971,167.196,559.848,114.677,593.883,119.782
573.663,184.948,546.51,175.283,570.31,108.415,597.463,118.08
575.774,189.792,548.962,182.132,570.057,108.302,596.868,115.962
576.818,193.716,548.878,186.613,569.01,107.426,596.95,114.53
579.665,196.272,552.2,191.778,566.7,103.169,594.164,107.663
575.996,195.177,558.591,106.414,585.535,101.13,602.94,189.894
584,178,552.4,114.8,583.6,99.2,615.2,162.4
594.6,173.8,544.2,148.6,564.4,108.2,614.8,133.4
588,174,544.5,130.5,573.5,101.5,617,145
596.265,171.559,540.529,138.118,561.441,103.265,617.177,136.706
592.077,172.615,541.677,133.415,567.685,99.9769,618.085,139.177
598.6,171.8,540.6,142.8,559,106,617,135
599.044,171.62,540.522,144.31,558.124,106.591,616.646,133.902
599.966,171.414,541.069,146.172,558.086,106.465,616.983,131.707
596.417,170.064,542.579,138.251,564.02,101.966,617.858,133.779
597.64,171.086,543.352,137.678,565.086,102.36,619.373,135.768
598.468,170.56,542.95,140.665,562.89,103.633,618.408,133.528
598.468,170.56,542.95,140.665,562.89,103.633,618.408,133.528
598.468,170.56,542.95,140.665,562.89,103.633,618.408,133.528
598.468,170.56,542.95,140.665,562.89,103.633,618.408,133.528
598.468,170.56,542.95,140.665,562.89,103.633,618.408,133.528
598.468,170.56,542.95,140.665,562.89,103.633,618.408,133.528
598.468,170.56,542.95,140.665,562.89,103.633,618.408,133.528
598.231,170.154,543.428,145.493,561.372,105.617,616.175,130.279
597.821,170.676,543.205,144.669,562.078,105.037,616.693,131.044
599.896,170.759,543.517,148.207,560.069,106.828,616.448,129.379
599.896,170.759,543.517,148.207,560.069,106.828,616.448,129.379
599.896,170.759,543.517,148.207,560.069,106.828,616.448,129.379
599.896,170.759,543.517,148.207,560.069,106.828,616.448,129.379
589.713,170.464,544.97,127.164,573.713,97.4637,618.455,140.763
586.032,175.824,549.276,122.732,581.516,100.412,618.272,153.504
588.461,182.692,556.539,176.308,571.654,100.731,603.577,107.115
582,187,549.365,175.184,575.083,104.151,607.719,115.967
580.749,195.152,550.801,189.061,568.194,103.548,598.141,109.639
580.565,195.307,551.284,189.556,568.333,102.762,597.614,108.513
580.565,196.307,551.284,190.556,568.333,103.762,597.614,109.513
580.376,196.27,551.473,190.593,568.522,103.799,597.424,109.476
580.376,196.27,551.473,190.593,568.522,103.799,597.424,109.476
580.376,196.27,551.473,190.593,568.522,103.799,597.424,109.476
580.376,196.27,551.473,190.593,568.522,103.799,597.424,109.476
580.376,196.27,551.473,190.593,568.522,103.799,597.424,109.476
580.376,196.27,551.473,190.593,568.522,103.799,597.424,109.476
580.376,196.27,551.473,190.593,568.522,103.799,597.424,109.476
580.376,196.27,551.473,190.593,568.522,103.799,597.424,109.476
563.419,229.066,559.173,127.159,585.211,126.075,589.458,227.981
562.626,215.956,558.914,121.317,584.033,120.332,587.744,214.971
562.653,214.994,558.83,121.334,583.951,120.308,587.774,213.968
574.649,219.892,558.946,125.676,580.027,122.162,595.73,216.378
578.684,214.516,557.107,124.614,577.72,119.667,599.297,209.569
564.945,210.874,560.752,124.206,584.036,123.079,588.23,209.747
580.867,217.772,553.884,124.367,574.846,118.311,601.829,211.716
578.184,213.039,554.811,123.441,577.078,117.632,600.451,207.23
563.887,209.728,561.003,126.103,584.321,125.299,587.204,208.924
562.329,208.47,560.367,122.128,583.377,121.605,585.34,207.947
572.431,209.013,556.212,123.864,578.407,119.637,594.626,204.786
572.328,203.223,556.582,120.556,577.996,116.477,593.742,199.144
563.387,205.896,559.794,123.27,582.013,122.304,585.606,204.93
566.639,210.615,558.403,122.079,578.6,120.2,586.836,208.736
580.1,209.3,552.9,127.7,571.8,121.4,599,203
562.075,202.433,560.308,121.189,582.363,120.71,584.129,201.954
563.503,207.782,556.306,125.017,578.572,123.081,585.769,205.846
560.087,204.996,556.674,126.492,580.064,125.476,583.477,203.979
560.09,204.018,556.645,126.505,579.999,125.467,583.444,202.98
562.086,201.535,560.13,121.314,583.335,120.748,585.292,200.969
565.32,203.477,559.64,123.954,582.878,122.294,588.558,201.817
565.661,201.674,559.195,119.24,581.918,117.457,588.384,199.891
566.045,199.975,562.399,121.586,584.398,120.563,588.044,198.951
567.885,202.274,562.655,123.823,583.894,122.407,589.124,200.858
567.953,200.915,564.419,119.634,586.681,118.666,590.215,199.947
573.961,197.808,559.385,124.923,581.115,120.577,595.692,193.462
574.459,197.757,562.378,125.27,584.27,121.622,596.351,194.108
576.215,199.55,562.201,120.141,583.023,116.466,597.037,195.876
569,194,569,118,590,118,590,194
570,195,570,120,592,120,592,195
576.192,197.549,564.03,120.522,586.162,117.027,598.324,194.054
569,195,569,120,592,120,592,195
576.97,195.506,562.966,120.819,585.366,116.619,599.37,191.306
570,193,570,120,593,120,593,193
576.297,194.784,564.108,121.649,586.324,117.946,598.513,191.081
569,192,569,119,593,119,593,192
576.27,194.622,563.946,120.676,588.432,116.595,600.757,190.541
578.368,195.094,562.394,121.61,587.22,116.213,603.195,189.697
579.5,193.5,564.885,120.423,589.308,115.538,603.923,188.615
596.375,184.409,570.751,181.303,578.878,114.258,604.501,117.364
588.083,173.373,581.193,101.029,605.402,98.7236,612.292,171.067
580,154,580,102,615,102,615,154
600.5,158.5,563.5,121.5,590,95,627,132
603.519,159.82,559.341,127.913,582.388,96.002,626.566,127.909
604.119,159.982,558.955,126.704,582.33,94.9803,627.494,128.258
604.56,160.92,558,126,582.36,93.52,628.92,128.44
602.299,161.281,559.056,120.74,587.871,90.0042,631.114,130.545
601.5,161.5,559.5,119.5,589.5,89.5,631.5,131.5
602,162,559.5,119.5,589.5,89.5,632,132
603.834,162.851,559.083,122.575,588.519,89.8674,633.271,130.144
603.597,162.897,559.522,121.271,589.972,89.0294,634.047,130.656
602.5,162.5,560.5,120.5,591.5,89.5,633.5,131.5
607.089,163.754,559.718,126.357,587.031,91.7611,634.401,129.159
606.094,163.223,559.894,123.623,588.977,89.6941,635.177,129.294
604.5,163.5,560.5,119.5,592,88,636,132
605.628,163.425,558.832,122.478,588.504,88.5664,635.301,129.513
605.814,163.212,559.584,122.761,589.071,89.062,635.301,129.513
604.5,163.5,561,120,592.5,88.5,636,132
606.293,163.634,556.293,123.634,583.317,89.8537,633.317,129.854
606.073,163.658,556.439,123.951,583.561,90.0488,633.195,129.756
606.669,163.854,555.577,124.115,582.231,89.8461,633.323,129.585
606.585,164.268,555.732,123.585,583.341,89.0732,634.195,129.756
607.292,164.339,554.954,123.631,581.985,88.8769,634.323,129.585
607.292,164.339,554.954,123.631,581.985,88.8769,634.323,129.585
607.292,164.339,554.954,123.631,581.985,88.8769,634.323,129.585
607.292,164.339,554.954,123.631,581.985,88.8769,634.323,129.585
607.292,164.339,554.954,123.631,581.985,88.8769,634.323,129.585
607.292,164.339,554.954,123.631,581.985,88.8769,634.323,129.585
607.292,164.339,554.954,123.631,581.985,88.8769,634.323,129.585
607.292,164.339,554.954,123.631,581.985,88.8769,634.323,129.585
607.292,164.339,554.954,123.631,581.985,88.8769,634.323,129.585
607.292,164.339,554.954,123.631,581.985,88.8769,634.323,129.585
607.292,164.339,554.954,123.631,581.985,88.8769,634.323,129.585
607.292,164.339,554.954,123.631,581.985,88.8769,634.323,129.585
596.484,164.017,550.879,121.262,582.065,87.9979,627.669,130.753
579.989,167.193,567.341,100.792,607.503,93.1422,620.151,159.543
594.836,172.919,563.164,165.163,581.171,91.6338,612.843,99.3902
588.144,170.64,558.583,155.217,592.996,89.2585,622.557,104.682
585.877,169.798,555.404,150.753,594.955,87.4719,625.427,106.517
585.067,171.67,554.227,152.305,595.02,87.3382,625.861,106.703
584.262,171.166,554.078,152.07,595.322,86.8774,625.506,105.974
584.973,170.158,554.042,152.003,592.677,86.18,623.608,104.335
584.166,171.098,553.802,153.128,592.463,87.8044,622.827,105.775
584,171,553.412,152.647,592.941,86.7647,623.529,105.118
583.684,171.021,553.388,152.66,593.697,86.1498,623.993,104.511
584,170,553.596,152.264,591.787,86.7927,622.192,104.529
587.706,172.497,558.276,163.133,582.388,87.3509,611.818,96.7148
572,176,572,91,601,91,601,176
587.052,166.121,560.31,103.724,592.172,90.069,618.914,152.466
592.373,158.19,547.402,121.155,573.872,89.0124,618.843,126.047
597.118,159.471,543.882,127.529,565.059,92.2353,618.294,124.176
597.461,159.352,543.865,128.088,564.648,92.4612,618.244,123.725
594.148,159.503,542.872,123.611,566.128,90.3893,617.403,126.282
594.308,159.538,542.385,124.923,565,91,616.923,125.615
593.182,157.876,546.045,115.79,570.601,88.2867,617.738,130.373
594.68,158.76,544.28,120.96,567.68,89.76,618.08,127.56
590.5,159.5,546.5,115.5,576,86,620,130
595.481,157.934,541.566,127.981,562.132,90.9623,616.047,120.915
590.5,158.5,547,115,576,86,619.5,129.5
588.754,158.705,549.246,111.295,580.623,85.1475,620.131,132.557
590.5,158.5,546.5,114.5,575.5,85.5,619.5,129.5
590.5,158.5,546.5,114.5,576,85,620,129
587.138,158.892,549.554,110.569,582.577,84.8846,620.162,133.208
588.508,158.922,549.571,110.823,581.618,84.8808,620.555,132.98
593.615,157.077,542.846,123.231,565.308,89.5384,616.077,123.385
590,157,547.5,114.5,575,87,617.5,129.5
590.72,156.04,542.4,119.8,566.52,87.64,614.84,123.88
583,168,553,108,585.8,91.6,615.8,151.6
586.76,172.226,556.594,165.807,572.861,89.3534,603.027,95.7718
579.846,175.769,548.107,162.544,578.965,88.4852,610.704,101.71
576,174,544.332,152.696,589.18,86.03,620.848,107.334
579.175,182.856,545.773,168.01,582.351,85.7113,615.753,100.557
576.4,177.2,543.2,160.6,581.8,83.4,615,100
576.186,176.602,543.267,159.881,582.316,83.002,615.236,99.723
576.475,180.88,540.783,159.58,585.363,84.878,621.055,106.178
576.487,179.873,541.411,159.273,585.197,84.7188,620.273,105.319
575.291,180.175,539.51,158.584,585.02,83.1671,620.801,104.759
575.483,180.875,539.579,159.686,584.297,83.9131,620.202,105.103
581.932,191.849,542.041,176.89,577.014,83.6301,616.904,98.589
581.333,191.72,541.619,175.96,578.276,83.5856,617.99,99.3452
582.215,192.024,542.002,176.419,577.858,84.0195,618.071,99.6246
582.215,192.024,542.002,176.419,577.858,84.0195,618.071,99.6246
582.215,192.024,542.002,176.419,577.858,84.0195,618.071,99.6246
582.215,192.024,542.002,176.419,577.858,84.0195,618.071,99.6246
582.215,192.024,542.002,176.419,577.858,84.0195,618.071,99.6246
582.215,192.024,542.002,176.419,577.858,84.0195,618.071,99.6246
585,186,544.476,170.359,578.592,81.9655,619.117,97.6065
576.941,180.235,538.247,155.612,586.218,80.2294,624.912,104.853
579.494,180.124,539.876,156.042,585.602,80.8167,625.219,104.898
576.25,181.165,537.544,155.605,587.129,80.5191,625.834,106.079
576.013,181.009,537.544,155.605,586.825,80.9789,625.294,106.383
582,185,542.718,168.247,581.318,77.7384,620.599,94.491
590.399,177.938,550.303,168.685,571.91,75.0562,612.006,84.309
584.59,172.593,547.213,95.5026,587.869,75.7911,625.245,152.881
596.261,164.373,537.546,120.714,568.965,78.4611,627.679,122.121
600.708,160.727,532.868,123.038,557.302,79.0566,625.141,116.745
604.037,160.184,534.634,121.447,558.169,79.2804,627.572,118.017
603.255,160.521,535.384,121.06,559.727,79.19,627.599,118.65
604.448,160.891,534.385,121.082,558.214,79.1441,628.277,118.953
609.2,160.6,533.6,122.8,554.2,81.6,629.8,119.4
607.417,160.783,534.112,122.536,555.687,81.1843,628.993,119.431
605.236,161.139,536.507,120.527,560.815,79.3905,629.544,120.003
609.905,159.604,532.619,123.824,552.281,81.3524,629.568,117.133
607.93,159.758,532.605,122.806,553.487,80.2388,628.812,117.191
611.465,161.433,534.818,122.358,555.74,81.3183,632.388,120.394
604.872,162.596,537.988,121.02,564.611,78.1907,631.496,119.768
608.731,160.177,533,123,553.491,81.2592,629.222,118.436
608.998,161.244,534.381,123.174,555.969,80.8616,630.586,118.932
608.164,162.348,536.294,122.935,559.441,80.7256,631.311,120.138
609.664,159.938,531.383,124.356,550.425,82.4657,628.706,118.048
608.808,160.121,532.748,126.025,551.617,83.9317,627.677,118.028
606.4,161.2,534,125,555.2,82.6,627.6,118.8
606.998,160.744,532.395,124.236,552.825,82.4887,627.427,118.996
603.417,160.688,533.32,123.136,555.887,81.0109,625.984,118.563
604.273,161.143,533.77,124.358,555.719,82.2883,626.223,119.073
603.847,161.667,534.005,123.836,556.742,81.8604,626.584,119.691
598.796,158.76,534.032,119.601,558.786,78.6614,623.55,117.821
596.245,163.729,536.859,125.552,564.184,83.0469,623.57,121.224
574.793,167.483,548.655,102.138,594.172,83.931,620.31,149.276
590.518,184.022,558.972,180.237,570.323,85.6388,601.869,89.4243
592.35,173.397,564.148,171.634,570.008,77.8755,598.21,79.6382
588.15,173.723,560.358,170.454,571.102,79.1297,598.894,82.3993
587.932,176.58,561.126,173.427,572.102,80.1297,598.908,83.2833
588.564,173.356,561.634,170.663,570.753,79.4752,597.683,82.1683
588.49,185.124,563.497,183.041,571.862,82.6552,596.855,84.7379
568,176,568,82,595,82,595,176
588.54,175.386,562.27,172.52,572.428,79.4103,598.697,82.2761
588.955,177.099,563.162,174.431,572.784,81.4259,598.576,84.0941
588.833,178.088,562.857,175.353,572.655,82.2794,598.63,85.0137
588.955,178.099,563.06,175.42,572.692,82.3129,598.587,84.9918
590.984,176.219,565.153,174.32,571.892,82.6685,597.723,84.5679
588.639,178.186,562.968,175.279,573.376,83.3445,599.047,86.2506
570,174,570,84,595,84,595,174
592.473,169.179,568.072,168.203,571.468,83.2987,595.869,84.2747
592.685,168.18,569.22,167.278,572.371,85.3604,595.836,86.2629
592.394,171.136,569.99,170.24,573.347,86.3339,595.751,87.23
592.493,166.159,569.132,165.097,572.718,86.2144,596.078,87.2763
572,164,572,89,595,89,595,164
589.765,162.116,566.436,158.566,577.51,85.7949,600.839,89.345
588.438,164.116,561.593,156.994,580.512,85.6868,607.357,92.809
586.709,171.289,561.264,165.544,577.988,91.4812,603.433,97.2267
574.585,180.547,554.66,110.811,579.226,103.793,599.151,173.528
570.966,193.586,563.993,109.917,586.255,108.062,593.228,191.731
577.809,192.713,557.847,110.37,580.744,104.82,600.706,187.162
582.201,190.089,553.657,116.689,577.882,107.268,606.426,180.667
582.103,189.177,552.932,117.371,577.717,107.303,606.888,179.108
582.379,208.744,561.431,112.384,583.726,107.538,604.673,203.897
579.768,209.899,562.079,110.843,586.134,106.548,603.822,205.603
584.275,209.814,560.947,112.613,584.359,106.994,607.687,204.195
583.359,213.236,562.219,111.058,585.961,106.146,607.102,208.324
582.039,213.192,561.539,110.692,585.962,105.808,606.462,208.308
584.114,214.361,560.633,110.373,585.371,104.787,608.852,208.775
587.828,217.175,560.547,112.596,585.623,106.055,612.904,210.634
585.647,212.588,559.765,109.059,586.353,102.412,612.235,205.941
591.321,218.623,561.057,112.698,585.094,105.83,615.359,211.755
578.566,213.618,567.088,106.491,593.782,103.631,605.26,210.758
588.824,214.731,562.049,112.987,588.974,105.902,615.749,207.645
588.412,215.647,562.588,112.353,588.471,105.882,614.294,209.176
590.039,213.808,562.923,114.385,589.662,107.092,616.777,206.515
592.003,217.61,562.877,112.757,588.355,105.679,617.481,210.533
586.154,214.769,565.154,109.769,592.461,104.308,613.461,209.308
592.37,213.673,560.98,114.27,587.924,105.761,619.315,205.164
591.539,214.739,562.957,111.845,589.983,104.338,618.565,207.232
575,209,575,100,606,100,606,209
602.97,186.082,571.807,181.246,587.124,82.5364,618.287,87.3721
598.926,167.517,563.598,103.006,601.386,82.3127,636.713,146.824
605.657,156.593,555.414,117.834,584.86,79.6633,635.103,118.422
610.566,156.206,554.471,118.26,580.119,80.3454,636.214,118.292
610.272,156.496,555.308,118.444,581.804,80.172,636.768,118.224
613.599,158.491,552.383,118.956,577.515,80.041,638.732,119.577
615.543,158.624,550,120,573.604,79.9451,639.147,118.569
615.28,159.04,551.324,120.11,575.636,80.1696,639.592,119.099
614.576,159.094,552.394,119.523,577.718,79.7294,639.9,119.3
617.877,159.621,552.025,120.647,575.363,81.2146,641.215,120.188
617.374,159.188,553.664,120.182,578.193,80.1182,641.903,119.124
617.029,158.618,553.5,120.5,577.5,80.5,641.029,118.618
616.981,158.553,553.25,120.968,576.923,80.8263,640.655,118.412
617.321,158.326,549.797,121.188,572.346,80.19,639.87,117.328
614.764,158.978,552.202,119.876,577.933,78.7079,640.494,117.809
618.218,159.056,551.385,121.082,574.54,80.3296,641.373,118.303
617.138,159.018,551.027,119.633,575.257,78.9616,641.368,118.347
620.043,158.501,549.95,121.93,571.739,80.1679,641.832,116.739
620.201,159.374,549.924,121.893,572.54,79.4879,642.817,116.969
619.564,159.381,549.913,121.876,572.743,79.4771,642.394,116.982
617.138,159.018,551.027,119.633,575.351,78.8046,641.461,118.19
615.499,159.08,551.037,119.571,576.49,78.0424,640.952,117.551
615.143,160.09,551.051,119.499,577.75,77.3418,641.842,117.933
615.499,159.08,551.037,119.571,576.461,78.0893,640.924,117.598
607.57,160.748,557.233,113.462,592.482,75.9381,642.82,123.224
597.412,160.307,562.321,105.722,607.96,76.3827,643.051,130.967
607.2,172.4,566.7,158.9,592.1,82.7,632.6,96.2
600.547,176.126,562.132,154.475,603.772,80.5986,642.186,102.25
594.979,169.02,561.527,134.174,620.374,77.6811,653.826,112.527
595,168,563.127,132.586,622.575,79.0829,654.448,114.497
592.293,160.849,565.762,121.509,630.87,77.5996,657.401,116.939
595.591,172.424,561.407,139.483,620.476,78.1857,654.66,111.127
596.235,175.991,560.112,142.594,619.805,78.0273,655.928,111.424
597.093,177.617,558.138,144.655,616.703,75.4413,655.659,108.403
598.725,177.483,558.946,143.287,617.408,75.2805,657.187,109.477
598.943,178.273,559.793,145.772,617.146,76.6875,656.296,109.189
599.547,178.255,560.395,146.49,617.676,75.888,656.828,107.653
599.583,177.493,560.628,144.531,618.662,75.9448,657.617,108.907
598.646,177.56,560.12,144.123,619.252,75.9923,657.778,109.43
598.845,178.556,559.799,145.634,618.569,75.9304,657.615,108.852
599.225,178.057,559.882,144.114,618.429,76.2525,657.772,110.196
599.247,177.449,559.798,143.036,618.315,75.9558,657.764,110.368
599.753,177.788,560.306,143.977,618.33,76.2824,657.776,110.094
600.068,178.796,559.886,145.846,617.38,75.7317,657.562,108.681
600.455,178.237,560.529,144.831,618.102,76.0243,658.027,109.431
601.066,177.721,561.131,144.443,618.426,75.6885,658.361,108.967
615.223,191.148,568.643,175.067,600.823,81.8557,647.403,97.9367
615.731,190.672,568.52,174.353,600.226,82.6335,647.436,98.9532
615.709,190.694,568.69,174.265,600.602,82.9331,647.621,99.3615
615.709,189.694,568.465,173.187,600.376,81.8543,647.621,98.3615
588.213,199.773,582.093,96.9588,622.853,94.5325,628.973,197.347
596.498,211.103,584.885,97.8836,619.623,94.3208,631.235,207.54
604.886,217.403,582.733,101.099,614.118,95.1204,636.271,211.424
605.346,215.731,582.346,100.731,615.615,94.0769,638.615,209.077
613.644,216.005,589.746,104.483,619.249,98.161,643.146,209.683
614.766,221.268,590.617,102.535,619.279,96.7059,643.428,215.438
606.656,212.585,597.317,104.528,628.639,101.821,637.977,209.878
610.864,215.46,596.479,105.773,625.423,101.977,639.808,211.665
612.025,213.966,595.566,105.338,624.182,101.003,640.641,209.63
612.539,212.009,596.736,106.129,625.483,101.838,641.286,207.718
609.052,208.671,598.977,106.481,628.27,103.593,638.345,205.783
609.267,207.673,599.148,106.485,628.257,103.574,638.376,204.762
609.298,206.796,599.034,105.62,628.054,102.676,638.318,203.852
603,204,603,101,631,101,631,204
623.3,174.1,594.5,164.5,623.7,76.9,652.5,86.5
622.8,166.4,600.719,84.3834,633.21,75.6358,655.291,157.652
631.518,155.502,591.297,103.039,624.509,77.5766,664.731,130.04
633.05,153.452,587.892,106.488,619.408,76.1844,664.566,123.148
639.561,149.786,580.998,115.412,603.281,77.4475,661.844,111.821
639.862,149.903,579.504,116.513,600.817,77.984,661.176,111.374
639.457,149.345,580.672,116.119,602.128,78.1591,660.913,111.385
641.236,150.384,581.155,116.247,603.1,77.6248,663.181,111.762
638.734,150.08,581,112,605.624,74.6669,663.358,112.747
639.262,149.627,581,112,605.012,74.8202,663.274,112.448
639.427,149.481,581,112,604.659,75.1205,663.086,112.602
639.559,149.265,581,112,604.553,74.9882,663.112,112.253
639.235,149.059,581,112,604.553,74.9882,662.788,112.047
637.084,152.544,587,112,616.156,75.9836,666.24,116.527
637.026,149.933,583,112,608.556,75.6028,662.581,113.536
637.461,149.702,582.537,112.688,607.472,75.6873,662.396,112.702
636.141,149.736,582.861,112.197,609.131,74.9106,662.411,112.449
639.231,149.154,584.538,112.692,609,76,663.692,112.462
639.169,149.564,584.536,112.687,609.357,75.9159,663.99,112.793
640.815,148.113,580.818,113.314,601.997,76.7982,661.994,111.596
639.987,148.296,583.549,112.716,606.194,76.7961,662.632,112.377
639.448,148.125,583.764,112.956,606.743,76.5743,662.426,111.743
641.493,145.557,579.659,115.877,597.105,79.5305,658.939,109.211
640.8,145.4,580,115,598,79,658.8,109.4
640.649,145.438,581.38,115.173,599.666,79.3616,658.935,109.627
641.278,145.884,582.36,115.144,600.975,79.4651,659.893,110.205
640.107,145.924,582.339,115.114,601.273,79.6124,659.041,110.422
638.744,147.069,585.151,111.81,607.892,77.2445,661.485,112.503
627.317,150.146,589.561,102.951,624.805,74.7561,662.561,121.951
609,159,609,89,647,89,647,159
625.314,166.54,591.791,152.771,622.648,77.6409,656.171,91.4096
625.521,166.614,591.643,152.933,622.431,76.6935,656.31,90.3752
598,175,598,92,634,92,634,175
600,187,600,94,632,94,632,187
627.334,194.319,600.472,193.151,604.674,96.5075,631.536,97.6755
601,190,601,97,627,97,627,190
626.324,187.257,599.673,186.322,602.752,98.5703,629.403,99.5054
626.272,181.462,599.207,179.743,604.377,98.3096,631.443,100.028
602,188,602,101,628,101,628,188
603,185,603,102,629,102,629,185
605.169,199.72,600.701,101.423,625.559,100.293,630.027,198.59
606.461,197.692,601.778,99.3439,625.391,98.2195,630.075,196.568
607,179,607,93,633,93,633,179
622.349,165.505,607.398,79.5395,634.07,74.9009,649.02,160.866
617,155,617,96,655,96,655,155
655.606,147.089,614.234,144.791,616.908,96.6615,658.28,98.96
615,145,615,97,657,97,657,145
636.262,146.451,597.08,104.003,625.696,77.5879,664.878,120.035
638.953,146.237,592.904,110.653,617.844,78.379,663.893,113.963
639.393,145.948,592.142,109.814,617.148,77.1136,664.4,113.247
640.595,146.432,591.541,110.757,616.146,76.9243,665.2,112.6
640.658,147.06,590.658,112.06,614.758,77.6309,664.758,112.631
641.923,147.615,590.461,113.308,614.154,77.7692,665.615,112.077
637,148,593,104,624,73,668,117
640.195,146.807,590.685,111.051,615.868,76.1826,665.377,111.939
639.852,147.282,589.868,111.183,615.183,76.1318,665.166,112.231
640.683,148.146,591.049,108.439,618.073,74.6585,667.707,114.366
641.36,148.52,590.16,110.12,616.56,74.92,667.76,113.32
638.193,148.674,591.508,106.658,621.641,73.1768,668.326,115.193
637,149,593,105,625,73,669,117
635.779,149.199,594.011,102.79,627.437,72.7072,669.205,119.116
635.779,149.199,594.011,102.79,627.437,72.7072,669.205,119.116
641.96,146.72,593.16,110.12,618.96,75.72,667.76,112.32
640.336,147.147,593.348,107.778,620.796,75.0181,667.784,114.387
633.556,157.935,606.16,92.1834,639.746,78.1893,667.142,143.941
636.974,165.096,604.961,156.265,626.389,78.5901,658.401,87.421
615.055,195.169,610.603,100.19,637.808,98.9152,642.261,193.894
620.32,199.802,605.152,98.6773,629.993,94.9511,645.161,196.076
619.112,197.797,605.249,99.215,630.546,95.6576,644.409,194.239
619.12,196.84,605.18,99.26,630.38,95.66,644.32,193.24
621.177,197.294,604.511,102.061,630.442,97.5227,647.107,192.756
622.178,200.674,604.832,102.383,631.416,97.6913,648.762,195.983
623.049,203.993,607.271,98.8093,633.14,94.9291,648.917,200.113
624.732,206.29,606.581,99.974,632.603,95.5312,650.754,201.847
624.243,205.46,606.838,101.027,633.432,96.5946,650.838,201.027
626.489,206.63,606.726,100.4,633.451,95.4276,653.215,201.658
625.623,201.65,608.164,99.3867,635.797,94.6688,653.257,196.932
626.727,202.463,610.008,99.7661,636.878,95.392,653.596,198.089
628.884,202.641,609.584,101.317,636.788,96.1357,656.088,197.46
627.945,200.446,612.168,99.4738,638.951,95.2888,654.728,196.261
630.237,207.482,612.839,98.7457,639.828,94.4274,657.226,203.164
629.907,204.399,614.023,101.15,641.451,96.9306,657.335,200.179
631.721,204.549,613.268,99.1031,640.873,94.2723,659.326,199.718
632.021,206.415,614.643,99.6628,642.486,95.1301,659.865,201.883
631.862,205.441,614.75,100.32,642.593,95.7871,659.706,200.908
643.226,171.449,610.917,159.628,642.404,73.5624,674.714,85.383
651.289,167.932,622.756,84.9275,656.21,73.4279,684.742,156.432
662.152,151.433,610.136,126.465,633.653,77.4733,685.668,102.441
664.099,152.886,610.647,106.561,641.068,71.4594,694.52,117.784
670.4,149.2,609.2,118.6,629.8,77.4,691,108
671.502,149.282,608.813,121.856,627.449,79.259,690.138,106.685
667.102,151.654,609.063,111.349,635.872,72.7444,693.911,113.049
665.714,152.39,608.792,110.647,636.991,72.1936,693.913,113.936
671.249,152.846,610.768,115.627,635.077,76.1244,695.558,113.343
674.6,151.8,611,120,632,78,695.6,109.8
671.434,152.654,611.569,116.07,635.571,76.7933,695.436,113.378
672.569,151.754,612.154,117.231,634.431,78.2461,694.846,112.769
671.471,149.882,611.323,113.794,634.176,75.7059,694.323,111.794
676,151,614,120,633.8,80.4,695.8,111.4
671.364,150.286,612.629,112.109,636.984,74.6397,695.719,112.817
677.091,151.19,613.007,117.623,634.029,77.4911,698.112,111.059
675.149,151.56,613.577,115.913,636.375,76.5332,697.948,112.18
676.254,150.818,613.443,117.759,634.332,78.0694,697.143,111.128
677,151,612.6,118.8,633,78,697.4,110.2
676.119,151.887,612.254,118.076,634.122,76.7703,697.987,110.581
678.266,152.22,608.913,114.876,630.844,74.1468,700.197,111.491
679.688,151.993,610.2,115.421,631.783,74.4122,701.271,110.985
679.8,151.4,609.8,116.4,630.4,75.2,700.4,110.2
678.388,152.121,611.127,115.433,633.331,74.7262,700.592,111.414
678.4,151.2,610,117,630.6,75.8,699,110
679.889,150.818,610.634,116.82,630.923,75.4896,700.179,109.488
679,154,613.118,114.471,637.735,73.4411,703.618,112.971
678.509,152.427,611.134,113.499,634.968,72.248,702.343,111.176
680.633,153.287,610.915,116.912,633.15,74.2957,702.868,110.67
681.138,153.486,609.867,119.726,630.615,75.9231,701.887,109.683
675.664,153.837,613.551,111.001,641.899,69.8961,704.012,112.732
673.899,157.43,616.718,117.403,646.926,74.2483,704.107,114.275
676.522,172.376,639.213,171.043,642.428,81.0153,679.737,82.3478
664.542,167.246,627.945,154.683,655.34,74.8781,691.938,87.4415
642.784,192.29,636.697,96.913,667.147,94.9693,673.235,190.347
649.054,205.692,632.88,97.868,659.58,93.8631,675.753,201.687
652.269,209.346,630,98,656.154,92.7692,678.423,204.115
651.785,211.965,632.924,96.1053,658.162,91.9968,677.023,207.857
651.793,209.293,632.818,98.6027,659.158,94.0872,678.133,204.777
652.252,208.545,632.531,98.6739,659.434,93.8452,679.154,203.716
652.808,213.447,633.576,100.804,661.518,96.0336,680.75,208.677
651.615,209.611,633.582,97.8093,662.098,93.2099,680.131,205.011
652.765,211.511,635,99,663.603,94.4838,681.368,206.995
655.407,211.677,635.061,97.7392,662.472,92.8443,682.818,206.783
655.852,210.9,634.199,99.0261,662.587,93.5316,684.24,205.405
656.528,213.904,635.472,98.096,664.336,92.848,685.392,208.656
656.466,215.977,635.859,99.2014,665.581,93.9564,686.188,210.732
658.035,215.184,635.987,99.4311,665.35,93.8381,687.398,209.591
657.472,214.096,636.608,99.344,666.352,93.936,687.216,208.688
659.077,214.385,636.115,99.5769,665.731,93.6539,688.692,208.462
659.971,215.103,637.512,99.9977,667.445,94.157,689.905,209.262
659.704,215.872,638.552,99.536,668.384,94.112,689.536,210.448
659.176,214.968,638.2,99.6,668.384,94.112,689.36,209.48
660.308,211.538,638.077,100.385,667.692,94.4615,689.923,205.615
658.683,214.393,642.523,98.5783,672.611,94.3799,688.771,210.195
659.015,215.123,644.369,97.9539,674.031,94.2462,688.677,211.415
684,207,655.319,206.761,656.352,82.7946,685.033,83.0336
657.721,212.257,656.566,85.2221,684.981,84.9638,686.136,211.999
660,186,660,64,690,64,690,186
685.174,168.798,653.007,92.0938,694.404,74.7337,726.571,151.438
692.31,158.354,642.381,101.292,678.345,69.823,728.274,126.885
688.518,159.895,644.801,97.7697,683.864,70.2807,727.582,132.406
699.475,152.408,632.45,113.682,656.785,71.5646,723.81,110.29
700.471,152.882,634.588,113.353,659.735,71.4412,725.618,110.971
701.893,151.566,631.756,119.195,652.332,74.6146,722.468,106.985
699.288,153.547,634.518,112.329,661.2,70.4,725.971,111.618
698.923,154.615,634.769,111.846,662.923,69.6154,727.077,112.385
697.228,155.214,634.5,111.135,663.932,69.2499,726.661,113.329
697.096,154.152,634.481,111.215,663.172,69.3748,725.787,112.311
701.677,152.206,635.5,112.5,660.382,71.0294,726.559,110.735
701.543,152.679,635.906,112.726,661.222,71.1352,726.859,111.088
702.265,152.559,635.5,112.5,660.559,70.7353,727.323,110.794
703.405,152.977,636.127,113.488,661.02,71.077,728.298,110.566
702,153,636.118,113.471,661.971,70.3824,727.853,109.912
702.034,153.907,636.109,113.453,662.967,69.6841,728.892,110.138
702,153,636.118,113.471,661.971,70.3824,727.853,109.912
702.034,153.907,636.109,113.453,662.967,69.6841,728.892,110.138
704.385,155.923,640,113,668.154,70.7692,732.539,113.692
700.448,166.497,647.74,107.934,684.591,74.768,737.298,133.331
695.872,178.333,659.585,171.871,676.876,74.7725,713.164,81.2346
697.942,193.571,661.198,191.225,668.32,79.6587,705.064,82.0041
665.835,217.296,660.344,93.7403,693.412,92.2706,698.903,215.827
675.223,237.473,658.378,95.9788,687.184,92.5495,704.029,234.044
677.565,230.911,656.281,96.1135,684.165,91.7108,705.449,226.508
676.562,225.728,654.11,96.633,683.44,91.5321,705.892,220.628
675.622,222.73,654.459,95.7568,684.946,90.6757,706.108,217.649
675.968,224.455,656.831,96.8753,687.296,92.3056,706.433,219.885
676.487,219.919,655.784,95.7027,687.73,90.3784,708.432,214.595
676.328,225.463,658.384,97.6127,689.284,93.2759,707.228,221.126
676.92,227.44,658.22,96.54,688.88,92.16,707.58,223.06
677.637,227.16,655.391,96.8601,687.717,91.341,709.963,221.64
678.828,228.765,656.396,96.6685,688.747,91.1751,711.178,223.272
679.312,223.294,657.059,95.3376,689.47,89.7009,711.723,217.657
679.821,227.679,659.965,97.2009,691.815,92.3543,711.67,222.833
681.912,228.771,659.391,96.8601,691.551,91.3694,714.072,223.28
680.599,228.66,660.853,97.022,693.421,92.1369,713.166,223.775
682.69,226.272,658.162,98.1817,690.898,91.9131,715.426,220.003
683.295,226.949,660.984,98.655,693.226,93.0477,715.537,221.341
681.629,219.137,662.633,98.0379,695.702,92.8506,714.698,213.949
682.658,219.942,663.771,98.5246,696.989,93.3573,715.876,214.775
685.254,220.333,662.217,99.3873,695.394,93.0678,718.431,214.013
680.793,213.418,670.47,97.2915,703.013,94.3988,713.336,210.526
707.228,188.269,677.104,185.759,686.959,67.4966,717.083,70.0069
704.565,159.459,663.635,95.1412,701.035,71.3412,741.965,135.659
712.027,156.402,653.486,111.799,684.43,71.1851,742.971,115.788
716.493,154.475,649.545,116.015,673.944,73.5422,740.893,112.002
716.608,155.335,649.508,115.95,674.866,72.7473,741.966,112.132
720.683,157.102,652.13,115.432,678.039,72.8077,746.592,114.478
719.923,158.615,654.154,114.769,682.769,71.8462,748.539,115.692
718.46,159.416,654.967,114.265,685.015,72.0105,748.508,117.161
721.308,157.81,654.865,116.679,682.08,72.7163,748.523,113.848
719.362,158.202,654.573,114.027,683.938,70.9577,748.728,115.133
719.315,159.027,654.404,114.208,684.195,71.063,749.105,115.882
720.154,158.769,653.923,114.615,683.154,70.7692,749.385,114.923
721.275,158.711,653.226,114.857,681.902,70.3591,749.951,114.213
724.74,159.128,651.827,116.737,677.868,71.9467,750.781,114.338
724.208,158.866,651.61,116.052,678.066,71.1927,750.663,114.006
722.184,157.62,652.398,116.046,678.649,71.9823,748.434,113.557
721.772,157.702,651.785,116.089,678.071,71.8802,748.058,113.494
718.568,162.495,659.253,110.73,693.049,72.0064,752.363,123.771
699.57,180.453,674.785,91.2264,718.418,79.106,743.203,168.332
704,190,667.31,181.144,692.675,76.0595,729.365,84.9157
703.041,187.208,662.818,175.187,692.63,75.4297,732.854,87.4506
675,202,675,98,713,98,713,202
679.744,214.492,673.11,97.7324,702.719,96.0501,709.353,212.809
681.133,215.82,672.304,95.1485,700.567,93.0805,709.396,213.751
685.026,217.551,670.186,95.5314,696.939,92.2777,711.779,214.297
685.816,219.107,668.288,99.5978,696.194,95.5049,713.722,215.014
686.369,217.879,668.904,98.8007,696.38,94.771,713.844,213.85
686.438,217.643,670.305,98.2561,697.139,94.6298,713.273,214.017
687.042,217.575,671.611,97.9857,698.137,94.563,713.568,214.152
687.164,217.587,671.584,98.1412,699.072,94.5557,714.652,214.002
687.164,217.587,671.584,98.1412,699.072,94.5557,714.652,214.002
687.74,211.832,670.682,95.8408,699.616,91.5859,716.673,207.577
680.87,206.662,678.106,93.3389,707.917,92.6118,710.681,205.935
708.63,184.39,679.615,181.947,688.298,78.8356,717.313,81.279
690,170,690,77,720,77,720,170
693,165,693,84,727,84,727,165
699.292,157.933,684.444,93.5899,724.758,84.2865,739.607,148.629
715.5,152.5,669,106,699,76,745.5,122.5
720.441,152.265,664.412,118.647,687,81,743.029,114.618
715.713,153.542,665.713,108.541,694.901,76.1105,744.901,121.11
728.647,151.412,667,136,678.235,91.0588,739.882,106.471
715.602,153.442,665.713,108.541,694.901,76.1105,744.79,121.011
715.498,153.452,665.823,108.294,695.099,76.0905,744.774,121.249
716.424,153.094,664.734,111.096,692.6,76.8,744.289,118.798
715.498,153.452,665.823,108.294,695.462,75.6923,745.136,120.851
717.574,153.451,663.959,111.325,691.268,76.5678,744.883,118.694
714.421,153.152,666.193,110.283,695.766,77.0138,743.993,119.883
715.295,153.246,665.623,111.853,694.393,77.3279,744.066,118.721
712.5,153.5,667,108,699,76,744.5,121.5
712.5,153.5,667,108,699.5,75.5,745,121
712.5,153.5,667,108,699.5,75.5,745,121
712.5,153.5,667,108,699.5,75.5,745,121
712.5,153.5,667,108,699.5,75.5,745,121
707.5,153.5,664.5,110.5,697.5,77.5,740.5,120.5
685.622,155.598,678.256,89.3049,719.744,84.6951,727.11,150.988
702.785,167.29,669.954,155.167,697.253,81.2318,730.084,93.3543
679.455,192.376,676.875,99.5035,706.214,98.6885,708.794,191.561
680.441,196.735,672.865,98.2412,699.935,96.1588,707.512,194.653
684.036,206.299,670.947,98.3095,695.196,95.3701,708.286,203.359
682.82,202.572,670.824,99.1074,696.322,96.1511,708.318,199.615
683.256,205.305,671.512,99.6098,696.427,96.8415,708.171,202.537
684.934,208.926,669.877,100.517,694.867,97.0462,709.924,205.455
686.693,212.072,669.262,102.504,695.019,98.406,712.45,207.974
686.795,214.033,668.9,100.7,695.911,96.4352,713.805,209.768
684.926,209.943,670.314,100.358,697.629,96.7162,712.24,206.301
686.949,212.008,669.411,100.935,696.627,96.6378,714.165,207.711
683.419,209.482,671.956,100.584,699.962,97.6356,711.425,206.534
686.14,209.98,670.74,102.18,698.04,98.28,713.44,206.08
688.773,212.451,669.133,103.027,696.383,98.1363,716.024,207.56
688.182,211.468,669.33,103.742,696.862,98.9242,715.714,206.65
689.41,212.378,670.524,102.841,697.649,98.164,716.535,207.701
688.175,210.155,671.604,100.787,699.331,96.5862,715.902,205.954
688.175,209.155,671.752,100.765,699.331,96.5862,715.754,204.977
689.04,212.28,673.3,102.1,700.32,98.24,716.06,208.42
690.12,213.84,673.9,100.3,701.62,96.34,717.84,209.88
689.512,212.964,673.573,97.4037,701.998,93.4831,717.937,209.043
690.86,217.02,673.8,97.6,702.08,93.56,719.14,212.98
692.049,219.326,673.611,97.6347,702.375,93.2765,720.813,214.968
692.169,214.54,673.246,97.852,702.557,93.0989,721.479,209.787
691.934,214.298,676.427,96.4438,706.408,92.499,721.915,210.353
693.847,216.522,676.459,97.2873,706.997,92.8338,724.385,212.069
698.851,220.736,675.149,99.2636,704.707,93.4963,728.409,214.969
698.951,221.877,676.671,100.929,705.814,95.5606,728.094,216.509
698.849,221.896,676.569,100.948,705.814,95.5606,728.094,216.509
698.849,221.896,676.569,100.948,705.814,95.5606,728.094,216.509
698.849,221.896,676.569,100.948,705.814,95.5606,728.094,216.509
705.116,232.153,676.413,115.833,707.311,108.209,736.014,224.529
709.391,233.087,676.691,117.003,708.191,108.129,740.891,224.214
709.848,231.726,677.854,116.838,711.051,107.593,743.045,222.481
710.594,232.733,677.104,116.313,710.744,106.635,744.235,223.056
717.1,237.3,678.2,120.6,712.1,109.3,751,226
718.4,238.2,679.7,122.1,714.8,110.4,753.5,226.5
722.154,241.397,680.184,122.203,715.509,109.765,757.478,228.958
724.654,244.275,682.018,123.981,718.848,110.927,761.483,231.221
727.756,246.82,684.294,122.427,721.682,109.364,765.144,233.757
731.167,247.272,686.208,124.657,724.17,110.738,769.129,233.353
734.084,251.065,687.351,125.941,726.176,111.44,772.909,236.564
735.536,256.901,690.492,123.322,730,110,775.044,243.578
739.669,258.082,693.637,125.924,733.607,112.002,779.64,244.159
743.161,258.147,694.134,130.379,735.102,114.659,784.129,242.427
747.579,261.666,696.548,132.389,737.007,116.418,788.038,245.696
747.887,262.269,699.039,131.426,740.605,115.907,789.454,246.751
749.843,264.784,700.801,133.525,743.143,117.705,792.184,248.964
751.283,267.863,702.887,135.875,746.404,119.919,794.799,251.907
751.081,268.861,703.251,136.964,746.876,121.144,794.707,253.04
753.399,270.948,706.268,136.917,751.489,121.015,798.62,255.046
753.29,271.935,706.418,137.782,751.783,121.931,798.656,256.084
753.214,271.366,712.305,138.031,759.696,123.491,800.606,256.826
753.083,272.336,711.868,137.098,759.719,122.514,800.934,257.753
752.44,271.842,711.55,138.57,759.709,123.794,800.6,257.066
758.307,276.873,719.574,140.641,769.028,126.58,807.761,262.813
761.596,276.826,715.666,143.209,764.713,126.349,810.644,259.966
765.425,277.466,716.274,146.397,766.137,127.699,815.288,258.767
768.058,278.161,720.117,146.321,770.781,127.898,818.723,259.737
767.753,279.156,719.783,145.741,770.397,127.543,818.367,260.958
773.589,283.287,720.757,154.982,773.719,133.175,826.55,261.479
778.916,283.397,716.111,164.765,767.938,137.327,830.743,255.96
777.689,285.007,715.044,166.381,770.474,137.109,833.119,255.735
778.394,285.273,714.37,168.124,769.739,137.863,833.763,255.013
776.354,288.505,715.885,171.231,778.144,139.129,838.614,256.402
782.511,287.863,711.413,181.942,772.75,140.77,843.848,246.691
781.923,288.385,711.154,182.231,773.461,140.692,844.231,246.846
775.525,281.321,713.766,180.397,770.71,145.551,832.469,246.474
793.094,283.431,703.879,200.873,742.65,158.975,831.866,241.532
782.132,277.384,710.31,188.045,750.388,155.825,822.21,245.164
765.878,284.133,692.514,198.12,738.585,158.824,811.949,244.837
768.937,287.739,683.537,200.939,721.081,164.001,806.481,250.801
767.593,286.932,674.942,207.33,707.154,169.837,799.806,249.439
757.564,287.998,668.122,214.484,700.397,175.217,789.838,248.73
751.95,266.582,670.683,237.326,693.348,174.365,774.616,203.622
750.717,277.491,666.453,253.415,686,185,770.264,209.076
740.529,278.882,668.059,260.765,689.941,173.235,762.412,191.353
741.372,280.32,667.115,244.959,695.211,185.958,769.468,221.318
693.789,289.353,663.677,210.487,716.249,190.414,746.362,269.28
694.868,289.559,664.677,210.487,716.376,190.747,746.568,269.82
721.363,299.719,661.105,221.886,706.002,187.128,766.26,264.96
721.847,299.344,662.448,222.621,707.002,188.128,766.401,264.851
745.742,283.214,673.292,237.933,710.146,178.966,782.596,224.247
697.39,282.07,668.794,200.183,731.37,178.331,759.965,260.219
698.082,282.05,668.516,201.066,731.236,178.168,760.802,259.152
705.883,275.699,689.208,185.377,746.234,174.849,762.909,265.171
711,264,711,176,762,176,762,264
749.607,281.672,701.346,215.632,747.956,181.571,796.216,247.611
780.266,282.295,711.282,200.102,740,176,808.983,258.193
740,238,740,141,784,141,784,238
738.817,224.055,718.945,157.816,775,141,794.872,207.239
768.793,219.251,717.821,165.281,752.44,132.584,803.413,186.555
735.351,215.108,724.513,150.081,777.703,141.216,788.541,206.243
736.801,215.356,723.964,149.568,776.853,139.248,789.69,205.036
743.29,208.066,720.096,147.404,757.457,133.119,780.651,193.78
751.212,210.793,716.104,150.606,749.554,131.093,784.663,191.28
751.664,210.155,713.844,149.314,747.958,128.107,785.779,188.948
760.5,206.5,708,154,735,127,787.5,179.5
756.76,205.341,710.728,145.023,740.33,122.432,786.362,182.75
765.239,201.138,705.161,151.662,726.839,125.338,786.917,174.814
759.365,201.487,707.434,148.376,732.041,124.315,783.973,177.427
760.052,201.485,708.409,146.152,733.207,123.007,784.85,178.34
767.938,201.638,713.74,152.971,735.624,128.601,789.821,177.268
770.398,204.566,719.986,146.194,744.433,125.08,794.845,183.452
773.628,203.589,723.461,144.857,748.479,123.487,798.646,182.219
772.735,206.363,726.742,140.322,754.147,121.237,800.14,187.278
2
0
0
0
0
1
739,248,739,198,762,198,762,248
745,254,745,177,759,177,759,254
749.686,247.333,747.066,158.233,758.526,157.896,761.147,246.996
757.092,263.738,743.631,156.046,753.354,154.831,766.815,262.523
756.635,262.774,743.77,157.001,753.611,155.804,766.476,261.577
759.718,283.215,752.083,202.275,762.761,201.268,770.397,282.208
760.292,279.197,750.596,195.162,762.096,193.835,771.793,277.87
761.189,276.135,747.784,195.703,760.108,193.649,773.513,274.081
758.488,273.39,749.378,191.402,760.134,190.207,769.244,272.195
758.192,256.961,743.769,184.846,757.039,182.192,771.461,254.308
756.004,269.14,744.522,187.489,756.871,185.753,768.354,267.403
755,266,740.545,180.585,753.004,178.476,767.459,263.892
751.218,264.117,738.968,182.455,751.927,180.511,764.176,262.174
748.004,266.14,736.227,182.39,749.266,180.556,761.043,264.306
736,261,736,191,751,191,751,261
738.888,275.089,736.26,183.107,748.878,182.746,751.506,274.728
749.751,266.331,736.438,265.956,739.284,164.923,752.597,165.298
744.232,266.426,731.92,265.913,736.34,159.847,748.652,160.36
739.009,275.659,726.838,274.858,734.201,162.947,746.372,163.748
737.131,270.536,723.283,269.869,728.302,165.725,742.15,166.393
731.841,272.903,718.683,271.807,727.786,162.566,740.945,163.662
730.904,271.641,717.069,270.828,723.604,159.741,737.438,160.555
727.37,273.812,713.726,272.838,721.741,160.624,735.386,161.599
724.322,272.94,709.946,271.926,717.531,164.473,731.907,165.488
719.399,271.106,705.3,269.447,717.416,166.461,731.515,168.12
716.309,274.174,702.539,272.606,714.752,165.402,728.522,166.971
713.075,273.201,700.071,271.791,712.486,157.294,725.49,158.704
712.343,273.945,698.629,272.558,709.792,162.17,723.506,163.557
709.788,273.392,695.827,271.591,709.796,163.329,723.758,165.13
709.99,269.113,695.468,267.869,704.42,163.436,718.942,164.681
706.135,271.393,691.201,269.679,702.709,169.393,717.644,171.107
701.356,273.569,686.766,271.716,699.017,175.24,713.607,177.093
696.214,277.761,681.178,275.169,696.207,188.001,711.242,190.594
693.379,278.552,679.01,276.592,690.949,189.038,705.318,190.998
691.824,286.328,675.587,285.877,677.48,217.708,693.718,218.159
684.367,294.512,665.159,292.49,671.241,234.71,690.449,236.732
685.644,303.564,661.089,301.109,665.535,256.654,690.089,259.109
664.856,307.182,645.689,299.251,661.454,261.153,680.62,269.084
662.596,310.753,643.315,306.303,653.123,263.798,672.404,268.247
661.569,312.013,641.488,308.188,649.768,264.718,669.849,268.543
651.656,311.128,634.144,303.123,653.072,261.718,670.583,269.724
