1
162,226,162,52,206,52,206,226
162,228,162,51,211,51,211,228
162,228,162,51,212,51,212,228
161,228,161,47,214,47,214,228
162.953,228.444,161.086,47.3393,213.565,46.7983,215.432,227.903
166.573,229.941,157.852,48.2551,209.749,45.7641,218.47,227.449
166.108,229.826,158.079,49.9786,211.134,47.6101,219.163,227.457
163.056,227.516,156.47,49.6863,209.841,47.7096,216.427,225.54
167.576,230.262,154.898,48.542,206.068,44.972,218.746,226.692
164.959,228.525,149.751,53.6304,200.454,49.2214,215.662,224.116
164.082,228.413,149.957,53.2616,200.595,49.1778,214.72,224.329
164.146,227.317,145.012,55.1097,194.293,49.6341,213.427,221.842
164.766,227.642,144.813,54.7139,195.788,48.8321,215.742,221.761
152.724,224.711,140.253,53.2361,193.065,49.3952,205.536,220.87
160.982,225.869,138.249,55.3668,189.734,48.5022,212.467,219.004
156.405,224.404,137.918,50.6258,188.242,45.2721,206.729,219.05
151.142,222.124,139.487,47.3009,188.934,44.0044,200.589,218.827
156.09,222.883,134.01,55.0776,184.66,48.4132,206.739,216.219
147.805,223.669,135.897,51.0071,186.21,47.5373,198.117,220.199
149.359,220.303,135.6,55.2,184.841,51.0965,198.6,216.2
147.056,219.867,136.337,53.7202,185.969,50.5182,196.688,216.665
139,220,139,56,190,56,190,220
139,220,139,58,190,58,190,220
139,218,139,58,191,58,191,218
140,218,140,56,190,56,190,218
176.769,220.783,123.086,212.375,147.222,58.2757,200.905,66.6839
142,218,142,60,196,60,196,218
176.044,222.419,123.161,213.087,150.896,55.9228,203.779,65.255
175.66,222.421,123.181,213.121,151.603,52.7398,204.082,62.0398
175.32,223.982,121.072,214.72,148.295,55.27,202.543,64.5318
176.919,222.486,121.784,213.297,148.108,55.3514,203.243,64.5406
184.883,220.635,128.741,216.624,140.117,57.3655,196.259,61.3756
175.645,222.476,120.369,213.839,144.783,57.5911,200.058,66.2278
134,218,134,64,195,64,195,218
174.36,221.52,113.64,210.48,141.224,58.768,201.944,69.808
176.676,222.946,112.135,212.189,137.162,62.027,201.703,72.7838
177.255,223.507,112.65,212.477,138.631,60.3029,203.236,71.333
132.701,218.874,125.097,68.3183,195.322,64.7716,202.926,215.327
134.186,219.682,122.081,69.8723,195.57,63.9337,207.676,213.743
129.036,221.032,120.466,71.9043,194.852,67.6292,203.423,216.757
123,218,123,69,196,69,196,218
122,220,122,73,198,73,198,220
122,220,122,73,197,73,197,220
163.4,228.8,101.3,208.1,152.8,53.6,214.9,74.3
162.2,226.4,101,206,150.4,57.8,211.6,78.2
165.447,226.984,104.296,208.94,149.641,55.2712,210.792,73.3157
165.434,225.824,101.017,205.833,147.609,55.7061,212.025,75.6974
178.592,225.744,120.424,215.168,149.416,55.712,207.584,66.288
167.775,225.363,111.389,209.857,153.414,57.0389,209.8,72.545
169.726,224.642,111.344,208.222,153.257,59.1973,211.639,75.6172
170.551,225.587,113.105,210.381,152.837,60.2805,210.283,75.4867
136,220,136,66,198,66,198,220
191.887,222.357,132.922,218.783,142.302,64.0184,201.267,67.592
153.473,221.243,132.55,77.7739,196.482,68.4505,217.405,211.92
150.484,221.834,131.836,74.1997,200.477,65.5292,219.126,213.163
148.916,223.739,138.628,69.4248,206.327,64.9115,216.615,219.226
149.005,226.204,130.017,71.1407,202.18,62.3045,221.167,217.367
155.701,227.488,128.448,75.448,205.364,61.6612,232.616,213.701
152.74,230.18,130.14,71.98,209.38,60.66,231.98,218.86
157.157,232.019,122.529,78.2683,209.299,58.7256,243.927,212.476
157.792,232.989,124.022,75.8832,211.065,57.1729,244.835,214.278
160.27,234.966,125.517,75.9039,216.702,55.9811,251.455,215.044
159.125,235.418,121.449,76.341,215.614,54.0387,253.29,213.115
164.018,238.487,125.515,79.1671,222.241,55.7917,260.744,215.112
163.446,233.255,142.817,72.6474,243.333,59.737,263.962,220.344
178.795,247.014,108.649,103.97,211.029,53.7647,281.175,196.808
177.457,246.083,110.044,104.377,216.092,53.9273,283.505,195.633
181.219,250.824,112.499,98.7647,219.007,50.6316,287.726,202.691
183.653,251.938,113.168,101.099,219.869,51.2389,290.354,202.078
189.716,256.078,118.035,104.115,224.375,53.9551,296.055,205.917
189.332,255.712,118.259,103.412,221.781,55.1022,292.854,207.402
196.556,254.065,132.314,98.0474,239.243,54.0178,303.485,210.036
200.688,252.901,130.425,103.209,226.936,57.9075,297.2,207.6
204.583,251.357,146.399,86.2404,239.538,53.4198,297.722,218.536
205.454,253.337,147.836,87.4675,240.169,55.3941,297.786,221.264
179,239,179,64,272,64,272,239
210.632,248.879,169.371,73.9315,254.843,53.7729,296.104,228.721
219.093,246.954,178.402,71.5626,264.876,51.5007,305.567,226.892
218.066,246.804,178.053,71.5784,261.587,52.5037,301.6,227.729
213.884,241.136,198.914,52.5148,278.382,46.2078,293.352,234.829
214.238,239.745,203.534,53.4866,279.925,49.0963,290.629,235.355
220.905,240.761,199.354,51.1188,264.827,43.6787,286.377,233.321
225.062,240.65,198.635,52.881,259.896,44.2591,286.323,232.029
221.019,239.335,204.258,52.8645,267.243,47.2029,284.004,233.674
224.273,238.303,201.484,53.9177,262.607,46.3632,285.396,230.749
213,233,213,53,277,53,277,233
213,233,213,53,278,53,278,233
278.568,233.34,208.243,231.359,213.255,53.4438,283.58,55.4248
222.083,235.205,200.684,54.6449,263.585,47.1899,284.985,227.75
221.705,237.349,194.691,59.8296,257.392,50.2882,284.406,227.808
220.404,238.401,192.284,62.3435,257.631,51.9062,285.751,227.963
212.2,235.137,195.893,61.1975,264.695,54.7473,281.002,228.687
214.789,235.438,197.173,63.048,264.463,56.1717,282.079,228.561
206.542,236.277,193.347,71.3323,265.207,65.5835,278.402,230.528
205.462,232.247,199.361,70.5713,270.411,67.8902,276.512,229.566
198.874,231.656,194.508,81.0143,268.561,78.8678,272.928,229.509
197,228,197,77,272,77,272,228
266.86,230.03,184.29,220.647,200.687,76.3509,283.258,85.7338
268.461,230.617,181.847,220.055,199.277,77.1313,285.891,87.694
270.067,229.821,183.083,222.954,194.385,79.7935,281.369,86.6607
268.383,230.613,181.705,219.501,200.036,76.5175,286.714,87.63
270.067,229.821,183.083,222.954,194.385,79.7935,281.369,86.6607
268.383,230.613,181.705,219.501,200.036,76.5175,286.714,87.63
270.067,229.821,183.083,222.954,194.385,79.7935,281.369,86.6607
268.383,230.613,181.705,219.501,200.036,76.5175,286.714,87.63
199.596,260.933,145.147,169.903,271.441,94.3624,325.889,185.393
199.54,261.071,145.086,164.264,272.706,92.4778,327.16,189.285
189.699,258.689,142.611,156.472,278.177,94.0193,325.266,196.237
203.64,262.595,145.774,160.215,275.668,86.7966,333.534,189.176
216.517,261.427,151.404,157.247,271.944,81.9101,337.056,186.09
160,228,160,94,286,94,286,228
261.124,253.656,159.957,178.881,241.466,68.6051,342.632,143.38
184.505,248.181,154.414,103.368,269.559,79.4422,299.65,224.255
196.908,251.387,158.864,108.089,264.747,79.9788,302.79,223.277
209.03,254.563,158.906,108.967,259.01,74.5048,309.133,220.102
247.571,253.868,163.692,126.495,246.577,71.9129,330.456,199.285
258.041,250.656,156.241,121.286,224.014,67.9558,325.814,197.327
247.645,248.719,156.845,105.793,224.997,62.4958,315.798,205.423
245.598,240.375,152.591,112.92,221.229,62.8327,314.236,190.287
235.855,238.44,154.215,106.051,226.483,61.4856,308.123,193.874
213.431,241.754,139.585,112.523,214.323,69.8154,288.169,199.046
215.916,230.623,127.877,103.682,197.74,55.229,285.779,182.169
196.826,229.868,109.492,94.3496,188.266,43.5844,275.599,179.103
193.905,220.617,95.174,95.9039,177.266,30.9146,275.997,155.628
240.239,188.741,122.704,170.121,146.069,22.6248,263.605,41.2443
120,168,120,21,250,21,250,168
117,164,117,19,246,19,246,164
104.167,168.185,100.422,29.6102,236.836,25.9234,240.581,164.498
102.117,164.313,99.5314,24.6939,236.762,22.1525,239.348,161.771
93.1027,168.213,90.7148,23.7485,233.957,21.3809,236.344,165.846
91.458,168.419,84.7544,15.9119,234.213,9.3423,240.917,161.85
236.782,173.387,80.5472,170.846,83.1075,13.392,239.343,15.9324
229.646,180.176,79.3205,168.981,91.4667,5.8752,241.793,17.0697
169.634,232.719,54.9775,155.94,157.928,2.2015,272.584,78.9806
171.848,232.962,54.0417,157.724,153.966,1.2639,271.772,76.5015
63,173,63,13,232,13,232,173
63,173,63,13,232,13,232,173
230.817,192.641,74.6427,168.117,100.835,1.313,257.009,25.8362
243.458,201.568,85.3208,194.156,92.6641,37.4999,250.801,44.9126
89.5162,223.661,73.6812,66.5283,245.019,49.2617,260.854,206.395
259.232,234.012,74.923,154.791,130.027,26.5905,314.336,105.811
90.1073,228.15,75.9544,76.5109,256.647,59.6463,270.8,211.285
148.147,270.691,80.4528,132.13,249.816,49.3879,317.51,187.949
270.828,228.517,86.5643,153.703,136.439,30.8626,320.703,105.676
282.28,223.539,87.9087,153.079,132.8,29.2402,327.171,99.6996
294.746,218.244,90.6882,187.192,112.228,45.6434,316.285,76.6956
146.36,273.503,87.4348,130.842,269.169,55.778,328.095,198.439
298.393,227.173,86.1775,160.391,128.777,25.0207,340.992,91.8018
296.993,218.465,87.1635,158.314,124.133,29.3513,333.963,89.5026
132.089,262.986,88.2102,122.948,279.284,63.0776,323.163,203.116
311.12,224.498,85.5766,159.86,122.426,31.2805,347.969,95.9179
311.12,224.498,85.5766,159.86,122.426,31.2805,347.969,95.9179
311.12,224.498,85.5766,159.86,122.426,31.2805,347.969,95.9179
320.388,224.092,80.0297,156.405,116.021,28.598,356.379,96.285
347.607,233.439,75.8679,158.212,112.348,26.4355,384.088,101.663
337.375,232.331,77.9664,164.597,113.166,29.7879,372.575,97.5223
322.78,229.5,73.2119,162.412,109.458,27.5748,359.026,94.6629
322.78,229.5,73.2119,162.412,109.458,27.5748,359.026,94.6629
322.78,229.5,73.2119,162.412,109.458,27.5748,359.026,94.6629
116.962,270.868,74.1698,121.094,287.075,60.2642,329.868,210.038
308.503,229.376,70.2546,158.984,109.755,25.2912,348.003,95.6826
310.453,229.518,70.5276,161.329,108.514,27.6725,348.439,95.8617
307.464,229.695,70.4098,161.182,109.472,26.0266,346.526,94.5393
93.011,243.95,76.7086,90.9573,297.343,67.4471,313.645,220.439
302.205,230.35,77.4127,163.033,119.513,22.4477,344.306,89.7653
295.91,224.407,81.5861,221.389,83.7977,64.3634,298.121,67.382
89.9709,235.3,81.389,71.017,281.142,60.5821,289.724,224.865
280.565,228.857,74.3569,211.307,88.8467,41.0508,295.055,58.6004
87.4308,232.554,80.0204,50.9992,281.134,42.7904,288.545,224.345
142.944,276.558,69.0917,123.1,268.573,27.0993,342.425,180.558
146.953,274.791,71.5615,127.925,266.991,27.6049,342.382,174.471
170.451,273.924,80.0939,133.368,255.271,20.7545,345.628,161.311
154.611,275.121,73.9745,127.287,258.662,26.5478,339.299,174.382
162.294,271.823,78.0294,131.382,251.559,27.2647,335.823,167.706
185.395,268.965,88.9696,141.146,253.283,17.1897,349.709,145.009
187.179,270.471,88.8715,133.933,242.217,23.5237,340.525,160.062
182.229,266.125,92.5882,127.733,253.242,23.6725,342.883,162.065
175.824,265.254,95.4654,123.53,273.847,22.3855,354.207,164.11
177.761,268.086,94.9464,124.639,275.67,20.3038,358.485,163.751
143,235,143,64,352,64,352,235
349.921,257.59,138.48,229.397,160.603,63.4803,372.044,91.6725
336.375,276.299,133.919,229.264,172.422,63.5323,374.878,110.568
333.906,291.441,128.819,228.659,178.88,65.1265,383.967,127.908
130,235,130,82,389,82,389,235
138.418,264.716,86.6426,138.064,343.394,33.1029,395.17,159.754
131.688,267.384,82.0956,145.782,346.965,37.763,396.557,159.365
136.381,266.239,86.8474,147.588,284.753,64.9671,334.287,183.618
145.88,269.701,85.4025,165.241,271.461,57.5228,331.938,161.983
148.805,269.837,87.7806,164.255,278.589,53.9715,339.613,159.554
148.805,269.837,87.7806,164.255,278.589,53.9715,339.613,159.554
145.415,259.286,97.734,153.236,314.155,55.9304,361.836,161.981
152.343,255.263,105.607,147.85,314.513,56.9521,361.25,164.364
152.343,255.263,105.607,147.85,314.513,56.9521,361.25,164.364
152.343,255.263,105.607,147.85,314.513,56.9521,361.25,164.364
165.516,238.085,130.569,132.586,346.811,60.9565,381.757,166.456
168.731,239.641,131.175,135.538,337.315,61.1712,374.871,165.274
168.731,239.641,131.175,135.538,337.315,61.1712,374.871,165.274
169.512,236.605,131.757,134.528,335.116,59.3133,372.87,161.39
169.512,236.605,131.757,134.528,335.116,59.3133,372.87,161.39
171.037,246.738,124.686,142.848,323.651,54.079,370.001,157.969
171.037,246.738,124.686,142.848,323.651,54.079,370.001,157.969
171.037,246.738,124.686,142.848,323.651,54.079,370.001,157.969
176.697,252.036,124.294,145.214,317.618,50.3759,370.021,157.197
176.697,252.036,124.294,145.214,317.618,50.3759,370.021,157.197
161.4,235.147,137,128,355.096,78.3346,379.496,185.481
161.4,235.147,137,128,355.096,78.3346,379.496,185.481
158.059,239.332,124.514,144.289,326.578,72.9723,360.123,168.015
158.059,239.332,124.514,144.289,326.578,72.9723,360.123,168.015
159.101,240.232,125.055,144.068,338.461,68.5137,372.507,164.678
242.73,293.391,140.52,209.113,264.711,58.4989,366.921,142.777
250.207,286.82,143.953,208.113,257.399,54.9619,363.653,133.669
250.207,286.82,143.953,208.113,257.399,54.9619,363.653,133.669
272.923,289.615,153.615,210.077,259.769,50.8461,379.077,130.385
302.993,261.518,162.999,211.657,221.684,46.8875,361.679,96.7486
313.529,238.747,172.437,213.382,201.073,54.0919,342.165,79.4567
309.164,237.533,163.132,202.988,199.395,49.6955,345.427,84.2408
307.476,235.671,171.209,222.423,187.112,58.8443,323.38,72.0925
294.686,234.185,149.661,168.645,208.929,37.4969,353.954,103.037
298.319,234.336,159.982,224.249,172.144,57.448,310.482,67.5351
297.926,230.12,147.977,216.833,162.622,51.5488,312.572,64.8354
157,233,157,60,292,60,292,233
150,224,150,60,289,60,289,224
285.699,226.835,142.833,221.34,149.161,56.8139,292.027,62.3087
285.699,226.835,142.833,221.34,149.161,56.8139,292.027,62.3087
280.032,233.668,125.221,160.741,186.086,31.5364,340.897,104.464
280.032,233.668,125.221,160.741,186.086,31.5364,340.897,104.464
284.648,225.081,134.253,215.873,143.893,58.422,294.288,67.6299
284.648,225.081,134.253,215.873,143.893,58.422,294.288,67.6299
288.131,236.299,124.852,156.718,188.25,26.6427,351.529,106.224
376.426,197.671,124.534,171.386,136.563,56.1022,388.455,82.3866
387.466,194.433,125.569,174.113,134.212,62.7147,396.109,83.0343
387.466,194.433,125.569,174.113,134.212,62.7147,396.109,83.0343
359.551,250.729,116.337,167.969,157.878,45.8891,401.092,128.649
363.104,251.049,119.676,176.783,157.862,51.6189,401.289,125.885
368.251,250.517,119.932,180.741,154.929,56.1949,403.248,125.97
395.887,249.635,121.017,197.873,146.075,64.8064,420.945,116.568
392.636,248.848,123.89,200.44,147.884,67.2277,416.631,115.635
400.986,249.351,129.042,203.138,151.594,70.4277,423.538,116.641
394.72,251.822,123.135,197.822,148.741,69.0363,420.326,123.036
402.945,250.734,135.857,202.795,158.654,75.784,425.742,123.723
420.94,246.946,138.752,216.186,153.707,78.9918,435.894,109.752
428.762,241.949,141.469,218.78,152.322,84.2034,439.615,107.372
434.036,243.73,133.45,215.807,145.657,84.3998,446.243,112.323
446.527,242.498,157.618,220.861,167.701,86.2331,456.609,107.869
446.423,248.552,156.971,221.892,169.53,85.5356,458.982,112.196
447.822,254.056,164.738,220.037,180.858,85.8971,463.941,119.916
455.594,252.059,169.158,223.416,182.822,86.7822,469.257,115.426
462.914,265.237,164.919,220.538,185.252,84.9878,483.247,129.687
446.863,268.418,163.338,219.323,187.272,81.1034,470.797,130.199
451.922,268.134,162.306,219.673,185.851,78.9631,475.467,127.425
465.664,268.596,159.958,219.826,182.599,77.9049,488.305,126.675
358.951,268.075,75.1043,192.939,111.446,55.6476,395.293,130.783
355.238,273.693,75.0509,179.695,121.592,40.9663,401.78,134.965
384.226,268.456,97.942,197.986,132.074,59.3259,418.358,129.796
393.263,274.845,110.234,198.044,148.518,56.9598,431.547,133.762
406.955,276.26,122.667,201.518,159.749,60.4739,444.037,135.216
404.176,284.197,127.286,199.629,171.557,54.6774,448.447,139.245
387.294,296.667,133.383,190.665,189.257,56.8258,443.169,162.828
387.294,296.667,133.383,190.665,189.257,56.8258,443.169,162.828
296.742,248.627,25.1267,179.977,62.8874,30.5759,334.503,99.2261
293.389,251.872,38.3895,179.429,81.0589,29.2326,336.058,101.676
290.79,254.257,46.0046,180.36,93.6548,22.5184,338.44,96.416
296.368,257.325,61.4107,178.421,113.237,24.0945,348.195,102.998
303.039,265.119,71.9627,173.485,131.421,23.5464,362.498,115.18
309.657,275.534,80.7403,172.998,147.605,23.719,376.522,126.254
324.217,279.606,91.2413,177.787,154.789,32.3817,387.764,134.201
336.289,280.636,105.893,187.879,165.004,41.0537,395.401,133.811
353.94,280.131,122.013,195.546,175.742,48.2235,407.67,132.809
370.336,281.502,133.769,203.068,183.356,53.5083,419.923,131.942
382.822,283.746,132.995,202.281,181.718,52.8646,431.545,134.33
383.924,281.909,134.793,205.353,181.336,53.8897,430.467,130.446
416.231,284.01,136.265,208.868,177.153,56.526,457.119,131.668
420.598,296.861,134.828,203.928,181.817,59.4366,467.587,152.37
415.225,294.118,97.3895,190.789,143.853,47.8699,461.688,151.199
388,301,109.035,189.414,165.035,49.4138,444,161
360.076,279.366,125.356,194.506,173.113,62.4102,407.833,147.27
378.733,279.704,138.219,206.691,179.56,70.5092,420.074,143.522
378.733,279.704,138.219,206.691,179.56,70.5092,420.074,143.522
275.065,238.003,49.9051,226.93,57.3376,75.8035,282.498,86.8769
264.533,254.716,55.4885,179.138,103.878,45.2944,312.923,120.872
262.029,255.909,73.4978,175.872,126.452,51.1353,314.983,131.172
261.878,263.166,83.5391,170.773,144.53,53.0459,322.869,145.438
273.666,265.748,99.834,183.752,156.197,64.2627,330.029,146.259
283.028,270.249,112.96,189.854,170.461,68.2178,340.528,148.613
277.154,282.769,118.846,177.231,191.923,67.6154,350.231,173.154
301.146,278.228,133.921,197.759,192.585,75.8457,359.811,156.315
290.238,280.111,124.692,187.15,191.069,68.9462,356.614,161.906
191.053,236.099,180.988,82.2438,312.956,73.6104,323.021,227.466
272.433,266.751,129.459,189.512,193.494,70.9795,336.468,148.218
272.433,266.751,129.459,189.512,193.494,70.9795,336.468,148.218
305.154,278.724,141.181,198.868,199.804,78.4955,363.777,158.352
286.936,277.914,131.567,188.23,201.595,66.9127,356.964,156.597
286.936,277.914,131.567,188.23,201.595,66.9127,356.964,156.597
215.541,271.574,128.46,112.78,226.916,58.788,313.997,217.582
216.174,271.947,127.821,113.472,225.408,59.0647,313.761,217.54
215.668,268.069,128.987,103.375,224.069,53.3319,310.75,218.026
213.754,266.838,133.063,104.174,229.295,56.4362,309.987,219.101
197.464,248.436,164.475,75.2429,273.702,54.4377,306.691,227.63
195.136,242.25,173.197,65.0518,282.38,51.5339,304.319,228.732
191.286,239.106,179.254,60.3387,291.418,52.7892,303.451,231.556
192,235,192,60,300,60,300,235
197.537,242.196,177.298,65.1088,281.649,53.1829,301.888,230.27
204.773,253.033,152.245,79.1921,247.67,50.3588,300.197,224.199
205.635,253.594,152.321,78.7744,249.269,49.2086,302.583,224.028
204.6,252.41,154.646,78.8212,250.593,51.2107,300.547,224.799
202.482,248.671,162.035,66.6588,257.435,45.4588,297.882,227.471
196.488,234.421,191.283,59.2094,291.433,56.2347,296.637,231.446
201,233,201,55,292,55,292,233
209.328,246.928,170.734,70.4958,256.594,51.7139,295.188,228.146
203.766,235.921,194.239,62.8492,284.626,57.8738,294.153,230.946
205,231,205,56,292,56,292,231
207,231,207,54,290,54,290,231
289.992,235.021,206.415,231.361,214.148,54.7802,297.725,58.4405
289.772,231.255,208.761,229.858,211.803,53.4276,292.813,54.8243
287.06,237.826,205.876,230.556,221.912,51.4847,303.097,58.7549
207,233,207,53,291,53,291,233
205,231,205,52,290,52,290,231
206,231,206,51,289,51,289,231
202,233,202,54,288,54,288,233
200,231,200,54,287,54,287,231
282.518,241.072,198.282,229.372,222.873,52.3157,307.109,64.0152
198,233,198,60,285,60,285,233
194,233,194,67,287,67,287,233
283.495,238.322,190.078,232.295,201.114,61.2332,294.532,67.2601
188,233,188,64,289,64,289,233
278.893,252.374,184.593,231.104,224.383,54.7029,318.683,75.9735
277.508,252.524,182.05,231.217,221.44,54.7499,316.898,76.0576
276.556,252.311,182.05,231.217,221.487,54.5373,315.993,75.6323
277.156,252.449,180.038,232.216,217.717,51.3577,314.835,71.5906
270.95,258.885,176.575,232.044,227.26,53.8264,321.636,80.6671
265.849,263.72,160.514,222.681,226.137,54.2483,331.472,95.2879
271.395,255.461,174.078,232.248,216.771,53.2665,314.087,76.4796
264.682,260.574,172.533,232.84,226.12,54.7935,318.268,82.5274
276.173,247.988,173.712,236.781,192.83,61.9814,295.292,73.1882
272.121,256.413,171.34,237.264,205.661,56.6256,306.443,75.7742
258.426,269.695,168.71,233.662,240.422,55.1122,330.138,91.1457
252.329,270.472,168.995,232.878,248.106,57.5142,331.44,95.1082
252.329,270.472,168.995,232.878,248.106,57.5142,331.44,95.1082
273.804,258.162,174.052,236.71,213.663,52.5189,313.415,73.9709
250.972,271.558,163.518,229.913,248.213,52.0536,335.667,93.6987
269.123,276.329,175.322,233.692,258.438,50.8356,352.24,93.4726
312.96,250.324,191.796,242.398,203.658,61.0898,324.821,69.0163
196,245,196,66,320,66,320,245
332.028,246.933,198.304,242.361,204.58,58.772,338.305,63.3438
230.041,269.489,147.047,182.495,291.014,45.1474,374.009,132.141
230.041,269.489,147.047,182.495,291.014,45.1474,374.009,132.141
315.896,270.088,204.455,240.626,258.141,37.5545,369.582,67.0159
320.363,267.244,208.107,240.657,255.999,38.4472,368.255,65.0341
235.667,267.804,164.031,179.931,306.657,63.6597,378.293,151.533
247.778,266.55,168.149,187.837,288.009,66.5838,367.638,145.297
247.778,266.55,168.149,187.837,288.009,66.5838,367.638,145.297
322.356,258.274,224.888,246.542,249.239,44.2418,346.707,55.974
342.848,252.235,230.547,249.643,234.518,77.5351,346.82,80.1266
235,248,235,54,330,54,330,248
247.523,253.185,227.077,89.6154,332.554,76.4308,353,240
252.383,255.621,221.505,103.915,330.97,81.6344,361.848,233.341
297.05,261.294,211.72,233.799,280.398,20.6616,365.727,48.1566
296.719,259.926,215.046,230.157,295.857,8.4432,377.53,38.2119
303.005,259.216,221.392,236.334,285.231,8.6441,366.843,31.5261
309.753,255.388,217.756,240.368,254.202,17.1351,346.199,32.155
308.706,258.177,220.706,236.176,274.824,19.7059,362.824,41.7059
312.955,258.91,221.979,239.45,269.197,18.7051,360.173,38.1653
315.379,259.23,229.408,248.094,259.27,17.5583,345.242,28.6945
312.77,259.029,230.263,247.55,263.456,8.9765,345.963,20.4557
243,258,243,10,322,10,322,258
305.989,257.339,238.077,252.55,255.467,5.9176,323.38,10.7063
301.129,258.793,227.938,250.121,256.284,10.8867,329.474,19.5585
297.508,257.697,223.88,247.026,256.758,20.1678,330.386,30.8385
289.416,256.228,223.31,249.35,247.298,18.8055,313.403,25.6835
278.86,261.481,199.238,240.376,256.772,23.3131,336.395,44.418
276.809,262.133,185.361,238.552,241.811,19.6367,333.258,43.2176
278.178,262.983,181.462,236.702,240.637,18.9341,337.354,45.2159
271.52,259.143,175.119,236.581,225.082,23.1043,321.482,45.6661
264.608,257.823,164.499,236.707,210.099,20.5288,310.208,41.6454
257.136,258.687,160.169,232.021,218.787,18.8664,315.754,45.5323
254.851,259.507,150.19,224.371,215.609,29.5045,320.271,64.6409
246.068,257.008,142.994,218.81,211.848,33.0142,314.921,71.2121
241.433,259.972,128.953,212.612,205.226,31.4635,317.706,78.8235
242.602,263.848,121.699,205.076,205.417,32.8557,326.32,91.6277
225.84,260.689,110.453,196.585,201.868,32.0378,317.255,96.1415
222.102,260.147,103.764,195.599,194.108,29.9682,312.446,94.5159
217.986,258.744,102.111,190.653,197.428,28.4473,313.302,96.5384
210.769,260.846,95.6154,184.077,197.769,30.8461,312.923,107.615
207.56,258.925,93.7701,182.011,196.283,30.3486,310.073,107.262
208.025,257.96,93.7146,188.103,190.441,29.8247,304.75,99.6809
204.781,256.976,87.8122,181.29,187.51,27.2122,304.478,102.898
194.913,259.533,82.6357,149.297,197.235,32.5758,309.512,142.812
191.956,258.525,80.1176,148.88,194.35,32.3629,306.188,142.008
192.21,256.989,78.7845,154.906,190.862,30.3757,304.287,132.459
203.291,252.251,70.7492,192.291,147.804,21.9591,280.346,81.9186
176.398,258.121,89.6436,95.4568,221.841,24.9516,308.595,187.616
180.036,254.387,90.5775,107.619,220.479,28.4416,309.937,175.21
177.293,257.298,88.5013,106.352,221.879,27.8946,310.671,178.841
181.761,257.471,81.9846,116.691,207.054,28.049,306.83,168.829
216.9,247.7,79.28,228.04,106.36,38.48,243.98,58.14
193.215,260.498,79.5476,145.315,197.057,29.3513,310.725,144.535
195.991,262.693,81.3314,160.013,195.613,32.3993,310.272,135.079
197.377,261.572,80.2895,158.535,192.293,31.2579,309.38,134.295
197.449,258.328,62.4604,134.589,165.611,22.0604,300.6,145.8
198.696,257.227,62.453,134.608,163.541,22.2873,299.784,144.906
218.995,246.781,37.5792,220.393,63.7235,40.6507,245.14,67.0385
219.995,246.781,38.5792,220.393,64.7235,40.6507,246.14,67.0385
219.995,246.781,38.5792,220.393,64.7235,40.6507,246.14,67.0385
223.833,248.924,74.2658,228.569,101,32.1302,250.567,52.4855
223.833,248.924,74.2658,228.569,101,32.1302,250.567,52.4855
223.833,248.924,74.2658,228.569,101,32.1302,250.567,52.4855
223.511,251.182,90.9746,229.455,124.693,23.7694,257.23,45.4967
222.811,252.135,89.5135,229.919,124.351,20.8919,257.649,43.1081
222.708,252.251,94.9563,230.407,131.689,15.5738,259.442,37.4174
219.286,250.483,95.3409,228.761,132.905,14.4265,256.85,36.149
251.912,245.591,125.966,244.306,128.125,32.787,254.071,34.0721
218.263,249.775,102.656,230.912,138.025,14.1357,253.632,32.9979
245.441,246.478,130.522,243.414,136.332,25.5555,251.25,28.62
137,245,137,30,262,30,262,245
138,245,138,32,261,32,261,245
253.884,250.895,139.869,243.943,152.676,33.9193,266.691,40.8714
142,247,142,51,264,51,264,247
150.204,250.247,135.119,59.1748,256.808,49.5678,271.893,240.64
148.058,250.97,135.88,67.094,249.976,59.538,262.153,243.414
139.372,251.29,130.896,79.6471,247.353,73.8961,255.829,245.539
244.62,248.539,128.539,243.38,135.749,81.1444,251.831,86.3036
154.565,256.371,130.521,98.751,245.457,81.2184,269.501,238.839
155.228,256.355,127.871,105.239,242.485,84.4898,269.842,235.606
146.894,249.546,138.567,95.4829,261.262,88.8507,269.59,242.914
136.246,248.226,134.238,99.5779,259.201,97.8892,261.21,246.538
137.059,253.214,124.81,104.194,242.944,94.4841,255.192,243.505
134.901,257.817,117.834,111.799,238.651,97.6772,255.718,243.695
142.398,272.871,99.081,128.947,211.135,95.2216,254.452,239.146
134.531,261.407,110.378,114.979,226.045,95.8997,250.199,242.328
134.511,265.15,104.267,115.819,217.435,92.8992,247.679,242.23
130.603,262.65,101.667,109.528,215.963,87.9283,244.899,241.051
127.002,259.868,103.352,105.581,221.011,87.5458,244.661,241.833
115.573,257.072,98.0418,103.965,224.031,89.5384,241.563,242.645
110.455,253.939,96.8745,96.6296,226.605,85.4298,240.186,242.739
111.536,253.456,96.3075,104.214,229.25,90.648,244.479,239.89
168.083,273.324,94.8837,149.334,226.915,71.3873,300.115,195.378
195.234,274.986,98.9034,189.359,196.669,79.3724,293,165
188.046,262.835,85.0014,155.926,190.086,54.6396,293.131,161.548
197.529,261.982,81.4899,148.641,181.823,45.9197,297.862,159.26
213.064,259.651,67.5693,156.273,155.515,32.4975,301.01,135.875
213.064,259.651,67.5693,156.273,155.515,32.4975,301.01,135.875
116.31,287.276,60.1724,146.931,262.241,66.1035,318.379,206.448
116.31,287.276,60.1724,146.931,262.241,66.1035,318.379,206.448
123,243,123,83,312,83,312,243
166.446,244.142,160.165,87.1134,299.262,81.5495,305.543,238.578
172.783,258.884,136.179,109.654,269.142,77.0406,305.746,226.27
156.239,243.584,146.668,100.022,281.668,91.0221,291.239,234.584
175.576,252.476,140.939,106.639,257.916,78.8574,292.552,224.694
163.583,240.974,148.591,96.0424,263.089,84.1976,278.082,229.129
249.468,273.314,133.448,198.326,208.92,81.558,324.94,156.546
291.412,256.353,163.412,224.353,197.471,88.1176,325.471,120.118
317.618,240.722,186.176,233.923,193.283,96.5318,324.724,103.33
240.902,260.643,136.042,180.859,215.429,76.522,320.289,156.307
244.154,250.769,144.231,184.154,215.462,77.3077,315.385,143.923
203,235,203,96,311,96,311,235
264.957,253.611,163.75,193.807,229.666,82.2573,330.873,142.061
290.765,239.062,182.969,219.756,207.285,83.9914,315.081,103.298
238.565,254.005,169.332,119.735,257.809,74.1142,327.042,208.385
236.783,252.31,176.17,112.143,261.646,75.1803,322.259,215.348
234.865,245.623,196.24,94.0957,282.645,72.0708,321.27,223.598
240.038,238.46,207.537,89.8826,287.432,72.4054,319.934,220.983
244.212,245.237,194.334,97.7694,270.964,71.8504,320.843,219.318
237.229,236.118,209.83,82.3769,288.365,68.3805,315.764,222.121
237.934,236.222,212.481,78.1429,286.304,66.2561,311.757,224.336
232.606,233.523,216.049,73.4776,288.754,65.9565,305.311,226.002
231.831,231.809,213.591,74.2894,281.658,66.4081,299.897,223.928
229.229,229.153,211.926,72.093,278.691,64.7374,295.995,221.797
220.143,224.577,208.556,76.8387,275.419,71.5946,287.007,219.333
216.411,226.719,195.936,84.7592,266.309,74.6093,286.784,216.57
208.046,225.73,197.152,82.7408,266.681,77.4433,277.576,220.432
200.839,225.62,190.94,88.4579,261.347,83.377,271.245,220.539
198.217,225.194,183.866,93.1667,254.617,85.4764,268.968,217.503
193.178,224.251,181.807,96.3283,253.838,89.9255,265.209,217.848
261.469,219.553,188.595,217.798,191.547,95.2903,264.421,97.0463
258.15,219.511,186.136,217.538,189.466,95.9991,261.48,97.9721
187,218,187,99,259,99,259,218
257.448,221.18,185.416,218.561,189.714,100.371,261.746,102.991
185.266,224.477,179.802,101.542,250.706,98.3908,256.17,221.326
182.659,221.642,176.365,110.451,252.517,106.141,258.811,217.331
205.517,233.793,161.172,122.931,227.724,96.3103,272.069,207.172
205.829,233.383,160.805,126.749,228.701,98.0817,273.725,204.716
205.98,233.742,160.805,126.749,229.55,97.7234,274.725,204.716
200.348,227.202,169.375,110.195,237.952,92.042,268.925,209.049
209.8,235.4,151.045,122.088,214.999,88.9265,273.754,202.239
209.025,236.406,148.688,117.886,212.698,85.2993,273.035,203.819
215.437,236.583,140.834,126.873,200.325,86.419,274.928,196.129
223.37,237.014,134.436,141.238,189.937,89.7014,278.871,185.477
225.466,230.891,133.974,149.029,185.758,91.1523,277.251,173.014
208.822,233.643,139.505,115.074,201.111,79.0582,270.428,197.627
232.02,226.932,130.131,156.712,173.005,94.5032,274.893,164.724
232.342,226.465,130.92,156.567,173.794,94.3579,275.215,164.256
171,218,171,114,258,114,258,218
194.258,231.63,166.565,114.466,239.301,97.2742,266.994,214.438
170,220,170,111,256,111,256,220
190.341,230.398,164.263,110.87,237.122,94.9735,263.2,214.502
190.769,228.846,166.769,108.846,236,95,260,215
210.107,235.076,150.204,122.758,211.865,89.872,271.768,202.19
203.563,233.745,159.449,111.906,219.187,90.2773,263.3,212.115
246.491,226.335,160.998,212.345,176.277,118.973,261.77,132.962
219.273,235.694,162.638,129.29,220.566,98.4569,277.2,204.861
214.767,234.535,171.972,119.846,226.854,99.368,269.648,214.057
216.818,236.488,170.768,131.017,226.473,106.695,272.523,212.166
219.205,238.961,166.965,132.303,219.717,106.465,271.958,213.123
218.172,235.931,175.69,129.724,231.724,107.31,274.207,213.517
223.392,237.381,176.588,132.072,231.608,107.618,278.412,212.928
219.613,240.494,172.405,134.748,232.887,107.747,280.095,213.493
222.277,241.726,173.141,132.536,236.135,104.189,285.27,213.378
221.669,241.544,173.901,131.31,237.605,103.704,285.373,213.938
236.966,242.342,170.923,131.012,228.481,96.8674,294.524,208.198
228.926,243.057,171.8,126.425,234,95.959,291.126,212.591
224.408,240.554,168.963,122.103,233.712,91.7943,289.157,210.245
215.274,237.397,170.685,118.493,244.11,90.9589,288.699,209.863
238.738,232.885,157.262,135.115,215.984,86.1803,297.459,183.951
198.732,234.69,160.874,110.299,226.372,90.3651,264.23,214.756
240.897,225.528,152.792,140.409,204.219,87.1773,292.324,172.296
240.482,226.271,148,147,200.306,85.9765,292.788,165.247
238.171,228.254,143.199,142.779,197.895,82.0055,292.867,167.481
237.611,228.159,142.106,144.593,196.867,82.0089,292.372,165.575
237.408,228.331,127.093,158.574,182.941,70.2566,293.255,140.014
229.11,232.295,126.124,154.276,201.678,54.5443,304.664,132.564
226.208,232.477,120.906,155.048,196.214,52.6283,301.517,130.057
220.878,229.855,115.837,156.169,186.14,55.9491,291.182,129.635
221.513,230.471,108.335,150.375,179.667,49.5796,292.845,129.675
221.513,230.471,108.335,150.375,179.667,49.5796,292.845,129.675
192.374,238.9,113.815,130.304,213.863,57.9287,292.422,166.525
215.334,237.414,112.459,136.775,196.906,50.4516,299.781,151.09
218.128,235.016,112.864,133.512,197.826,45.4031,303.089,146.908
166.543,239.88,120.352,126.713,250.593,73.5537,296.784,186.721
153.583,238.023,115.302,116.579,245.664,75.4863,283.945,196.93
148.4,235.158,116.268,113.514,251.757,77.7245,283.89,199.369
164.792,248.225,116.906,127.18,255.217,72.4638,303.102,193.509
120,207,120,107,286,107,286,207
120,207,120,107,286,107,286,207
111,205,111,111,302,111,302,205
113,203,113,111,309,111,309,203
113,203,113,111,309,111,309,203
113,203,113,111,309,111,309,203
200,205,200,81,336,81,336,205
200,205,200,81,336,81,336,205
228.248,229.448,194.522,88.5932,314.65,59.8304,348.375,200.685
260.007,245.941,185.353,119.203,275.906,65.8636,350.56,192.602
264.706,234.952,197.822,87.8082,280.247,50.3425,347.13,197.486
256.303,225.85,216.997,65.6044,310.913,42.5685,350.219,202.814
262.411,226.5,222.44,62.9814,309.903,41.6016,349.874,205.12
278.578,228.154,213.183,65.9745,292.109,34.1497,357.504,196.329
293.008,223.859,206.228,77.0015,277.147,35.095,363.927,181.952
294.911,223.661,205.427,79.6137,275.472,36.1009,364.956,180.149
306.655,215.342,215.238,81.7321,272.417,42.6094,363.834,176.219
314.089,214.883,223.229,93.2215,283.572,48.1553,374.432,169.816
324.417,216.497,215.946,100.89,272.108,48.1946,380.58,163.802
323.935,215.998,215.505,100.339,271.688,47.6673,380.118,163.326
323.507,216.827,214.921,99.5547,270.915,47.7083,379.501,164.981
337.536,217.398,217.537,118.872,273.932,50.1859,393.931,148.712
258,209,258,58,360,58,360,209
276.657,223.452,251.297,57.6369,339.091,44.2096,364.451,210.025
271.899,219.726,255.054,49.1675,344.025,40.3802,360.871,210.939
269.884,220.047,252.977,44.6407,337.016,36.5406,353.923,211.947
266.193,222.317,251.035,40.4138,337.517,33.2069,352.676,215.11
265.134,221.99,251.586,40.4488,335.121,34.2149,348.668,215.756
264.149,223.666,253.188,41.7116,337.496,36.6328,348.457,218.587
257.077,224.239,250.917,45.5891,334.645,42.7019,340.805,221.352
258.773,228.525,250.783,47.4067,333.299,43.7663,341.289,224.884
260.676,230.742,246.552,45.1102,322.547,39.328,336.671,224.96
264.341,235.555,240.472,56.5371,320.319,45.8908,344.188,224.908
265.459,238.757,235.811,60.8649,318.027,47.1622,347.676,225.054
262.219,246.11,218.329,60.1583,307.952,39.0052,351.841,224.957
252.109,244.24,230.361,58.5433,331.292,46.7226,353.04,232.419
237.095,239.643,235.812,56.1132,348.876,55.3225,350.16,238.852
247.676,263.923,203.219,74.1288,313.827,48.2208,358.283,238.015
247.486,264.774,201.294,74.8745,313.11,47.6759,359.302,237.575
277.594,291.692,182.538,104.185,274.982,57.3214,370.038,244.828
367.492,259.598,187.837,251.73,193.908,113.105,373.563,120.974
374.814,262.982,179.739,257.78,183.483,117.373,378.558,122.575
368.256,271.029,181.508,261.125,189.462,111.146,376.21,121.049
180,262,180,129,355,129,355,262
181.54,272.33,167.922,119.118,321.707,105.448,335.325,258.66
181.815,281.835,165.997,121.395,311.512,107.048,327.33,267.489
180.74,278.879,157.286,135.396,286.169,114.328,309.623,257.812
169.827,268.978,128.132,22.9777,224.153,6.7029,265.848,252.704
160.605,266.867,119.859,15.3045,213.885,0.0749,254.631,251.637
208.122,256.968,122.042,253.363,132.424,5.5046,218.503,9.11
120.274,249.115,103.898,3.4735,211.221,-3.6814,227.597,241.96
207.78,220.816,101.73,219.576,104.312,-1.1425,210.361,0.0978
181.68,223.24,81.3,208.9,111.68,-3.76,212.06,10.58
134.422,232.689,51.3251,203.656,126.56,-11.6718,209.657,17.362
165.438,243.346,58.715,228.441,92.1389,-10.8744,198.862,4.031
147.012,268.059,42.6824,245.75,95.3035,-0.3313,199.634,21.9783
155.236,267.931,50.2034,252.824,85.641,6.4484,190.673,21.5558
156.537,277.548,41.6227,262.56,73.3457,19.3494,188.26,34.3383
154.37,277.335,36.9781,263.625,64.0953,31.4345,181.487,45.1445
155.601,277.465,36.1931,265.793,59.5608,26.724,178.969,38.3955
157.163,275.865,34.6657,267.384,50.481,38.9409,172.979,47.4215
158.188,272.059,37.789,268.805,43.6591,51.6125,164.058,54.8665
152.713,280.295,32.2928,268.641,52.7948,56.7866,173.215,68.4402
148.79,285.136,25.7694,268.284,54.3714,59.4892,177.392,76.3413
21,269,21,81,160,81,160,269
138.387,296.778,16.7511,267.496,65.717,64.0985,187.353,93.3812
128.446,305.487,13.8301,267.622,82.6922,59.1751,197.308,97.0394
128.982,302.214,15.8171,267.725,77.5835,65.054,190.749,99.5425
119.494,298.235,6.6889,260.969,72.8783,60.6116,185.683,97.8775
120.462,298.685,7.3825,261.984,72.6817,60.7914,185.761,97.4926
51.7226,292.277,-7.342,169.772,176.045,81.3532,235.11,203.858
53.8075,288.812,-2.5578,168.775,179.165,83.4442,235.53,203.481
57.808,284.245,-1.3714,175.959,167.092,83.8916,226.271,192.177
61.7353,279.559,1.5588,179.265,162,83,222.176,183.294
61.0253,273.849,9.5807,174.389,173.025,89.849,224.47,189.309
62.3302,275.594,9.0283,179.651,169.5,90.5,222.802,186.443
111.047,265.419,1.8024,210.122,78.6885,58.2251,187.933,113.522
90.2904,272.874,4.4845,191.971,130.381,58.4447,216.187,139.348
107.88,259.677,0.0844,193.529,90.8206,45.6627,198.617,111.81
110.395,259.032,-0.3513,195.232,85.9635,45.4029,196.71,109.202
116.717,259.401,1.942,195.262,84.6803,47.2037,199.456,111.343
122.215,257.508,1.9111,193.71,80.8603,44.835,201.165,108.633
144.571,242.299,-1.2606,190.553,48.4223,50.537,194.254,102.284
65.5054,267.636,-1.4786,188.248,155.254,56.0045,222.238,135.393
9.2702,239.143,-11.6948,125.742,190.227,88.4118,211.192,201.813
6.3892,238.465,-12.4378,119.227,190.605,87.1676,209.432,206.405
5.0561,234.879,-11.3384,115.296,197.985,86.5988,214.38,206.182
5.1339,235.018,-11.4606,115.363,197.935,86.3228,214.53,205.978
0,217,0,90,199,90,199,217
0,217,0,90,199,90,199,217
16.2988,246.468,-10.4845,130.67,206.183,80.5563,232.966,196.355
16.2988,246.468,-10.4845,130.67,206.622,80.4547,233.406,196.253
19.3089,243.788,-9.6735,130.031,202.563,75.9586,231.545,189.715
19.3089,243.788,-9.6735,130.031,202.563,75.9586,231.545,189.715
22.4613,244.478,-8.7729,133.958,217.06,70.1352,248.294,180.656
22.7924,244.774,-8.7547,134.359,204.943,73.3019,236.49,183.717
22.7924,244.774,-8.7547,134.359,204.943,73.3019,236.49,183.717
22.7924,244.774,-8.7547,134.359,204.943,73.3019,236.49,183.717
135.947,233.981,43.3955,160.36,142.361,35.9462,234.913,109.567
94.8927,212.913,89.8168,82.6305,216.624,77.69,221.7,207.973
172.529,231.186,87.6365,198.644,140.605,60.4652,225.497,93.0073
153.92,229.984,82.5187,192.927,148.894,65.0336,220.295,102.09
163.56,228.972,96.1218,199.41,154.908,65.3024,222.347,94.8645
159.813,228.16,95.5855,197.049,158.376,67.4166,222.604,98.527
177.675,220.027,110.031,200.229,148.45,68.9611,216.095,88.7595
177.876,222.061,114.205,200.105,158.509,71.6238,222.18,93.5792
179.277,218.258,117.395,200.057,155.022,72.1242,216.904,90.3248
172.485,218.414,117.555,197.15,166.76,70.0362,221.691,91.2995
184.649,214.981,123.706,197.45,159.457,73.1726,220.4,90.7042
199.742,211.029,134.036,201.392,152.245,77.236,217.952,86.8729
213.245,206.838,136.159,202.303,142.979,86.3517,220.066,90.8862
137,203,137,86,216,86,216,203
205.806,222.061,132.717,200.564,167.525,82.2134,240.615,103.71
207.226,222.208,131.415,200.547,166.094,79.1698,241.906,100.83
136,207,136,99,230,99,230,207
134,205,134,94,231,94,231,205
128,205,128,94,231,94,231,205
126,207,126,94,235,94,235,207
238.723,207.475,118.721,204.584,121.534,87.8442,241.536,90.7358
240.431,209.942,118.447,204.58,123.664,85.8973,245.648,91.2593
121,207,121,88,252,88,252,207
252.696,211.296,113.467,200.157,123.213,78.337,262.442,89.4753
252.153,216.439,117.228,196.4,135.068,76.2774,269.993,96.3158
128.913,232.548,105.152,108.46,231.518,84.2625,255.28,208.351
135.993,234.147,108.666,106.207,228.082,80.701,255.409,208.641
137.699,236.149,107.11,108.897,226.636,80.1645,257.225,207.417
220.349,246.747,127.182,176.03,205.233,73.201,298.4,143.918
214.764,244.453,129.144,174.496,207.939,78.0599,293.559,148.018
238.409,224.778,136.485,182.203,182.725,71.5056,284.65,114.081
