1
194,83,170,83,170,24,194,24
194,83,170,83,170,24,194,24
175,81,175,19,200,19,200,81
177,79,177,16,203,16,203,79
174,80,174,16,201,16,201,80
174.659,81.5647,169.7,17.1,197.688,14.9471,202.647,79.4118
169.095,83.3116,167.209,17.3083,195.157,16.5098,197.043,82.513
165,85,165,18,192,18,192,85
162,86,162,18,189,18,189,86
160,86,160,17,188,17,188,86
156,86,156,15,185,15,185,86
154,86,154,13,182,13,182,86
152,86,152,14,181,14,181,86
151,91,151,16,182,16,182,91
152,95,152,20,184,20,184,95
153,96,153,22,187,22,187,96
154,97,154,22,190,22,190,97
152,100,152,22,190,22,190,100
160.055,102.922,147.013,27.2737,183.447,20.9919,196.49,96.6397
152,101,152,24,191,24,191,101
151.195,104.872,148.03,25.7588,187.567,24.1773,190.732,103.291
147,107,147,28,188,28,188,107
148.508,113.062,138.569,33.5539,179.677,28.4154,189.615,107.923
147.295,118.754,129.039,41.1672,169.784,31.5803,188.039,109.167
141.441,124.349,111.815,48.6377,153.441,32.3492,183.067,108.061
139.397,125.259,108.155,52.3621,151.362,33.8448,182.604,106.741
137.31,128.276,108.965,57.4138,155,39,183.345,109.862
132.136,131.038,116.393,49.6981,163.033,40.671,178.776,122.011
128,129,128,47,175,47,175,129
172.184,144.842,127.522,132.378,150.71,49.291,195.371,61.7546
141,144,141,58,186,58,186,144
142,149,142,62,187,62,187,149
186.693,152.944,142.833,149.919,148.791,63.5373,192.651,66.5621
187.46,158.78,141.54,152.22,153.12,71.16,199.04,77.72
179.905,168.498,133.744,148.969,160.865,84.8658,207.025,104.395
176.144,170.555,131.524,144.309,165.92,85.8354,210.54,112.082
176.672,170.021,131.892,144.095,165.668,85.7552,210.448,111.68
186.516,170.227,138.839,163.076,149.027,95.154,196.704,102.306
187.98,168.198,140.257,163.426,147.01,95.901,194.733,100.673
188.718,168.005,140.672,163.501,146.997,96.031,195.044,100.535
188.634,167.903,140.681,163.408,146.997,96.031,194.951,100.527
182.649,180.639,135.322,170.498,149.107,106.166,196.434,116.307
181.302,180.922,134.932,170.985,148.073,109.659,194.444,119.595
181.529,180.882,134.471,169.118,149.588,108.647,196.647,120.412
181.529,180.882,134.471,169.118,149.588,108.647,196.647,120.412
139,168,139,115,193,115,193,168
191.407,171.188,138.563,167.778,141.955,115.191,194.8,118.6
191.314,171.288,138.549,167.77,142.12,114.208,194.885,117.726
193.54,169.596,138.39,165.748,141.827,116.476,196.977,120.324
139,168,139,119,194,119,194,168
138,168,138,119,194,119,194,168
198.532,171.833,134.923,159.601,142.883,118.208,206.492,130.441
194.821,166.665,132,157,138.74,113.191,201.561,122.855
198.853,152.088,135.928,150.944,136.758,105.286,199.683,106.431
203.682,147.243,139.709,140.971,143.711,100.148,207.684,106.42
166.729,165.677,133.512,134.833,170.838,94.6356,204.055,125.479
161.063,155.88,132.508,128.789,175.474,83.5007,204.029,110.591
163.906,149.777,132.941,123.235,173.671,75.7176,204.635,102.259
174.205,132.551,141.235,109.351,173.552,63.4257,206.522,86.6266
144.628,118.635,133.958,83.5779,194.164,65.2543,204.834,100.311
171.52,154.36,130.24,99.32,158.08,78.44,199.36,133.48
172.51,151.209,130.776,96.0613,158.187,75.3182,199.92,130.466
172.508,151.77,130.348,96.5243,158.137,75.3168,200.298,130.562
172.65,151.518,129.872,97.2221,157.263,75.6414,200.041,129.937
156.518,143.249,151.665,75.3096,189.827,72.5838,194.68,140.523
156.557,143.276,151.579,75.2503,189.765,72.4562,194.743,140.482
156.557,143.276,151.579,75.2503,189.765,72.4562,194.743,140.482
156.557,143.276,151.579,75.2503,189.765,72.4562,194.743,140.482
158,136,158,77,210,77,210,136
182.826,143.111,144.059,126.151,172.334,61.5213,211.102,78.482
158,135,158,77,210,77,210,135
158,135,158,77,210,77,210,135
158,135,158,77,210,77,210,135
158,135,158,77,210,77,210,135
197.435,142.429,141.777,139.899,144.095,88.9134,199.753,91.4433
197.216,141.726,142.85,140.462,144.048,88.9546,198.413,90.2189
148.048,146.579,143.559,92.7035,192.552,88.6207,197.041,142.497
146,145,146,90,194,90,194,145
154.397,148.48,146.441,88.8079,188.166,83.2445,196.122,142.917
154.523,150.806,149.559,86.2647,188.941,83.2353,193.906,147.777
157.812,152.54,148.592,81.085,186.921,76.1392,196.141,147.595
161.324,149.946,149.054,76.3243,185.865,70.1892,198.135,143.811
160,149,160,74,197,74,197,149
161.22,151.104,159.545,74.0534,197.288,73.2329,198.963,150.283
160,151,160,74,198,74,198,151
159.233,151.13,157.772,75.139,197.373,74.3774,198.834,150.369
159.411,151.264,156.374,75.345,195.751,73.77,198.788,149.689
158.445,152.242,155.102,75.3434,194.636,73.6245,197.979,150.523
158.445,152.242,155.102,75.3434,194.636,73.6245,197.979,150.523
158.68,149.659,153.808,73.3314,192.82,70.8413,197.692,147.169
158.68,149.659,153.808,73.3314,192.82,70.8413,197.692,147.169
158.68,149.659,153.808,73.3314,192.82,70.8413,197.692,147.169
158.68,149.659,153.808,73.3314,192.82,70.8413,197.692,147.169
159.807,151.572,154.497,75.4537,193.609,72.725,198.919,148.843
159.807,151.572,154.497,75.4537,193.609,72.725,198.919,148.843
160.8,151.6,154.476,75.7104,194.117,72.4069,200.441,148.297
160.991,151.715,153.254,75.8924,193.408,71.7951,201.145,147.618
159,154,159,75,197,75,197,154
159,154,159,75,197,75,197,154
159,154,159,75,197,75,197,154
159,154,159,75,197,75,197,154
158,151,158,75,196,75,196,151
158,151,158,75,196,75,196,151
158,151,158,75,196,75,196,151
158,151,158,75,196,75,196,151
158,151,158,75,196,75,196,151
158,151,158,75,196,75,196,151
158,151,158,75,196,75,196,151
158,151,158,75,196,75,196,151
158,151,158,75,196,75,196,151
158,151,158,75,196,75,196,151
158,151,158,75,196,75,196,151
158,151,158,75,196,75,196,151
158,151,158,75,196,75,196,151
158,151,158,75,196,75,196,151
158,151,158,75,196,75,196,151
158,151,158,75,196,75,196,151
158,151,158,75,196,75,196,151
158,151,158,75,196,75,196,151
158,151,158,75,196,75,196,151
158,151,158,75,196,75,196,151
157,154,157,78,195,78,195,154
157,154,157,78,195,78,195,154
156,151,156,73,195,73,195,151
192.636,152.201,153.079,150.788,155.907,71.6038,195.464,73.0166
155,151,155,72,195,72,195,151
155,151,155,72,195,72,195,151
154,146,154,70,195,70,195,146
153,144,153,70,193,70,193,144
159.105,150.226,138.468,75.6152,174.993,65.5126,195.63,140.124
182.712,149.278,152.892,148.715,154.572,59.7089,184.391,60.2715
157,147,157,58,187,58,187,147
186.668,137.638,153.426,136.193,156.9,56.3,190.141,57.7453
155,149,155,65,185,65,185,149
158,146,158,65,187,65,187,146
157,146,157,67,188,67,188,146
157.206,149.506,155.688,72.0649,188.479,71.422,189.997,148.863
188.019,151.592,154.905,150.087,158.468,71.7031,191.581,73.2083
186.926,154.633,153.812,153.128,157.516,71.6598,190.629,73.1649
186.472,155.025,153.511,153.29,157.851,70.8343,190.812,72.5691
186.472,155.025,153.511,153.29,157.815,71.5166,190.776,73.2514
186.472,155.025,153.511,153.29,157.815,71.5166,190.776,73.2514
186.472,155.025,153.511,153.29,157.815,71.5166,190.776,73.2514
186.472,155.025,153.511,153.29,157.815,71.5166,190.776,73.2514
186.472,155.025,153.511,153.29,157.815,71.5166,190.776,73.2514
186.472,155.025,153.511,153.29,157.815,71.5166,190.776,73.2514
186.472,155.025,153.511,153.29,157.815,71.5166,190.776,73.2514
186.047,157.935,152.913,156.463,156.548,74.6688,189.683,76.1415
186.047,157.935,152.913,156.463,156.548,74.6688,189.683,76.1415
186.047,157.935,152.913,156.463,156.548,74.6688,189.683,76.1415
180.779,162.389,149.17,161.557,151.375,77.7467,182.985,78.5786
177.867,166.322,145.337,165.508,147.407,82.7102,179.937,83.5234
176.87,166.338,144.206,165.542,146.223,82.8347,178.887,83.6314
176.87,166.338,144.206,165.542,146.223,82.8347,178.887,83.6314
176.87,166.338,144.206,165.542,146.223,82.8347,178.887,83.6314
175.054,164.448,142.495,163.755,144.218,82.7493,176.778,83.4421
144,166,144,83,176,83,176,166
144,166,144,83,176,83,176,166
144,166,144,83,176,83,176,166
176.649,164.595,144.072,163.608,146.464,84.6807,179.04,85.6679
175.697,164.908,143.449,163.254,147.487,84.5121,179.735,86.1659
175.697,164.908,143.449,163.254,147.487,84.5121,179.735,86.1659
175.697,164.908,143.449,163.254,147.487,84.5121,179.735,86.1659
176.876,163.302,143.792,161.02,149.082,84.316,182.166,86.5976
176.69,163.335,143.645,160.975,149.122,84.2944,182.167,86.6548
176.547,158.888,143.971,156.382,150.077,77.0059,182.653,79.5118
176.547,158.888,143.971,156.382,150.077,77.0059,182.653,79.5118
176.547,158.888,143.971,156.382,150.077,77.0059,182.653,79.5118
176.547,158.888,143.971,156.382,150.077,77.0059,182.653,79.5118
176.547,158.888,143.971,156.382,150.077,77.0059,182.653,79.5118
178.223,148.101,143.567,146.526,146.839,74.5381,181.495,76.1134
177.216,146.116,142.984,143.549,148.313,72.4984,182.545,75.0659
177.653,145.765,144.257,143.633,148.693,74.1506,182.088,76.2822
177.6,145.8,144.242,143.624,148.774,74.1374,182.132,76.313
178.086,141.813,145.461,140.931,147.331,71.7657,179.956,72.6474
178.086,141.813,145.461,140.931,147.331,71.7657,179.956,72.6474
179.816,137.806,146.651,136.91,148.469,69.6343,181.634,70.5307
148,135,148,68,181,68,181,135
147.175,128.167,145.568,62.3032,179.475,61.4762,181.081,127.34
147,127,147,61,180,61,180,127
148.12,126.293,146.639,61.1218,179.531,60.3743,181.012,125.545
147,130,147,64,180,64,180,130
178.599,135.413,146.35,133.397,150.49,67.1557,182.739,69.1712
180.342,136.541,147.121,134.25,151.748,67.155,184.969,69.4462
182.739,136.825,151.074,135.769,153.414,65.5804,185.079,66.6359
180.499,137.843,150.094,135.237,156.201,63.9887,186.606,66.5948
180.568,138.212,149.434,135.019,156.744,63.743,187.878,66.9362
152,134,152,62,184,62,184,134
176.397,135.348,143.718,131.795,151.394,61.1733,184.073,64.7254
169.191,141.267,135.241,132.411,153.474,62.515,187.425,71.3717
167.662,143.641,128.711,132.1,148.232,66.2169,187.183,77.7579
168.819,143.528,129.263,132.879,147.261,66.0317,186.817,76.6814
168.819,143.528,129.263,132.879,147.261,66.0317,186.817,76.6814
137,139,137,80,182,80,182,139
137,138,137,78,180,78,180,138
137,138,137,78,180,78,180,138
137,138,137,78,180,78,180,138
134,140,134,84,178,84,178,140
132,142,132,86,175,86,175,142
133,143,133,86,175,86,175,143
127,148,127,90,169,90,169,148
127,149,127,90,169,90,169,149
128.021,147.789,126.522,90.8284,168.861,89.7142,170.36,146.675
130,149,130,91,170,91,170,149
159.011,150.723,124.121,143.421,137.43,79.8342,172.32,87.1368
134,147,134,73,165,73,165,147
134,144,134,72,167,72,167,144
134,144,134,70,166,70,166,144
133,142,133,72,166,72,166,142
163.008,143.38,128.86,141.025,133.812,69.2284,167.96,71.5834
131,141,131,68,165,68,165,141
131,137,131,65,165,65,165,137
131,137,131,65,165,65,165,137
131,137,131,65,165,65,165,137
131,137,131,65,165,65,165,137
131,137,131,65,165,65,165,137
131,137,131,65,165,65,165,137
163.307,138.174,129.925,136.417,133.87,61.4668,167.251,63.2238
133,137,133,62,166,62,166,137
133,137,133,62,166,62,166,137
133,134,133,58,166,58,166,134
133,134,133,58,166,58,166,134
133,134,133,58,166,58,166,134
134,134,134,58,167,58,167,134
