1.0199,0,0,0,0,0,0,0,0,0,0,0,0,0,0
38.05,0,0,0,0,0,0,0,0,0,0,0,0,0,0
7.8458,0,0,0,0,0,0,0,0,0,0,0,0,0,0
11.24,0,0,0,0,0,0,0,0,0,0,0,0,0,0
11.219,0,0,0,0,0,0,0,0,0,0,0,0,0,0
11.175,0,0,0,0,0,0,0,0,0,0,0,0,0,0
11.43,0,0,0,0,0,0,0,0,0,0,0,0,0,0
11.301,0,0,0,0,0,0,0,0,0,0,0,0,0,0
11.326,0,0,0,0,0,0,0,0,0,0,0,0,0,0
11.423,0,0,0,0,0,0,0,0,0,0,0,0,0,0
11.27,0,0,0,0,0,0,0,0,0,0,0,0,0,0
11.315,0,0,0,0,0,0,0,0,0,0,0,0,0,0
13.413,0,0,0,0,0,0,0,0,0,0,0,0,0,0
12.359,0,0,0,0,0,0,0,0,0,0,0,0,0,0
12.38,0,0,0,0,0,0,0,0,0,0,0,0,0,0
13.014,0,0,0,0,0,0,0,0,0,0,0,0,0,0
12.714,0,0,0,0,0,0,0,0,0,0,0,0,0,0
12.404,0,0,0,0,0,0,0,0,0,0,0,0,0,0
12.682,0,0,0,0,0,0,0,0,0,0,0,0,0,0
13.154,0,0,0,0,0,0,0,0,0,0,0,0,0,0
12.995,0,0,0,0,0,0,0,0,0,0,0,0,0,0
13.236,0,0,0,0,0,0,0,0,0,0,0,0,0,0
12.581,0,0,0,0,0,0,0,0,0,0,0,0,0,0
12.453,0,0,0,0,0,0,0,0,0,0,0,0,0,0
12.449,0,0,0,0,0,0,0,0,0,0,0,0,0,0
12.375,0,0,0,0,0,0,0,0,0,0,0,0,0,0
12.724,0,0,0,0,0,0,0,0,0,0,0,0,0,0
12.27,0,0,0,0,0,0,0,0,0,0,0,0,0,0
12.059,0,0,0,0,0,0,0,0,0,0,0,0,0,0
13.04,0,0,0,0,0,0,0,0,0,0,0,0,0,0
12.772,0,0,0,0,0,0,0,0,0,0,0,0,0,0
13.163,0,0,0,0,0,0,0,0,0,0,0,0,0,0
12.21,0,0,0,0,0,0,0,0,0,0,0,0,0,0
12.369,0,0,0,0,0,0,0,0,0,0,0,0,0,0
13.203,0,0,0,0,0,0,0,0,0,0,0,0,0,0
12.858,0,0,0,0,0,0,0,0,0,0,0,0,0,0
9.2321,0,0,0,0,0,0,0,0,0,0,0,0,0,0
9.1152,0,0,0,0,0,0,0,0,0,0,0,0,0,0
12.939,0,0,0,0,0,0,0,0,0,0,0,0,0,0
9.1104,0,0,0,0,0,0,0,0,0,0,0,0,0,0
9.2669,0,0,0,0,0,0,0,0,0,0,0,0,0,0
8.7103,0,0,0,0,0,0,0,0,0,0,0,0,0,0
12.094,0,0,0,0,0,0,0,0,0,0,0,0,0,0
11.833,0,0,0,0,0,0,0,0,0,0,0,0,0,0
8.6956,0,0,0,0,0,0,0,0,0,0,0,0,0,0
8.2501,0,0,0,0,0,0,0,0,0,0,0,0,0,0
11.911,0,0,0,0,0,0,0,0,0,0,0,0,0,0
12.558,0,0,0,0,0,0,0,0,0,0,0,0,0,0
8.2193,0,0,0,0,0,0,0,0,0,0,0,0,0,0
11.569,0,0,0,0,0,0,0,0,0,0,0,0,0,0
11.518,0,0,0,0,0,0,0,0,0,0,0,0,0,0
8.3564,0,0,0,0,0,0,0,0,0,0,0,0,0,0
11.714,0,0,0,0,0,0,0,0,0,0,0,0,0,0
12.979,0,0,0,0,0,0,0,0,0,0,0,0,0,0
12.216,0,0,0,0,0,0,0,0,0,0,0,0,0,0
12.104,0,0,0,0,0,0,0,0,0,0,0,0,0,0
12.197,0,0,0,0,0,0,0,0,0,0,0,0,0,0
11.706,0,0,0,0,0,0,0,0,0,0,0,0,0,0
11.971,0,0,0,0,0,0,0,0,0,0,0,0,0,0
12.211,0,0,0,0,0,0,0,0,0,0,0,0,0,0
8.9779,0,0,0,0,0,0,0,0,0,0,0,0,0,0
12.668,0,0,0,0,0,0,0,0,0,0,0,0,0,0
12.461,0,0,0,0,0,0,0,0,0,0,0,0,0,0
8.7173,0,0,0,0,0,0,0,0,0,0,0,0,0,0
8.7166,0,0,0,0,0,0,0,0,0,0,0,0,0,0
12.321,0,0,0,0,0,0,0,0,0,0,0,0,0,0
8.8987,0,0,0,0,0,0,0,0,0,0,0,0,0,0
8.4365,0,0,0,0,0,0,0,0,0,0,0,0,0,0
8.469,0,0,0,0,0,0,0,0,0,0,0,0,0,0
12.139,0,0,0,0,0,0,0,0,0,0,0,0,0,0
8.8032,0,0,0,0,0,0,0,0,0,0,0,0,0,0
8.6941,0,0,0,0,0,0,0,0,0,0,0,0,0,0
8.776,0,0,0,0,0,0,0,0,0,0,0,0,0,0
8.4343,0,0,0,0,0,0,0,0,0,0,0,0,0,0
8.5598,0,0,0,0,0,0,0,0,0,0,0,0,0,0
12.109,0,0,0,0,0,0,0,0,0,0,0,0,0,0
8.7725,0,0,0,0,0,0,0,0,0,0,0,0,0,0
12.165,0,0,0,0,0,0,0,0,0,0,0,0,0,0
12.298,0,0,0,0,0,0,0,0,0,0,0,0,0,0
12.013,0,0,0,0,0,0,0,0,0,0,0,0,0,0
11.956,0,0,0,0,0,0,0,0,0,0,0,0,0,0
11.788,0,0,0,0,0,0,0,0,0,0,0,0,0,0
11.916,0,0,0,0,0,0,0,0,0,0,0,0,0,0
11.829,0,0,0,0,0,0,0,0,0,0,0,0,0,0
11.861,0,0,0,0,0,0,0,0,0,0,0,0,0,0
11.72,0,0,0,0,0,0,0,0,0,0,0,0,0,0
12.921,0,0,0,0,0,0,0,0,0,0,0,0,0,0
11.865,0,0,0,0,0,0,0,0,0,0,0,0,0,0
11.84,0,0,0,0,0,0,0,0,0,0,0,0,0,0
8.4252,0,0,0,0,0,0,0,0,0,0,0,0,0,0
11.933,0,0,0,0,0,0,0,0,0,0,0,0,0,0
8.6265,0,0,0,0,0,0,0,0,0,0,0,0,0,0
8.3533,0,0,0,0,0,0,0,0,0,0,0,0,0,0
8.1366,0,0,0,0,0,0,0,0,0,0,0,0,0,0
11.845,0,0,0,0,0,0,0,0,0,0,0,0,0,0
8.3522,0,0,0,0,0,0,0,0,0,0,0,0,0,0
12.063,0,0,0,0,0,0,0,0,0,0,0,0,0,0
8.3638,0,0,0,0,0,0,0,0,0,0,0,0,0,0
12.04,0,0,0,0,0,0,0,0,0,0,0,0,0,0
8.2787,0,0,0,0,0,0,0,0,0,0,0,0,0,0
8.0984,0,0,0,0,0,0,0,0,0,0,0,0,0,0
8.1912,0,0,0,0,0,0,0,0,0,0,0,0,0,0
11.829,0,0,0,0,0,0,0,0,0,0,0,0,0,0
8.2135,0,0,0,0,0,0,0,0,0,0,0,0,0,0
8.2174,0,0,0,0,0,0,0,0,0,0,0,0,0,0
8.1229,0,0,0,0,0,0,0,0,0,0,0,0,0,0
8.1168,0,0,0,0,0,0,0,0,0,0,0,0,0,0
8.4824,0,0,0,0,0,0,0,0,0,0,0,0,0,0
8.2863,0,0,0,0,0,0,0,0,0,0,0,0,0,0
8.2292,0,0,0,0,0,0,0,0,0,0,0,0,0,0
8.2133,0,0,0,0,0,0,0,0,0,0,0,0,0,0
8.1432,0,0,0,0,0,0,0,0,0,0,0,0,0,0
8.183,0,0,0,0,0,0,0,0,0,0,0,0,0,0
8.1132,0,0,0,0,0,0,0,0,0,0,0,0,0,0
8.1657,0,0,0,0,0,0,0,0,0,0,0,0,0,0
8.064,0,0,0,0,0,0,0,0,0,0,0,0,0,0
8.1677,0,0,0,0,0,0,0,0,0,0,0,0,0,0
8.2379,0,0,0,0,0,0,0,0,0,0,0,0,0,0
8.1058,0,0,0,0,0,0,0,0,0,0,0,0,0,0
8.2886,0,0,0,0,0,0,0,0,0,0,0,0,0,0
8.3133,0,0,0,0,0,0,0,0,0,0,0,0,0,0
8.1153,0,0,0,0,0,0,0,0,0,0,0,0,0,0
11.808,0,0,0,0,0,0,0,0,0,0,0,0,0,0
8.213,0,0,0,0,0,0,0,0,0,0,0,0,0,0
12.211,0,0,0,0,0,0,0,0,0,0,0,0,0,0
11.808,0,0,0,0,0,0,0,0,0,0,0,0,0,0
11.858,0,0,0,0,0,0,0,0,0,0,0,0,0,0
8.3074,0,0,0,0,0,0,0,0,0,0,0,0,0,0
11.868,0,0,0,0,0,0,0,0,0,0,0,0,0,0
11.871,0,0,0,0,0,0,0,0,0,0,0,0,0,0
11.933,0,0,0,0,0,0,0,0,0,0,0,0,0,0
12.184,0,0,0,0,0,0,0,0,0,0,0,0,0,0
11.819,0,0,0,0,0,0,0,0,0,0,0,0,0,0
11.816,0,0,0,0,0,0,0,0,0,0,0,0,0,0
11.861,0,0,0,0,0,0,0,0,0,0,0,0,0,0
11.75,0,0,0,0,0,0,0,0,0,0,0,0,0,0
11.83,0,0,0,0,0,0,0,0,0,0,0,0,0,0
12.432,0,0,0,0,0,0,0,0,0,0,0,0,0,0
12.125,0,0,0,0,0,0,0,0,0,0,0,0,0,0
11.952,0,0,0,0,0,0,0,0,0,0,0,0,0,0
12.068,0,0,0,0,0,0,0,0,0,0,0,0,0,0
8.5497,0,0,0,0,0,0,0,0,0,0,0,0,0,0
8.2793,0,0,0,0,0,0,0,0,0,0,0,0,0,0
8.1689,0,0,0,0,0,0,0,0,0,0,0,0,0,0
8.2234,0,0,0,0,0,0,0,0,0,0,0,0,0,0
8.1509,0,0,0,0,0,0,0,0,0,0,0,0,0,0
8.2006,0,0,0,0,0,0,0,0,0,0,0,0,0,0
8.1803,0,0,0,0,0,0,0,0,0,0,0,0,0,0
11.888,0,0,0,0,0,0,0,0,0,0,0,0,0,0
8.2842,0,0,0,0,0,0,0,0,0,0,0,0,0,0
8.2588,0,0,0,0,0,0,0,0,0,0,0,0,0,0
11.945,0,0,0,0,0,0,0,0,0,0,0,0,0,0
11.901,0,0,0,0,0,0,0,0,0,0,0,0,0,0
11.832,0,0,0,0,0,0,0,0,0,0,0,0,0,0
8.1613,0,0,0,0,0,0,0,0,0,0,0,0,0,0
8.2786,0,0,0,0,0,0,0,0,0,0,0,0,0,0
11.885,0,0,0,0,0,0,0,0,0,0,0,0,0,0
11.85,0,0,0,0,0,0,0,0,0,0,0,0,0,0
8.2462,0,0,0,0,0,0,0,0,0,0,0,0,0,0
8.1261,0,0,0,0,0,0,0,0,0,0,0,0,0,0
12.028,0,0,0,0,0,0,0,0,0,0,0,0,0,0
8.2859,0,0,0,0,0,0,0,0,0,0,0,0,0,0
8.1205,0,0,0,0,0,0,0,0,0,0,0,0,0,0
8.0783,0,0,0,0,0,0,0,0,0,0,0,0,0,0
11.809,0,0,0,0,0,0,0,0,0,0,0,0,0,0
8.3502,0,0,0,0,0,0,0,0,0,0,0,0,0,0
11.812,0,0,0,0,0,0,0,0,0,0,0,0,0,0
8.1953,0,0,0,0,0,0,0,0,0,0,0,0,0,0
8.1437,0,0,0,0,0,0,0,0,0,0,0,0,0,0
8.1315,0,0,0,0,0,0,0,0,0,0,0,0,0,0
8.0512,0,0,0,0,0,0,0,0,0,0,0,0,0,0
11.76,0,0,0,0,0,0,0,0,0,0,0,0,0,0
12.165,0,0,0,0,0,0,0,0,0,0,0,0,0,0
11.912,0,0,0,0,0,0,0,0,0,0,0,0,0,0
8.3332,0,0,0,0,0,0,0,0,0,0,0,0,0,0
11.931,0,0,0,0,0,0,0,0,0,0,0,0,0,0
8.1363,0,0,0,0,0,0,0,0,0,0,0,0,0,0
11.914,0,0,0,0,0,0,0,0,0,0,0,0,0,0
11.809,0,0,0,0,0,0,0,0,0,0,0,0,0,0
11.787,0,0,0,0,0,0,0,0,0,0,0,0,0,0
11.782,0,0,0,0,0,0,0,0,0,0,0,0,0,0
12.227,0,0,0,0,0,0,0,0,0,0,0,0,0,0
12.527,0,0,0,0,0,0,0,0,0,0,0,0,0,0
11.823,0,0,0,0,0,0,0,0,0,0,0,0,0,0
12.102,0,0,0,0,0,0,0,0,0,0,0,0,0,0
12.111,0,0,0,0,0,0,0,0,0,0,0,0,0,0
12.011,0,0,0,0,0,0,0,0,0,0,0,0,0,0
11.905,0,0,0,0,0,0,0,0,0,0,0,0,0,0
11.979,0,0,0,0,0,0,0,0,0,0,0,0,0,0
12.306,0,0,0,0,0,0,0,0,0,0,0,0,0,0
12.463,0,0,0,0,0,0,0,0,0,0,0,0,0,0
13.03,0,0,0,0,0,0,0,0,0,0,0,0,0,0
10.122,0,0,0,0,0,0,0,0,0,0,0,0,0,0
8.8903,0,0,0,0,0,0,0,0,0,0,0,0,0,0
13.356,0,0,0,0,0,0,0,0,0,0,0,0,0,0
12.273,0,0,0,0,0,0,0,0,0,0,0,0,0,0
7.9485,0,0,0,0,0,0,0,0,0,0,0,0,0,0
8.1684,0,0,0,0,0,0,0,0,0,0,0,0,0,0
12.022,0,0,0,0,0,0,0,0,0,0,0,0,0,0
12.005,0,0,0,0,0,0,0,0,0,0,0,0,0,0
8.6017,0,0,0,0,0,0,0,0,0,0,0,0,0,0
11.874,0,0,0,0,0,0,0,0,0,0,0,0,0,0
8.2058,0,0,0,0,0,0,0,0,0,0,0,0,0,0
12.648,0,0,0,0,0,0,0,0,0,0,0,0,0,0
11.968,0,0,0,0,0,0,0,0,0,0,0,0,0,0
11.09,0,0,0,0,0,0,0,0,0,0,0,0,0,0
11.696,0,0,0,0,0,0,0,0,0,0,0,0,0,0
11.12,0,0,0,0,0,0,0,0,0,0,0,0,0,0
11.629,0,0,0,0,0,0,0,0,0,0,0,0,0,0
11.575,0,0,0,0,0,0,0,0,0,0,0,0,0,0
11.881,0,0,0,0,0,0,0,0,0,0,0,0,0,0
11.642,0,0,0,0,0,0,0,0,0,0,0,0,0,0
11.305,0,0,0,0,0,0,0,0,0,0,0,0,0,0
7.6622,0,0,0,0,0,0,0,0,0,0,0,0,0,0
9.0291,0,0,0,0,0,0,0,0,0,0,0,0,0,0
8.181,0,0,0,0,0,0,0,0,0,0,0,0,0,0
8.1737,0,0,0,0,0,0,0,0,0,0,0,0,0,0
8.1657,0,0,0,0,0,0,0,0,0,0,0,0,0,0
11.508,0,0,0,0,0,0,0,0,0,0,0,0,0,0
11.774,0,0,0,0,0,0,0,0,0,0,0,0,0,0
7.8859,0,0,0,0,0,0,0,0,0,0,0,0,0,0
11.35,0,0,0,0,0,0,0,0,0,0,0,0,0,0
7.8048,0,0,0,0,0,0,0,0,0,0,0,0,0,0
7.9044,0,0,0,0,0,0,0,0,0,0,0,0,0,0
11.91,0,0,0,0,0,0,0,0,0,0,0,0,0,0
